 1.00000000e+00  3.84493280e+01 
 1.25892541e+00  3.84493280e+01 
 1.58489319e+00  3.84493280e+01 
 1.99526231e+00  3.84493280e+01 
 2.51188643e+00  3.84493279e+01 
 3.16227766e+00  3.84493279e+01 
 3.98107171e+00  3.84493279e+01 
 5.01187234e+00  3.84493278e+01 
 6.30957344e+00  3.84493276e+01 
 7.94328235e+00  3.84493274e+01 
 1.00000000e+01  3.84493271e+01 
 1.25892541e+01  3.84493266e+01 
 1.58489319e+01  3.84493257e+01 
 1.99526231e+01  3.84493244e+01 
 2.51188643e+01  3.84493222e+01 
 3.16227766e+01  3.84493188e+01 
 3.98107171e+01  3.84493135e+01 
 5.01187234e+01  3.84493050e+01 
 6.30957344e+01  3.84492915e+01 
 7.94328235e+01  3.84492702e+01 
 1.00000000e+02  3.84492363e+01 
 1.25892541e+02  3.84491827e+01 
 1.58489319e+02  3.84490978e+01 
 1.99526231e+02  3.84489631e+01 
 2.51188643e+02  3.84487497e+01 
 3.16227766e+02  3.84484115e+01 
 3.98107171e+02  3.84478755e+01 
 5.01187234e+02  3.84470262e+01 
 6.30957344e+02  3.84456804e+01 
 7.94328235e+02  3.84435484e+01 
 1.00000000e+03  3.84401715e+01 
 1.25892541e+03  3.84348249e+01 
 1.58489319e+03  3.84263645e+01 
 1.99526231e+03  3.84129894e+01 
 2.51188643e+03  3.83918753e+01 
 3.16227766e+03  3.83586205e+01 
 3.98107171e+03  3.83064313e+01 
 5.01187234e+03  3.82249807e+01 
 6.30957344e+03  3.80989400e+01 
 7.94328235e+03  3.79063824e+01 
 1.00000000e+04  3.76176781e+01 
 1.25892541e+04  3.71961272e+01 
 1.58489319e+04  3.66019764e+01 
 1.99526231e+04  3.58005891e+01 
 2.51188643e+04  3.47726258e+01 
 3.16227766e+04  3.35209123e+01 
 3.98107171e+04  3.20693842e+01 
 5.01187234e+04  3.04548606e+01 
 6.30957344e+04  2.87169520e+01 
 7.94328235e+04  2.68908477e+01 
 1.00000000e+05  2.50042629e+01 
 1.25892541e+05  2.30773777e+01 
 1.58489319e+05  2.11241514e+01 
 1.99526231e+05  1.91539249e+01 
 2.51188643e+05  1.71728163e+01 
 3.16227766e+05  1.51847783e+01 
 3.98107171e+05  1.31923427e+01 
 5.01187234e+05  1.11971221e+01 
 6.30957344e+05  9.20014010e+00 
 7.94328235e+05  7.20204497e+00 
 1.00000000e+06  5.20324657e+00 
 1.25892541e+06  3.20400377e+00 
 1.58489319e+06  1.20447980e+00 
 1.99526231e+06 -7.95222683e-01 
 2.51188643e+06 -2.79503948e+00 
 3.16227766e+06 -4.79493105e+00 
 3.98107171e+06 -6.79487402e+00 
 5.01187234e+06 -8.79485605e+00 
 6.30957344e+06 -1.07948733e+01 
 7.94328235e+06 -1.27949294e+01 
 1.00000000e+07 -1.47950366e+01 
 1.25892541e+07 -1.67952180e+01 
 1.58489319e+07 -1.87955126e+01 
 1.99526231e+07 -2.07959842e+01 
 2.51188643e+07 -2.27967343e+01 
 3.16227766e+07 -2.47979248e+01 
 3.98107171e+07 -2.67998122e+01 
 5.01187234e+07 -2.88028029e+01 
 6.30957344e+07 -3.08075398e+01 
 7.94328235e+07 -3.28150389e+01 
 1.00000000e+08 -3.48269025e+01 
 1.25892541e+08 -3.68456506e+01 
 1.58489319e+08 -3.88752286e+01 
 1.99526231e+08 -4.09217696e+01 
 2.51188643e+08 -4.29947014e+01 
 3.16227766e+08 -4.51082656e+01 
 3.98107171e+08 -4.72833958e+01 
 5.01187234e+08 -4.95495909e+01 
 6.30957344e+08 -5.19457964e+01 
 7.94328235e+08 -5.45184580e+01 
 1.00000000e+09 -5.73143252e+01 
