 1.00000000e+00  3.84497617e+01 
 1.25892541e+00  3.84497617e+01 
 1.58489319e+00  3.84497617e+01 
 1.99526231e+00  3.84497617e+01 
 2.51188643e+00  3.84497616e+01 
 3.16227766e+00  3.84497616e+01 
 3.98107171e+00  3.84497616e+01 
 5.01187234e+00  3.84497615e+01 
 6.30957344e+00  3.84497613e+01 
 7.94328235e+00  3.84497611e+01 
 1.00000000e+01  3.84497608e+01 
 1.25892541e+01  3.84497602e+01 
 1.58489319e+01  3.84497594e+01 
 1.99526231e+01  3.84497580e+01 
 2.51188643e+01  3.84497559e+01 
 3.16227766e+01  3.84497525e+01 
 3.98107171e+01  3.84497471e+01 
 5.01187234e+01  3.84497386e+01 
 6.30957344e+01  3.84497251e+01 
 7.94328235e+01  3.84497037e+01 
 1.00000000e+02  3.84496698e+01 
 1.25892541e+02  3.84496161e+01 
 1.58489319e+02  3.84495309e+01 
 1.99526231e+02  3.84493959e+01 
 2.51188643e+02  3.84491820e+01 
 3.16227766e+02  3.84488430e+01 
 3.98107171e+02  3.84483057e+01 
 5.01187234e+02  3.84474544e+01 
 6.30957344e+02  3.84461054e+01 
 7.94328235e+02  3.84439683e+01 
 1.00000000e+03  3.84405833e+01 
 1.25892541e+03  3.84352239e+01 
 1.58489319e+03  3.84267433e+01 
 1.99526231e+03  3.84133364e+01 
 2.51188643e+03  3.83921722e+01 
 3.16227766e+03  3.83588390e+01 
 3.98107171e+03  3.83065281e+01 
 5.01187234e+03  3.82248903e+01 
 6.30957344e+03  3.80985668e+01 
 7.94328235e+03  3.79055928e+01 
 1.00000000e+04  3.76162978e+01 
 1.25892541e+04  3.71939521e+01 
 1.58489319e+04  3.65988045e+01 
 1.99526231e+04  3.57962718e+01 
 2.51188643e+04  3.47671177e+01 
 3.16227766e+04  3.35142878e+01 
 3.98107171e+04  3.20618104e+01 
 5.01187234e+04  3.04465443e+01 
 6.30957344e+04  2.87080919e+01 
 7.94328235e+04  2.68816084e+01 
 1.00000000e+05  2.49947679e+01 
 1.25892541e+05  2.30677142e+01 
 1.58489319e+05  2.11143787e+01 
 1.99526231e+05  1.91440819e+01 
 2.51188643e+05  1.71629283e+01 
 3.16227766e+05  1.51748614e+01 
 3.98107171e+05  1.31824072e+01 
 5.01187234e+05  1.11871742e+01 
 6.30957344e+05  9.19018344e+00 
 7.94328235e+05  7.19208127e+00 
 1.00000000e+06  5.19327605e+00 
 1.25892541e+06  3.19402518e+00 
 1.58489319e+06  1.19449015e+00 
 1.99526231e+06 -8.05228765e-01 
 2.51188643e+06 -2.80507091e+00 
 3.16227766e+06 -4.80500224e+00 
 3.98107171e+06 -6.80500792e+00 
 5.01187234e+06 -8.80508919e+00 
 6.30957344e+06 -1.08052636e+01 
 7.94328235e+06 -1.28055688e+01 
 1.00000000e+07 -1.48060705e+01 
 1.25892541e+07 -1.68068772e+01 
 1.58489319e+07 -1.88081629e+01 
 1.99526231e+07 -2.08102049e+01 
 2.51188643e+07 -2.28134434e+01 
 3.16227766e+07 -2.48185765e+01 
 3.98107171e+07 -2.68267093e+01 
 5.01187234e+07 -2.88395900e+01 
 6.30957344e+07 -3.08599811e+01 
 7.94328235e+07 -3.28922388e+01 
 1.00000000e+08 -3.49432118e+01 
 1.25892541e+08 -3.70236147e+01 
 1.58489319e+08 -3.91500735e+01 
 1.99526231e+08 -4.13480324e+01 
 2.51188643e+08 -4.36555064e+01 
 3.16227766e+08 -4.61268643e+01 
 3.98107171e+08 -4.88335541e+01 
 5.01187234e+08 -5.18534635e+01 
 6.30957344e+08 -5.52323396e+01 
 7.94328235e+08 -5.89007617e+01 
 1.00000000e+09 -6.25892328e+01 
