 1.00000000e+00  3.73963636e-05 
 1.02329299e+00  3.70348860e-05 
 1.04712855e+00  3.66769079e-05 
 1.07151931e+00  3.63223956e-05 
 1.09647820e+00  3.59713154e-05 
 1.12201845e+00  3.56236340e-05 
 1.14815362e+00  3.52793183e-05 
 1.17489755e+00  3.49383359e-05 
 1.20226443e+00  3.46006542e-05 
 1.23026877e+00  3.42662414e-05 
 1.25892541e+00  3.39350656e-05 
 1.28824955e+00  3.36070955e-05 
 1.31825674e+00  3.32823001e-05 
 1.34896288e+00  3.29606484e-05 
 1.38038426e+00  3.26421101e-05 
 1.41253754e+00  3.23266548e-05 
 1.44543977e+00  3.20142528e-05 
 1.47910839e+00  3.17048744e-05 
 1.51356125e+00  3.13984902e-05 
 1.54881662e+00  3.10950713e-05 
 1.58489319e+00  3.07945888e-05 
 1.62181010e+00  3.04970144e-05 
 1.65958691e+00  3.02023198e-05 
 1.69824365e+00  2.99104770e-05 
 1.73780083e+00  2.96214585e-05 
 1.77827941e+00  2.93352368e-05 
 1.81970086e+00  2.90517848e-05 
 1.86208714e+00  2.87710757e-05 
 1.90546072e+00  2.84930829e-05 
 1.94984460e+00  2.82177800e-05 
 1.99526231e+00  2.79451409e-05 
 2.04173794e+00  2.76751399e-05 
 2.08929613e+00  2.74077513e-05 
 2.13796209e+00  2.71429499e-05 
 2.18776162e+00  2.68807105e-05 
 2.23872114e+00  2.66210083e-05 
 2.29086765e+00  2.63638187e-05 
 2.34422882e+00  2.61091174e-05 
 2.39883292e+00  2.58568802e-05 
 2.45470892e+00  2.56070833e-05 
 2.51188643e+00  2.53597030e-05 
 2.57039578e+00  2.51147158e-05 
 2.63026799e+00  2.48720986e-05 
 2.69153480e+00  2.46318285e-05 
 2.75422870e+00  2.43938826e-05 
 2.81838293e+00  2.41582384e-05 
 2.88403150e+00  2.39248737e-05 
 2.95120923e+00  2.36937663e-05 
 3.01995172e+00  2.34648944e-05 
 3.09029543e+00  2.32382363e-05 
 3.16227766e+00  2.30137706e-05 
 3.23593657e+00  2.27914759e-05 
 3.31131121e+00  2.25713313e-05 
 3.38844156e+00  2.23533160e-05 
 3.46736850e+00  2.21374092e-05 
 3.54813389e+00  2.19235907e-05 
 3.63078055e+00  2.17118400e-05 
 3.71535229e+00  2.15021373e-05 
 3.80189396e+00  2.12944626e-05 
 3.89045145e+00  2.10887964e-05 
 3.98107171e+00  2.08851191e-05 
 4.07380278e+00  2.06834115e-05 
 4.16869383e+00  2.04836545e-05 
 4.26579519e+00  2.02858292e-05 
 4.36515832e+00  2.00899169e-05 
 4.46683592e+00  1.98958991e-05 
 4.57088190e+00  1.97037574e-05 
 4.67735141e+00  1.95134736e-05 
 4.78630092e+00  1.93250298e-05 
 4.89778819e+00  1.91384081e-05 
 5.01187234e+00  1.89535909e-05 
 5.12861384e+00  1.87705606e-05 
 5.24807460e+00  1.85893001e-05 
 5.37031796e+00  1.84097921e-05 
 5.49540874e+00  1.82320197e-05 
 5.62341325e+00  1.80559661e-05 
 5.75439937e+00  1.78816145e-05 
 5.88843655e+00  1.77089486e-05 
 6.02559586e+00  1.75379521e-05 
 6.16595002e+00  1.73686087e-05 
 6.30957344e+00  1.72009024e-05 
 6.45654229e+00  1.70348174e-05 
 6.60693448e+00  1.68703380e-05 
 6.76082975e+00  1.67074486e-05 
 6.91830971e+00  1.65461339e-05 
 7.07945784e+00  1.63863786e-05 
 7.24435960e+00  1.62281675e-05 
 7.41310241e+00  1.60714859e-05 
 7.58577575e+00  1.59163187e-05 
 7.76247117e+00  1.57626515e-05 
 7.94328235e+00  1.56104696e-05 
 8.12830516e+00  1.54597586e-05 
 8.31763771e+00  1.53105044e-05 
 8.51138038e+00  1.51626929e-05 
 8.70963590e+00  1.50163100e-05 
 8.91250938e+00  1.48713419e-05 
 9.12010839e+00  1.47277750e-05 
 9.33254301e+00  1.45855956e-05 
 9.54992586e+00  1.44447904e-05 
 9.77237221e+00  1.43053460e-05 
 1.00000000e+01  1.41672493e-05 
 1.02329299e+01  1.40304873e-05 
 1.04712855e+01  1.38950469e-05 
 1.07151931e+01  1.37609155e-05 
 1.09647820e+01  1.36280802e-05 
 1.12201845e+01  1.34965287e-05 
 1.14815362e+01  1.33662485e-05 
 1.17489755e+01  1.32372273e-05 
 1.20226443e+01  1.31094528e-05 
 1.23026877e+01  1.29829131e-05 
 1.25892541e+01  1.28575961e-05 
 1.28824955e+01  1.27334901e-05 
 1.31825674e+01  1.26105832e-05 
 1.34896288e+01  1.24888640e-05 
 1.38038426e+01  1.23683210e-05 
 1.41253754e+01  1.22489426e-05 
 1.44543977e+01  1.21307178e-05 
 1.47910839e+01  1.20136352e-05 
 1.51356125e+01  1.18976839e-05 
 1.54881662e+01  1.17828530e-05 
 1.58489319e+01  1.16691315e-05 
 1.62181010e+01  1.15565087e-05 
 1.65958691e+01  1.14449740e-05 
 1.69824365e+01  1.13345169e-05 
 1.73780083e+01  1.12251270e-05 
 1.77827941e+01  1.11167939e-05 
 1.81970086e+01  1.10095074e-05 
 1.86208714e+01  1.09032574e-05 
 1.90546072e+01  1.07980338e-05 
 1.94984460e+01  1.06938267e-05 
 1.99526231e+01  1.05906264e-05 
 2.04173794e+01  1.04884230e-05 
 2.08929613e+01  1.03872069e-05 
 2.13796209e+01  1.02869685e-05 
 2.18776162e+01  1.01876984e-05 
 2.23872114e+01  1.00893873e-05 
 2.29086765e+01  9.99202585e-06 
 2.34422882e+01  9.89560484e-06 
 2.39883292e+01  9.80011521e-06 
 2.45470892e+01  9.70554794e-06 
 2.51188643e+01  9.61189412e-06 
 2.57039578e+01  9.51914490e-06 
 2.63026799e+01  9.42729155e-06 
 2.69153480e+01  9.33632538e-06 
 2.75422870e+01  9.24623783e-06 
 2.81838293e+01  9.15702040e-06 
 2.88403150e+01  9.06866467e-06 
 2.95120923e+01  8.98116230e-06 
 3.01995172e+01  8.89450505e-06 
 3.09029543e+01  8.80868474e-06 
 3.16227766e+01  8.72369329e-06 
 3.23593657e+01  8.63952266e-06 
 3.31131121e+01  8.55616493e-06 
 3.38844156e+01  8.47361224e-06 
 3.46736850e+01  8.39185680e-06 
 3.54813389e+01  8.31089089e-06 
 3.63078055e+01  8.23070690e-06 
 3.71535229e+01  8.15129725e-06 
 3.80189396e+01  8.07265447e-06 
 3.89045145e+01  7.99477112e-06 
 3.98107171e+01  7.91763988e-06 
 4.07380278e+01  7.84125347e-06 
 4.16869383e+01  7.76560469e-06 
 4.26579519e+01  7.69068641e-06 
 4.36515832e+01  7.61649156e-06 
 4.46683592e+01  7.54301315e-06 
 4.57088190e+01  7.47024425e-06 
 4.67735141e+01  7.39817801e-06 
 4.78630092e+01  7.32680763e-06 
 4.89778819e+01  7.25612639e-06 
 5.01187234e+01  7.18612762e-06 
 5.12861384e+01  7.11680472e-06 
 5.24807460e+01  7.04815116e-06 
 5.37031796e+01  6.98016048e-06 
 5.49540874e+01  6.91282626e-06 
 5.62341325e+01  6.84614216e-06 
 5.75439937e+01  6.78010189e-06 
 5.88843655e+01  6.71469923e-06 
 6.02559586e+01  6.64992802e-06 
 6.16595002e+01  6.58578215e-06 
 6.30957344e+01  6.52225558e-06 
 6.45654229e+01  6.45934232e-06 
 6.60693448e+01  6.39703645e-06 
 6.76082975e+01  6.33533210e-06 
 6.91830971e+01  6.27422345e-06 
 7.07945784e+01  6.21370474e-06 
 7.24435960e+01  6.15377027e-06 
 7.41310241e+01  6.09441440e-06 
 7.58577575e+01  6.03563153e-06 
 7.76247117e+01  5.97741613e-06 
 7.94328235e+01  5.91976271e-06 
 8.12830516e+01  5.86266585e-06 
 8.31763771e+01  5.80612015e-06 
 8.51138038e+01  5.75012031e-06 
 8.70963590e+01  5.69466103e-06 
 8.91250938e+01  5.63973710e-06 
 9.12010839e+01  5.58534335e-06 
 9.33254301e+01  5.53147465e-06 
 9.54992586e+01  5.47812593e-06 
 9.77237221e+01  5.42529216e-06 
 1.00000000e+02  5.37296836e-06 
 1.02329299e+02  5.32114962e-06 
 1.04712855e+02  5.26983105e-06 
 1.07151931e+02  5.21900781e-06 
 1.09647820e+02  5.16867513e-06 
 1.12201845e+02  5.11882826e-06 
 1.14815362e+02  5.06946250e-06 
 1.17489755e+02  5.02057322e-06 
 1.20226443e+02  4.97215580e-06 
 1.23026877e+02  4.92420569e-06 
 1.25892541e+02  4.87671837e-06 
 1.28824955e+02  4.82968937e-06 
 1.31825674e+02  4.78311426e-06 
 1.34896288e+02  4.73698866e-06 
 1.38038426e+02  4.69130823e-06 
 1.41253754e+02  4.64606866e-06 
 1.44543977e+02  4.60126570e-06 
 1.47910839e+02  4.55689513e-06 
 1.51356125e+02  4.51295277e-06 
 1.54881662e+02  4.46943448e-06 
 1.58489319e+02  4.42633617e-06 
 1.62181010e+02  4.38365378e-06 
 1.65958691e+02  4.34138330e-06 
 1.69824365e+02  4.29952074e-06 
 1.73780083e+02  4.25806217e-06 
 1.77827941e+02  4.21700368e-06 
 1.81970086e+02  4.17634140e-06 
 1.86208714e+02  4.13607152e-06 
 1.90546072e+02  4.09619024e-06 
 1.94984460e+02  4.05669381e-06 
 1.99526231e+02  4.01757850e-06 
 2.04173794e+02  3.97884065e-06 
 2.08929613e+02  3.94047660e-06 
 2.13796209e+02  3.90248274e-06 
 2.18776162e+02  3.86485550e-06 
 2.23872114e+02  3.82759134e-06 
 2.29086765e+02  3.79068675e-06 
 2.34422882e+02  3.75413826e-06 
 2.39883292e+02  3.71794243e-06 
 2.45470892e+02  3.68209585e-06 
 2.51188643e+02  3.64659515e-06 
 2.57039578e+02  3.61143699e-06 
 2.63026799e+02  3.57661806e-06 
 2.69153480e+02  3.54213509e-06 
 2.75422870e+02  3.50798483e-06 
 2.81838293e+02  3.47416408e-06 
 2.88403150e+02  3.44066964e-06 
 2.95120923e+02  3.40749836e-06 
 3.01995172e+02  3.37464713e-06 
 3.09029543e+02  3.34211286e-06 
 3.16227766e+02  3.30989248e-06 
 3.23593657e+02  3.27798297e-06 
 3.31131121e+02  3.24638132e-06 
 3.38844156e+02  3.21508456e-06 
 3.46736850e+02  3.18408974e-06 
 3.54813389e+02  3.15339396e-06 
 3.63078055e+02  3.12299432e-06 
 3.71535229e+02  3.09288796e-06 
 3.80189396e+02  3.06307206e-06 
 3.89045145e+02  3.03354380e-06 
 3.98107171e+02  3.00430041e-06 
 4.07380278e+02  2.97533915e-06 
 4.16869383e+02  2.94665728e-06 
 4.26579519e+02  2.91825211e-06 
 4.36515832e+02  2.89012097e-06 
 4.46683592e+02  2.86226121e-06 
 4.57088190e+02  2.83467022e-06 
 4.67735141e+02  2.80734539e-06 
 4.78630092e+02  2.78028416e-06 
 4.89778819e+02  2.75348399e-06 
 5.01187234e+02  2.72694235e-06 
 5.12861384e+02  2.70065674e-06 
 5.24807460e+02  2.67462471e-06 
 5.37031796e+02  2.64884379e-06 
 5.49540874e+02  2.62331157e-06 
 5.62341325e+02  2.59802564e-06 
 5.75439937e+02  2.57298363e-06 
 5.88843655e+02  2.54818317e-06 
 6.02559586e+02  2.52362196e-06 
 6.16595002e+02  2.49929766e-06 
 6.30957344e+02  2.47520799e-06 
 6.45654229e+02  2.45135070e-06 
 6.60693448e+02  2.42772353e-06 
 6.76082975e+02  2.40432427e-06 
 6.91830971e+02  2.38115072e-06 
 7.07945784e+02  2.35820069e-06 
 7.24435960e+02  2.33547203e-06 
 7.41310241e+02  2.31296261e-06 
 7.58577575e+02  2.29067030e-06 
 7.76247117e+02  2.26859302e-06 
 7.94328235e+02  2.24672868e-06 
 8.12830516e+02  2.22507524e-06 
 8.31763771e+02  2.20363065e-06 
 8.51138038e+02  2.18239290e-06 
 8.70963590e+02  2.16136000e-06 
 8.91250938e+02  2.14052996e-06 
 9.12010839e+02  2.11990084e-06 
 9.33254301e+02  2.09947069e-06 
 9.54992586e+02  2.07923759e-06 
 9.77237221e+02  2.05919964e-06 
 1.00000000e+03  2.03935495e-06 
 1.02329299e+03  2.01970167e-06 
 1.04712855e+03  2.00023794e-06 
 1.07151931e+03  1.98096194e-06 
 1.09647820e+03  1.96187185e-06 
 1.12201845e+03  1.94296588e-06 
 1.14815362e+03  1.92424226e-06 
 1.17489755e+03  1.90569922e-06 
 1.20226443e+03  1.88733502e-06 
 1.23026877e+03  1.86914794e-06 
 1.25892541e+03  1.85113627e-06 
 1.28824955e+03  1.83329831e-06 
 1.31825674e+03  1.81563239e-06 
 1.34896288e+03  1.79813684e-06 
 1.38038426e+03  1.78081004e-06 
 1.41253754e+03  1.76365034e-06 
 1.44543977e+03  1.74665613e-06 
 1.47910839e+03  1.72982582e-06 
 1.51356125e+03  1.71315783e-06 
 1.54881662e+03  1.69665060e-06 
 1.58489319e+03  1.68030256e-06 
 1.62181010e+03  1.66411218e-06 
 1.65958691e+03  1.64807795e-06 
 1.69824365e+03  1.63219836e-06 
 1.73780083e+03  1.61647191e-06 
 1.77827941e+03  1.60089713e-06 
 1.81970086e+03  1.58547255e-06 
 1.86208714e+03  1.57019673e-06 
 1.90546072e+03  1.55506823e-06 
 1.94984460e+03  1.54008563e-06 
 1.99526231e+03  1.52524753e-06 
 2.04173794e+03  1.51055252e-06 
 2.08929613e+03  1.49599923e-06 
 2.13796209e+03  1.48158629e-06 
 2.18776162e+03  1.46731235e-06 
 2.23872114e+03  1.45317607e-06 
 2.29086765e+03  1.43917611e-06 
 2.34422882e+03  1.42531117e-06 
 2.39883292e+03  1.41157994e-06 
 2.45470892e+03  1.39798114e-06 
 2.51188643e+03  1.38451348e-06 
 2.57039578e+03  1.37117570e-06 
 2.63026799e+03  1.35796654e-06 
 2.69153480e+03  1.34488478e-06 
 2.75422870e+03  1.33192917e-06 
 2.81838293e+03  1.31909851e-06 
 2.88403150e+03  1.30639158e-06 
 2.95120923e+03  1.29380720e-06 
 3.01995172e+03  1.28134418e-06 
 3.09029543e+03  1.26900135e-06 
 3.16227766e+03  1.25677755e-06 
 3.23593657e+03  1.24467164e-06 
 3.31131121e+03  1.23268247e-06 
 3.38844156e+03  1.22080893e-06 
 3.46736850e+03  1.20904990e-06 
 3.54813389e+03  1.19740427e-06 
 3.63078055e+03  1.18587094e-06 
 3.71535229e+03  1.17444885e-06 
 3.80189396e+03  1.16313691e-06 
 3.89045145e+03  1.15193406e-06 
 3.98107171e+03  1.14083925e-06 
 4.07380278e+03  1.12985144e-06 
 4.16869383e+03  1.11896960e-06 
 4.26579519e+03  1.10819270e-06 
 4.36515832e+03  1.09751974e-06 
 4.46683592e+03  1.08694971e-06 
 4.57088190e+03  1.07648162e-06 
 4.67735141e+03  1.06611448e-06 
 4.78630092e+03  1.05584733e-06 
 4.89778819e+03  1.04567919e-06 
 5.01187234e+03  1.03560912e-06 
 5.12861384e+03  1.02563617e-06 
 5.24807460e+03  1.01575941e-06 
 5.37031796e+03  1.00597790e-06 
 5.49540874e+03  9.96290724e-07 
 5.62341325e+03  9.86696979e-07 
 5.75439937e+03  9.77195763e-07 
 5.88843655e+03  9.67786182e-07 
 6.02559586e+03  9.58467355e-07 
 6.16595002e+03  9.49238405e-07 
 6.30957344e+03  9.40098467e-07 
 6.45654229e+03  9.31046682e-07 
 6.60693448e+03  9.22082202e-07 
 6.76082975e+03  9.13204185e-07 
 6.91830971e+03  9.04411797e-07 
 7.07945784e+03  8.95704214e-07 
 7.24435960e+03  8.87080617e-07 
 7.41310241e+03  8.78540198e-07 
 7.58577575e+03  8.70082154e-07 
 7.76247117e+03  8.61705693e-07 
 7.94328235e+03  8.53410028e-07 
 8.12830516e+03  8.45194381e-07 
 8.31763771e+03  8.37057979e-07 
 8.51138038e+03  8.29000061e-07 
 8.70963590e+03  8.21019869e-07 
 8.91250938e+03  8.13116655e-07 
 9.12010839e+03  8.05289677e-07 
 9.33254301e+03  7.97538200e-07 
 9.54992586e+03  7.89861497e-07 
 9.77237221e+03  7.82258848e-07 
 1.00000000e+04  7.74729538e-07 
 1.02329299e+04  7.67272863e-07 
 1.04712855e+04  7.59888121e-07 
 1.07151931e+04  7.52574620e-07 
 1.09647820e+04  7.45331674e-07 
 1.12201845e+04  7.38158603e-07 
 1.14815362e+04  7.31054734e-07 
 1.17489755e+04  7.24019400e-07 
 1.20226443e+04  7.17051941e-07 
 1.23026877e+04  7.10151703e-07 
 1.25892541e+04  7.03318040e-07 
 1.28824955e+04  6.96550309e-07 
 1.31825674e+04  6.89847876e-07 
 1.34896288e+04  6.83210112e-07 
 1.38038426e+04  6.76636394e-07 
 1.41253754e+04  6.70126105e-07 
 1.44543977e+04  6.63678634e-07 
 1.47910839e+04  6.57293378e-07 
 1.51356125e+04  6.50969735e-07 
 1.54881662e+04  6.44707114e-07 
 1.58489319e+04  6.38504926e-07 
 1.62181010e+04  6.32362590e-07 
 1.65958691e+04  6.26279530e-07 
 1.69824365e+04  6.20255174e-07 
 1.73780083e+04  6.14288958e-07 
 1.77827941e+04  6.08380322e-07 
 1.81970086e+04  6.02528712e-07 
 1.86208714e+04  5.96733578e-07 
 1.90546072e+04  5.90994377e-07 
 1.94984460e+04  5.85310570e-07 
 1.99526231e+04  5.79681625e-07 
 2.04173794e+04  5.74107014e-07 
 2.08929613e+04  5.68586212e-07 
 2.13796209e+04  5.63118704e-07 
 2.18776162e+04  5.57703974e-07 
 2.23872114e+04  5.52341517e-07 
 2.29086765e+04  5.47030828e-07 
 2.34422882e+04  5.41771410e-07 
 2.39883292e+04  5.36562769e-07 
 2.45470892e+04  5.31404416e-07 
 2.51188643e+04  5.26295869e-07 
 2.57039578e+04  5.21236647e-07 
 2.63026799e+04  5.16226275e-07 
 2.69153480e+04  5.11264285e-07 
 2.75422870e+04  5.06350211e-07 
 2.81838293e+04  5.01483591e-07 
 2.88403150e+04  4.96663970e-07 
 2.95120923e+04  4.91890895e-07 
 3.01995172e+04  4.87163918e-07 
 3.09029543e+04  4.82482597e-07 
 3.16227766e+04  4.77846492e-07 
 3.23593657e+04  4.73255168e-07 
 3.31131121e+04  4.68708195e-07 
 3.38844156e+04  4.64205146e-07 
 3.46736850e+04  4.59745599e-07 
 3.54813389e+04  4.55329136e-07 
 3.63078055e+04  4.50955342e-07 
 3.71535229e+04  4.46623808e-07 
 3.80189396e+04  4.42334126e-07 
 3.89045145e+04  4.38085896e-07 
 3.98107171e+04  4.33878718e-07 
 4.07380278e+04  4.29712197e-07 
 4.16869383e+04  4.25585944e-07 
 4.26579519e+04  4.21499571e-07 
 4.36515832e+04  4.17452694e-07 
 4.46683592e+04  4.13444935e-07 
 4.57088190e+04  4.09475918e-07 
 4.67735141e+04  4.05545270e-07 
 4.78630092e+04  4.01652623e-07 
 4.89778819e+04  3.97797611e-07 
 5.01187234e+04  3.93979874e-07 
 5.12861384e+04  3.90199053e-07 
 5.24807460e+04  3.86454793e-07 
 5.37031796e+04  3.82746745e-07 
 5.49540874e+04  3.79074559e-07 
 5.62341325e+04  3.75437891e-07 
 5.75439937e+04  3.71836401e-07 
 5.88843655e+04  3.68269751e-07 
 6.02559586e+04  3.64737607e-07 
 6.16595002e+04  3.61239636e-07 
 6.30957344e+04  3.57775512e-07 
 6.45654229e+04  3.54344909e-07 
 6.60693448e+04  3.50947506e-07 
 6.76082975e+04  3.47582984e-07 
 6.91830971e+04  3.44251028e-07 
 7.07945784e+04  3.40951324e-07 
 7.24435960e+04  3.37683565e-07 
 7.41310241e+04  3.34447443e-07 
 7.58577575e+04  3.31242655e-07 
 7.76247117e+04  3.28068901e-07 
 7.94328235e+04  3.24925883e-07 
 8.12830516e+04  3.21813306e-07 
 8.31763771e+04  3.18730879e-07 
 8.51138038e+04  3.15678311e-07 
 8.70963590e+04  3.12655319e-07 
 8.91250938e+04  3.09661617e-07 
 9.12010839e+04  3.06696925e-07 
 9.33254301e+04  3.03760965e-07 
 9.54992586e+04  3.00853462e-07 
 9.77237221e+04  2.97974144e-07 
 1.00000000e+05  2.95122740e-07 
 1.02329299e+05  2.92298983e-07 
 1.04712855e+05  2.89502608e-07 
 1.07151931e+05  2.86733353e-07 
 1.09647820e+05  2.83990959e-07 
 1.12201845e+05  2.81275168e-07 
 1.14815362e+05  2.78585725e-07 
 1.17489755e+05  2.75922380e-07 
 1.20226443e+05  2.73284881e-07 
 1.23026877e+05  2.70672982e-07 
 1.25892541e+05  2.68086437e-07 
 1.28824955e+05  2.65525005e-07 
 1.31825674e+05  2.62988445e-07 
 1.34896288e+05  2.60476519e-07 
 1.38038426e+05  2.57988992e-07 
 1.41253754e+05  2.55525630e-07 
 1.44543977e+05  2.53086204e-07 
 1.47910839e+05  2.50670483e-07 
 1.51356125e+05  2.48278241e-07 
 1.54881662e+05  2.45909255e-07 
 1.58489319e+05  2.43563301e-07 
 1.62181010e+05  2.41240161e-07 
 1.65958691e+05  2.38939616e-07 
 1.69824365e+05  2.36661451e-07 
 1.73780083e+05  2.34405451e-07 
 1.77827941e+05  2.32171406e-07 
 1.81970086e+05  2.29959107e-07 
 1.86208714e+05  2.27768344e-07 
 1.90546072e+05  2.25598914e-07 
 1.94984460e+05  2.23450613e-07 
 1.99526231e+05  2.21323240e-07 
 2.04173794e+05  2.19216594e-07 
 2.08929613e+05  2.17130479e-07 
 2.13796209e+05  2.15064698e-07 
 2.18776162e+05  2.13019059e-07 
 2.23872114e+05  2.10993369e-07 
 2.29086765e+05  2.08987438e-07 
 2.34422882e+05  2.07001079e-07 
 2.39883292e+05  2.05034105e-07 
 2.45470892e+05  2.03086331e-07 
 2.51188643e+05  2.01157576e-07 
 2.57039578e+05  1.99247657e-07 
 2.63026799e+05  1.97356397e-07 
 2.69153480e+05  1.95483618e-07 
 2.75422870e+05  1.93629143e-07 
 2.81838293e+05  1.91792800e-07 
 2.88403150e+05  1.89974415e-07 
 2.95120923e+05  1.88173820e-07 
 3.01995172e+05  1.86390843e-07 
 3.09029543e+05  1.84625319e-07 
 3.16227766e+05  1.82877082e-07 
 3.23593657e+05  1.81145968e-07 
 3.31131121e+05  1.79431814e-07 
 3.38844156e+05  1.77734460e-07 
 3.46736850e+05  1.76053747e-07 
 3.54813389e+05  1.74389516e-07 
 3.63078055e+05  1.72741612e-07 
 3.71535229e+05  1.71109880e-07 
 3.80189396e+05  1.69494168e-07 
 3.89045145e+05  1.67894323e-07 
 3.98107171e+05  1.66310195e-07 
 4.07380278e+05  1.64741636e-07 
 4.16869383e+05  1.63188499e-07 
 4.26579519e+05  1.61650638e-07 
 4.36515832e+05  1.60127908e-07 
 4.46683592e+05  1.58620168e-07 
 4.57088190e+05  1.57127274e-07 
 4.67735141e+05  1.55649088e-07 
 4.78630092e+05  1.54185470e-07 
 4.89778819e+05  1.52736283e-07 
 5.01187234e+05  1.51301392e-07 
 5.12861384e+05  1.49880660e-07 
 5.24807460e+05  1.48473956e-07 
 5.37031796e+05  1.47081147e-07 
 5.49540874e+05  1.45702102e-07 
 5.62341325e+05  1.44336692e-07 
 5.75439937e+05  1.42984788e-07 
 5.88843655e+05  1.41646264e-07 
 6.02559586e+05  1.40320994e-07 
 6.16595002e+05  1.39008853e-07 
 6.30957344e+05  1.37709719e-07 
 6.45654229e+05  1.36423469e-07 
 6.60693448e+05  1.35149982e-07 
 6.76082975e+05  1.33889138e-07 
 6.91830971e+05  1.32640820e-07 
 7.07945784e+05  1.31404910e-07 
 7.24435960e+05  1.30181291e-07 
 7.41310241e+05  1.28969850e-07 
 7.58577575e+05  1.27770471e-07 
 7.76247117e+05  1.26583042e-07 
 7.94328235e+05  1.25407452e-07 
 8.12830516e+05  1.24243589e-07 
 8.31763771e+05  1.23091345e-07 
 8.51138038e+05  1.21950612e-07 
 8.70963590e+05  1.20821280e-07 
 8.91250938e+05  1.19703246e-07 
 9.12010839e+05  1.18596402e-07 
 9.33254301e+05  1.17500646e-07 
 9.54992586e+05  1.16415874e-07 
 9.77237221e+05  1.15341983e-07 
 1.00000000e+06  1.14278873e-07 
 1.02329299e+06  1.13226444e-07 
 1.04712855e+06  1.12184596e-07 
 1.07151931e+06  1.11153231e-07 
 1.09647820e+06  1.10132252e-07 
 1.12201845e+06  1.09121563e-07 
 1.14815362e+06  1.08121068e-07 
 1.17489755e+06  1.07130674e-07 
 1.20226443e+06  1.06150286e-07 
 1.23026877e+06  1.05179812e-07 
 1.25892541e+06  1.04219161e-07 
 1.28824955e+06  1.03268242e-07 
 1.31825674e+06  1.02326965e-07 
 1.34896288e+06  1.01395240e-07 
 1.38038426e+06  1.00472981e-07 
 1.41253754e+06  9.95601001e-08 
 1.44543977e+06  9.86565105e-08 
 1.47910839e+06  9.77621270e-08 
 1.51356125e+06  9.68768649e-08 
 1.54881662e+06  9.60006405e-08 
 1.58489319e+06  9.51333708e-08 
 1.62181010e+06  9.42749737e-08 
 1.65958691e+06  9.34253678e-08 
 1.69824365e+06  9.25844724e-08 
 1.73780083e+06  9.17522080e-08 
 1.77827941e+06  9.09284955e-08 
 1.81970086e+06  9.01132566e-08 
 1.86208714e+06  8.93064140e-08 
 1.90546072e+06  8.85078910e-08 
 1.94984460e+06  8.77176117e-08 
 1.99526231e+06  8.69355008e-08 
 2.04173794e+06  8.61614840e-08 
 2.08929613e+06  8.53954875e-08 
 2.13796209e+06  8.46374383e-08 
 2.18776162e+06  8.38872641e-08 
 2.23872114e+06  8.31448933e-08 
 2.29086765e+06  8.24102552e-08 
 2.34422882e+06  8.16832794e-08 
 2.39883292e+06  8.09638965e-08 
 2.45470892e+06  8.02520376e-08 
 2.51188643e+06  7.95476346e-08 
 2.57039578e+06  7.88506200e-08 
 2.63026799e+06  7.81609269e-08 
 2.69153480e+06  7.74784891e-08 
 2.75422870e+06  7.68032412e-08 
 2.81838293e+06  7.61351181e-08 
 2.88403150e+06  7.54740555e-08 
 2.95120923e+06  7.48199898e-08 
 3.01995172e+06  7.41728580e-08 
 3.09029543e+06  7.35325975e-08 
 3.16227766e+06  7.28991465e-08 
 3.23593657e+06  7.22724437e-08 
 3.31131121e+06  7.16524285e-08 
 3.38844156e+06  7.10390408e-08 
 3.46736850e+06  7.04322210e-08 
 3.54813389e+06  6.98319101e-08 
 3.63078055e+06  6.92380498e-08 
 3.71535229e+06  6.86505823e-08 
 3.80189396e+06  6.80694501e-08 
 3.89045145e+06  6.74945966e-08 
 3.98107171e+06  6.69259656e-08 
 4.07380278e+06  6.63635013e-08 
 4.16869383e+06  6.58071486e-08 
 4.26579519e+06  6.52568528e-08 
 4.36515832e+06  6.47125597e-08 
 4.46683592e+06  6.41742158e-08 
 4.57088190e+06  6.36417679e-08 
 4.67735141e+06  6.31151633e-08 
 4.78630092e+06  6.25943499e-08 
 4.89778819e+06  6.20792760e-08 
 5.01187234e+06  6.15698903e-08 
 5.12861384e+06  6.10661422e-08 
 5.24807460e+06  6.05679813e-08 
 5.37031796e+06  6.00753578e-08 
 5.49540874e+06  5.95882225e-08 
 5.62341325e+06  5.91065262e-08 
 5.75439937e+06  5.86302206e-08 
 5.88843655e+06  5.81592577e-08 
 6.02559586e+06  5.76935897e-08 
 6.16595002e+06  5.72331695e-08 
 6.30957344e+06  5.67779503e-08 
 6.45654229e+06  5.63278858e-08 
 6.60693448e+06  5.58829301e-08 
 6.76082975e+06  5.54430375e-08 
 6.91830971e+06  5.50081629e-08 
 7.07945784e+06  5.45782616e-08 
 7.24435960e+06  5.41532892e-08 
 7.41310241e+06  5.37332017e-08 
 7.58577575e+06  5.33179555e-08 
 7.76247117e+06  5.29075074e-08 
 7.94328235e+06  5.25018145e-08 
 8.12830516e+06  5.21008343e-08 
 8.31763771e+06  5.17045247e-08 
 8.51138038e+06  5.13128439e-08 
 8.70963590e+06  5.09257505e-08 
 8.91250938e+06  5.05432033e-08 
 9.12010839e+06  5.01651617e-08 
 9.33254301e+06  4.97915852e-08 
 9.54992586e+06  4.94224338e-08 
 9.77237221e+06  4.90576677e-08 
 1.00000000e+07  4.86972475e-08 
 1.02329299e+07  4.83411341e-08 
 1.04712855e+07  4.79892887e-08 
 1.07151931e+07  4.76416729e-08 
 1.09647820e+07  4.72982485e-08 
 1.12201845e+07  4.69589776e-08 
 1.14815362e+07  4.66238228e-08 
 1.17489755e+07  4.62927468e-08 
 1.20226443e+07  4.59657126e-08 
 1.23026877e+07  4.56426835e-08 
 1.25892541e+07  4.53236233e-08 
 1.28824955e+07  4.50084958e-08 
 1.31825674e+07  4.46972653e-08 
 1.34896288e+07  4.43898962e-08 
 1.38038426e+07  4.40863533e-08 
 1.41253754e+07  4.37866017e-08 
 1.44543977e+07  4.34906067e-08 
 1.47910839e+07  4.31983338e-08 
 1.51356125e+07  4.29097489e-08 
 1.54881662e+07  4.26248183e-08 
 1.58489319e+07  4.23435082e-08 
 1.62181010e+07  4.20657853e-08 
 1.65958691e+07  4.17916166e-08 
 1.69824365e+07  4.15209692e-08 
 1.73780083e+07  4.12538106e-08 
 1.77827941e+07  4.09901085e-08 
 1.81970086e+07  4.07298309e-08 
 1.86208714e+07  4.04729459e-08 
 1.90546072e+07  4.02194221e-08 
 1.94984460e+07  3.99692282e-08 
 1.99526231e+07  3.97223331e-08 
 2.04173794e+07  3.94787062e-08 
 2.08929613e+07  3.92383169e-08 
 2.13796209e+07  3.90011350e-08 
 2.18776162e+07  3.87671305e-08 
 2.23872114e+07  3.85362736e-08 
 2.29086765e+07  3.83085350e-08 
 2.34422882e+07  3.80838853e-08 
 2.39883292e+07  3.78622957e-08 
 2.45470892e+07  3.76437375e-08 
 2.51188643e+07  3.74281822e-08 
 2.57039578e+07  3.72156017e-08 
 2.63026799e+07  3.70059681e-08 
 2.69153480e+07  3.67992537e-08 
 2.75422870e+07  3.65954313e-08 
 2.81838293e+07  3.63944738e-08 
 2.88403150e+07  3.61963543e-08 
 2.95120923e+07  3.60010465e-08 
 3.01995172e+07  3.58085240e-08 
 3.09029543e+07  3.56187610e-08 
 3.16227766e+07  3.54317318e-08 
 3.23593657e+07  3.52474111e-08 
 3.31131121e+07  3.50657739e-08 
 3.38844156e+07  3.48867956e-08 
 3.46736850e+07  3.47104516e-08 
 3.54813389e+07  3.45367180e-08 
 3.63078055e+07  3.43655710e-08 
 3.71535229e+07  3.41969873e-08 
 3.80189396e+07  3.40309437e-08 
 3.89045145e+07  3.38674177e-08 
 3.98107171e+07  3.37063868e-08 
 4.07380278e+07  3.35478291e-08 
 4.16869383e+07  3.33917231e-08 
 4.26579519e+07  3.32380476e-08 
 4.36515832e+07  3.30867817e-08 
 4.46683592e+07  3.29379051e-08 
 4.57088190e+07  3.27913979e-08 
 4.67735141e+07  3.26472405e-08 
 4.78630092e+07  3.25054138e-08 
 4.89778819e+07  3.23658992e-08 
 5.01187234e+07  3.22286787e-08 
 5.12861384e+07  3.20937345e-08 
 5.24807460e+07  3.19610495e-08 
 5.37031796e+07  3.18306070e-08 
 5.49540874e+07  3.17023910e-08 
 5.62341325e+07  3.15763860e-08 
 5.75439937e+07  3.14525768e-08 
 5.88843655e+07  3.13309493e-08 
 6.02559586e+07  3.12114894e-08 
 6.16595002e+07  3.10941843e-08 
 6.30957344e+07  3.09790212e-08 
 6.45654229e+07  3.08659885e-08 
 6.60693448e+07  3.07550749e-08 
 6.76082975e+07  3.06462702e-08 
 6.91830971e+07  3.05395646e-08 
 7.07945784e+07  3.04349492e-08 
 7.24435960e+07  3.03324161e-08 
 7.41310241e+07  3.02319579e-08 
 7.58577575e+07  3.01335683e-08 
 7.76247117e+07  3.00372417e-08 
 7.94328235e+07  2.99429737e-08 
 8.12830516e+07  2.98507607e-08 
 8.31763771e+07  2.97606002e-08 
 8.51138038e+07  2.96724904e-08 
 8.70963590e+07  2.95864314e-08 
 8.91250938e+07  2.95024232e-08 
 9.12010839e+07  2.94204680e-08 
 9.33254301e+07  2.93405688e-08 
 9.54992586e+07  2.92627299e-08 
 9.77237221e+07  2.91869570e-08 
 1.00000000e+08  2.91132572e-08 
 1.02329299e+08  2.90416388e-08 
 1.04712855e+08  2.89721118e-08 
 1.07151931e+08  2.89046875e-08 
 1.09647820e+08  2.88393791e-08 
 1.12201845e+08  2.87762015e-08 
 1.14815362e+08  2.87151709e-08 
 1.17489755e+08  2.86563058e-08 
 1.20226443e+08  2.85996263e-08 
 1.23026877e+08  2.85451546e-08 
 1.25892541e+08  2.84929149e-08 
 1.28824955e+08  2.84429335e-08 
 1.31825674e+08  2.83952390e-08 
 1.34896288e+08  2.83498624e-08 
 1.38038426e+08  2.83068370e-08 
 1.41253754e+08  2.82661985e-08 
 1.44543977e+08  2.82279856e-08 
 1.47910839e+08  2.81922394e-08 
 1.51356125e+08  2.81590041e-08 
 1.54881662e+08  2.81283267e-08 
 1.58489319e+08  2.81002574e-08 
 1.62181010e+08  2.80748497e-08 
 1.65958691e+08  2.80521605e-08 
 1.69824365e+08  2.80322500e-08 
 1.73780083e+08  2.80151825e-08 
 1.77827941e+08  2.80010258e-08 
 1.81970086e+08  2.79898517e-08 
 1.86208714e+08  2.79817364e-08 
 1.90546072e+08  2.79767604e-08 
 1.94984460e+08  2.79750089e-08 
 1.99526231e+08  2.79765712e-08 
 2.04173794e+08  2.79815421e-08 
 2.08929613e+08  2.79900215e-08 
 2.13796209e+08  2.80021143e-08 
 2.18776162e+08  2.80179315e-08 
 2.23872114e+08  2.80375894e-08 
 2.29086765e+08  2.80612106e-08 
 2.34422882e+08  2.80889239e-08 
 2.39883292e+08  2.81208646e-08 
 2.45470892e+08  2.81571747e-08 
 2.51188643e+08  2.81980032e-08 
 2.57039578e+08  2.82435066e-08 
 2.63026799e+08  2.82938487e-08 
 2.69153480e+08  2.83492009e-08 
 2.75422870e+08  2.84097431e-08 
 2.81838293e+08  2.84756633e-08 
 2.88403150e+08  2.85471583e-08 
 2.95120923e+08  2.86244329e-08 
 3.01995172e+08  2.87077018e-08 
 3.09029543e+08  2.87971876e-08 
 3.16227766e+08  2.88931251e-08 
 3.23593657e+08  2.89957562e-08 
 3.31131121e+08  2.91053328e-08 
 3.38844156e+08  2.92221179e-08 
 3.46736850e+08  2.93463833e-08 
 3.54813389e+08  2.94784115e-08 
 3.63078055e+08  2.96184940e-08 
 3.71535229e+08  2.97669330e-08 
 3.80189396e+08  2.99240405e-08 
 3.89045145e+08  3.00901358e-08 
 3.98107171e+08  3.02655483e-08 
 4.07380278e+08  3.04506152e-08 
 4.16869383e+08  3.06456820e-08 
 4.26579519e+08  3.08510996e-08 
 4.36515832e+08  3.10672244e-08 
 4.46683592e+08  3.12944166e-08 
 4.57088190e+08  3.15330386e-08 
 4.67735141e+08  3.17834524e-08 
 4.78630092e+08  3.20460190e-08 
 4.89778819e+08  3.23210944e-08 
 5.01187234e+08  3.26090250e-08 
 5.12861384e+08  3.29101475e-08 
 5.24807460e+08  3.32247805e-08 
 5.37031796e+08  3.35532256e-08 
 5.49540874e+08  3.38957559e-08 
 5.62341325e+08  3.42526137e-08 
 5.75439937e+08  3.46240016e-08 
 5.88843655e+08  3.50100797e-08 
 6.02559586e+08  3.54109507e-08 
 6.16595002e+08  3.58266614e-08 
 6.30957344e+08  3.62571832e-08 
 6.45654229e+08  3.67024082e-08 
 6.60693448e+08  3.71621394e-08 
 6.76082975e+08  3.76360768e-08 
 6.91830971e+08  3.81238146e-08 
 7.07945784e+08  3.86248200e-08 
 7.24435960e+08  3.91384350e-08 
 7.41310241e+08  3.96638613e-08 
 7.58577575e+08  4.02001585e-08 
 7.76247117e+08  4.07462307e-08 
 7.94328235e+08  4.13008323e-08 
 8.12830516e+08  4.18625665e-08 
 8.31763771e+08  4.24298903e-08 
 8.51138038e+08  4.30011114e-08 
 8.70963590e+08  4.35744231e-08 
 8.91250938e+08  4.41479037e-08 
 9.12010839e+08  4.47195362e-08 
 9.33254301e+08  4.52872634e-08 
 9.54992586e+08  4.58489846e-08 
 9.77237221e+08  4.64026170e-08 
 1.00000000e+09  4.69461211e-08 
