 1.00000000e+00  3.73962959e-05 
 1.02329299e+00  3.70348189e-05 
 1.04712855e+00  3.66768416e-05 
 1.07151931e+00  3.63223299e-05 
 1.09647820e+00  3.59712504e-05 
 1.12201845e+00  3.56235696e-05 
 1.14815362e+00  3.52792546e-05 
 1.17489755e+00  3.49382728e-05 
 1.20226443e+00  3.46005918e-05 
 1.23026877e+00  3.42661795e-05 
 1.25892541e+00  3.39350044e-05 
 1.28824955e+00  3.36070350e-05 
 1.31825674e+00  3.32822401e-05 
 1.34896288e+00  3.29605890e-05 
 1.38038426e+00  3.26420513e-05 
 1.41253754e+00  3.23265966e-05 
 1.44543977e+00  3.20141952e-05 
 1.47910839e+00  3.17048173e-05 
 1.51356125e+00  3.13984338e-05 
 1.54881662e+00  3.10950154e-05 
 1.58489319e+00  3.07945335e-05 
 1.62181010e+00  3.04969597e-05 
 1.65958691e+00  3.02022656e-05 
 1.69824365e+00  2.99104234e-05 
 1.73780083e+00  2.96214054e-05 
 1.77827941e+00  2.93351842e-05 
 1.81970086e+00  2.90517328e-05 
 1.86208714e+00  2.87710242e-05 
 1.90546072e+00  2.84930319e-05 
 1.94984460e+00  2.82177295e-05 
 1.99526231e+00  2.79450909e-05 
 2.04173794e+00  2.76750904e-05 
 2.08929613e+00  2.74077023e-05 
 2.13796209e+00  2.71429014e-05 
 2.18776162e+00  2.68806625e-05 
 2.23872114e+00  2.66209608e-05 
 2.29086765e+00  2.63637717e-05 
 2.34422882e+00  2.61090708e-05 
 2.39883292e+00  2.58568341e-05 
 2.45470892e+00  2.56070376e-05 
 2.51188643e+00  2.53596578e-05 
 2.57039578e+00  2.51146711e-05 
 2.63026799e+00  2.48720543e-05 
 2.69153480e+00  2.46317846e-05 
 2.75422870e+00  2.43938392e-05 
 2.81838293e+00  2.41581955e-05 
 2.88403150e+00  2.39248312e-05 
 2.95120923e+00  2.36937242e-05 
 3.01995172e+00  2.34648527e-05 
 3.09029543e+00  2.32381950e-05 
 3.16227766e+00  2.30137297e-05 
 3.23593657e+00  2.27914355e-05 
 3.31131121e+00  2.25712913e-05 
 3.38844156e+00  2.23532763e-05 
 3.46736850e+00  2.21373700e-05 
 3.54813389e+00  2.19235518e-05 
 3.63078055e+00  2.17118016e-05 
 3.71535229e+00  2.15020992e-05 
 3.80189396e+00  2.12944249e-05 
 3.89045145e+00  2.10887591e-05 
 3.98107171e+00  2.08850821e-05 
 4.07380278e+00  2.06833749e-05 
 4.16869383e+00  2.04836183e-05 
 4.26579519e+00  2.02857933e-05 
 4.36515832e+00  2.00898814e-05 
 4.46683592e+00  1.98958639e-05 
 4.57088190e+00  1.97037226e-05 
 4.67735141e+00  1.95134392e-05 
 4.78630092e+00  1.93249957e-05 
 4.89778819e+00  1.91383743e-05 
 5.01187234e+00  1.89535574e-05 
 5.12861384e+00  1.87705275e-05 
 5.24807460e+00  1.85892673e-05 
 5.37031796e+00  1.84097597e-05 
 5.49540874e+00  1.82319876e-05 
 5.62341325e+00  1.80559343e-05 
 5.75439937e+00  1.78815831e-05 
 5.88843655e+00  1.77089175e-05 
 6.02559586e+00  1.75379212e-05 
 6.16595002e+00  1.73685781e-05 
 6.30957344e+00  1.72008721e-05 
 6.45654229e+00  1.70347875e-05 
 6.60693448e+00  1.68703083e-05 
 6.76082975e+00  1.67074193e-05 
 6.91830971e+00  1.65461049e-05 
 7.07945784e+00  1.63863498e-05 
 7.24435960e+00  1.62281391e-05 
 7.41310241e+00  1.60714577e-05 
 7.58577575e+00  1.59162908e-05 
 7.76247117e+00  1.57626238e-05 
 7.94328235e+00  1.56104422e-05 
 8.12830516e+00  1.54597316e-05 
 8.31763771e+00  1.53104776e-05 
 8.51138038e+00  1.51626663e-05 
 8.70963590e+00  1.50162837e-05 
 8.91250938e+00  1.48713159e-05 
 9.12010839e+00  1.47277492e-05 
 9.33254301e+00  1.45855701e-05 
 9.54992586e+00  1.44447652e-05 
 9.77237221e+00  1.43053210e-05 
 1.00000000e+01  1.41672246e-05 
 1.02329299e+01  1.40304628e-05 
 1.04712855e+01  1.38950227e-05 
 1.07151931e+01  1.37608914e-05 
 1.09647820e+01  1.36280565e-05 
 1.12201845e+01  1.34965052e-05 
 1.14815362e+01  1.33662252e-05 
 1.17489755e+01  1.32372042e-05 
 1.20226443e+01  1.31094300e-05 
 1.23026877e+01  1.29828905e-05 
 1.25892541e+01  1.28575737e-05 
 1.28824955e+01  1.27334679e-05 
 1.31825674e+01  1.26105613e-05 
 1.34896288e+01  1.24888423e-05 
 1.38038426e+01  1.23682995e-05 
 1.41253754e+01  1.22489213e-05 
 1.44543977e+01  1.21306967e-05 
 1.47910839e+01  1.20136144e-05 
 1.51356125e+01  1.18976633e-05 
 1.54881662e+01  1.17828325e-05 
 1.58489319e+01  1.16691112e-05 
 1.62181010e+01  1.15564886e-05 
 1.65958691e+01  1.14449542e-05 
 1.69824365e+01  1.13344973e-05 
 1.73780083e+01  1.12251075e-05 
 1.77827941e+01  1.11167746e-05 
 1.81970086e+01  1.10094883e-05 
 1.86208714e+01  1.09032385e-05 
 1.90546072e+01  1.07980151e-05 
 1.94984460e+01  1.06938082e-05 
 1.99526231e+01  1.05906080e-05 
 2.04173794e+01  1.04884048e-05 
 2.08929613e+01  1.03871889e-05 
 2.13796209e+01  1.02869507e-05 
 2.18776162e+01  1.01876808e-05 
 2.23872114e+01  1.00893699e-05 
 2.29086765e+01  9.99200858e-06 
 2.34422882e+01  9.89558775e-06 
 2.39883292e+01  9.80009829e-06 
 2.45470892e+01  9.70553119e-06 
 2.51188643e+01  9.61187753e-06 
 2.57039578e+01  9.51912848e-06 
 2.63026799e+01  9.42727529e-06 
 2.69153480e+01  9.33630928e-06 
 2.75422870e+01  9.24622189e-06 
 2.81838293e+01  9.15700462e-06 
 2.88403150e+01  9.06864904e-06 
 2.95120923e+01  8.98114683e-06 
 3.01995172e+01  8.89448974e-06 
 3.09029543e+01  8.80866958e-06 
 3.16227766e+01  8.72367827e-06 
 3.23593657e+01  8.63950780e-06 
 3.31131121e+01  8.55615021e-06 
 3.38844156e+01  8.47359767e-06 
 3.46736850e+01  8.39184237e-06 
 3.54813389e+01  8.31087661e-06 
 3.63078055e+01  8.23069276e-06 
 3.71535229e+01  8.15128325e-06 
 3.80189396e+01  8.07264060e-06 
 3.89045145e+01  7.99475740e-06 
 3.98107171e+01  7.91762629e-06 
 4.07380278e+01  7.84124002e-06 
 4.16869383e+01  7.76559137e-06 
 4.26579519e+01  7.69067322e-06 
 4.36515832e+01  7.61647850e-06 
 4.46683592e+01  7.54300022e-06 
 4.57088190e+01  7.47023145e-06 
 4.67735141e+01  7.39816534e-06 
 4.78630092e+01  7.32679508e-06 
 4.89778819e+01  7.25611396e-06 
 5.01187234e+01  7.18611531e-06 
 5.12861384e+01  7.11679254e-06 
 5.24807460e+01  7.04813910e-06 
 5.37031796e+01  6.98014854e-06 
 5.49540874e+01  6.91281444e-06 
 5.62341325e+01  6.84613045e-06 
 5.75439937e+01  6.78009030e-06 
 5.88843655e+01  6.71468775e-06 
 6.02559586e+01  6.64991665e-06 
 6.16595002e+01  6.58577090e-06 
 6.30957344e+01  6.52224444e-06 
 6.45654229e+01  6.45933129e-06 
 6.60693448e+01  6.39702553e-06 
 6.76082975e+01  6.33532129e-06 
 6.91830971e+01  6.27421274e-06 
 7.07945784e+01  6.21369414e-06 
 7.24435960e+01  6.15375978e-06 
 7.41310241e+01  6.09440401e-06 
 7.58577575e+01  6.03562124e-06 
 7.76247117e+01  5.97740595e-06 
 7.94328235e+01  5.91975263e-06 
 8.12830516e+01  5.86265586e-06 
 8.31763771e+01  5.80611027e-06 
 8.51138038e+01  5.75011052e-06 
 8.70963590e+01  5.69465134e-06 
 8.91250938e+01  5.63972750e-06 
 9.12010839e+01  5.58533385e-06 
 9.33254301e+01  5.53146524e-06 
 9.54992586e+01  5.47811661e-06 
 9.77237221e+01  5.42528293e-06 
 1.00000000e+02  5.37295923e-06 
 1.02329299e+02  5.32114058e-06 
 1.04712855e+02  5.26982209e-06 
 1.07151931e+02  5.21899895e-06 
 1.09647820e+02  5.16866635e-06 
 1.12201845e+02  5.11881957e-06 
 1.14815362e+02  5.06945390e-06 
 1.17489755e+02  5.02056470e-06 
 1.20226443e+02  4.97214736e-06 
 1.23026877e+02  4.92419733e-06 
 1.25892541e+02  4.87671010e-06 
 1.28824955e+02  4.82968118e-06 
 1.31825674e+02  4.78310615e-06 
 1.34896288e+02  4.73698063e-06 
 1.38038426e+02  4.69130028e-06 
 1.41253754e+02  4.64606079e-06 
 1.44543977e+02  4.60125791e-06 
 1.47910839e+02  4.55688741e-06 
 1.51356125e+02  4.51294513e-06 
 1.54881662e+02  4.46942691e-06 
 1.58489319e+02  4.42632868e-06 
 1.62181010e+02  4.38364637e-06 
 1.65958691e+02  4.34137596e-06 
 1.69824365e+02  4.29951347e-06 
 1.73780083e+02  4.25805497e-06 
 1.77827941e+02  4.21699655e-06 
 1.81970086e+02  4.17633435e-06 
 1.86208714e+02  4.13606453e-06 
 1.90546072e+02  4.09618332e-06 
 1.94984460e+02  4.05668695e-06 
 1.99526231e+02  4.01757172e-06 
 2.04173794e+02  3.97883393e-06 
 2.08929613e+02  3.94046995e-06 
 2.13796209e+02  3.90247616e-06 
 2.18776162e+02  3.86484898e-06 
 2.23872114e+02  3.82758488e-06 
 2.29086765e+02  3.79068036e-06 
 2.34422882e+02  3.75413193e-06 
 2.39883292e+02  3.71793616e-06 
 2.45470892e+02  3.68208964e-06 
 2.51188643e+02  3.64658900e-06 
 2.57039578e+02  3.61143090e-06 
 2.63026799e+02  3.57661204e-06 
 2.69153480e+02  3.54212913e-06 
 2.75422870e+02  3.50797893e-06 
 2.81838293e+02  3.47415823e-06 
 2.88403150e+02  3.44066385e-06 
 2.95120923e+02  3.40749263e-06 
 3.01995172e+02  3.37464146e-06 
 3.09029543e+02  3.34210724e-06 
 3.16227766e+02  3.30988692e-06 
 3.23593657e+02  3.27797746e-06 
 3.31131121e+02  3.24637586e-06 
 3.38844156e+02  3.21507916e-06 
 3.46736850e+02  3.18408439e-06 
 3.54813389e+02  3.15338866e-06 
 3.63078055e+02  3.12298907e-06 
 3.71535229e+02  3.09288277e-06 
 3.80189396e+02  3.06306691e-06 
 3.89045145e+02  3.03353871e-06 
 3.98107171e+02  3.00429537e-06 
 4.07380278e+02  2.97533416e-06 
 4.16869383e+02  2.94665234e-06 
 4.26579519e+02  2.91824722e-06 
 4.36515832e+02  2.89011612e-06 
 4.46683592e+02  2.86225641e-06 
 4.57088190e+02  2.83466547e-06 
 4.67735141e+02  2.80734069e-06 
 4.78630092e+02  2.78027950e-06 
 4.89778819e+02  2.75347937e-06 
 5.01187234e+02  2.72693778e-06 
 5.12861384e+02  2.70065222e-06 
 5.24807460e+02  2.67462023e-06 
 5.37031796e+02  2.64883936e-06 
 5.49540874e+02  2.62330718e-06 
 5.62341325e+02  2.59802129e-06 
 5.75439937e+02  2.57297932e-06 
 5.88843655e+02  2.54817891e-06 
 6.02559586e+02  2.52361774e-06 
 6.16595002e+02  2.49929348e-06 
 6.30957344e+02  2.47520386e-06 
 6.45654229e+02  2.45134660e-06 
 6.60693448e+02  2.42771948e-06 
 6.76082975e+02  2.40432025e-06 
 6.91830971e+02  2.38114674e-06 
 7.07945784e+02  2.35819675e-06 
 7.24435960e+02  2.33546813e-06 
 7.41310241e+02  2.31295875e-06 
 7.58577575e+02  2.29066648e-06 
 7.76247117e+02  2.26858923e-06 
 7.94328235e+02  2.24672493e-06 
 8.12830516e+02  2.22507152e-06 
 8.31763771e+02  2.20362697e-06 
 8.51138038e+02  2.18238926e-06 
 8.70963590e+02  2.16135640e-06 
 8.91250938e+02  2.14052640e-06 
 9.12010839e+02  2.11989731e-06 
 9.33254301e+02  2.09946719e-06 
 9.54992586e+02  2.07923412e-06 
 9.77237221e+02  2.05919621e-06 
 1.00000000e+03  2.03935156e-06 
 1.02329299e+03  2.01969831e-06 
 1.04712855e+03  2.00023461e-06 
 1.07151931e+03  1.98095864e-06 
 1.09647820e+03  1.96186859e-06 
 1.12201845e+03  1.94296265e-06 
 1.14815362e+03  1.92423906e-06 
 1.17489755e+03  1.90569605e-06 
 1.20226443e+03  1.88733189e-06 
 1.23026877e+03  1.86914483e-06 
 1.25892541e+03  1.85113319e-06 
 1.28824955e+03  1.83329526e-06 
 1.31825674e+03  1.81562937e-06 
 1.34896288e+03  1.79813386e-06 
 1.38038426e+03  1.78080708e-06 
 1.41253754e+03  1.76364741e-06 
 1.44543977e+03  1.74665323e-06 
 1.47910839e+03  1.72982295e-06 
 1.51356125e+03  1.71315499e-06 
 1.54881662e+03  1.69664778e-06 
 1.58489319e+03  1.68029977e-06 
 1.62181010e+03  1.66410942e-06 
 1.65958691e+03  1.64807522e-06 
 1.69824365e+03  1.63219565e-06 
 1.73780083e+03  1.61646923e-06 
 1.77827941e+03  1.60089448e-06 
 1.81970086e+03  1.58546993e-06 
 1.86208714e+03  1.57019413e-06 
 1.90546072e+03  1.55506566e-06 
 1.94984460e+03  1.54008308e-06 
 1.99526231e+03  1.52524500e-06 
 2.04173794e+03  1.51055002e-06 
 2.08929613e+03  1.49599675e-06 
 2.13796209e+03  1.48158384e-06 
 2.18776162e+03  1.46730992e-06 
 2.23872114e+03  1.45317366e-06 
 2.29086765e+03  1.43917373e-06 
 2.34422882e+03  1.42530882e-06 
 2.39883292e+03  1.41157761e-06 
 2.45470892e+03  1.39797883e-06 
 2.51188643e+03  1.38451119e-06 
 2.57039578e+03  1.37117343e-06 
 2.63026799e+03  1.35796430e-06 
 2.69153480e+03  1.34488256e-06 
 2.75422870e+03  1.33192698e-06 
 2.81838293e+03  1.31909633e-06 
 2.88403150e+03  1.30638943e-06 
 2.95120923e+03  1.29380507e-06 
 3.01995172e+03  1.28134207e-06 
 3.09029543e+03  1.26899926e-06 
 3.16227766e+03  1.25677548e-06 
 3.23593657e+03  1.24466959e-06 
 3.31131121e+03  1.23268044e-06 
 3.38844156e+03  1.22080692e-06 
 3.46736850e+03  1.20904791e-06 
 3.54813389e+03  1.19740230e-06 
 3.63078055e+03  1.18586899e-06 
 3.71535229e+03  1.17444692e-06 
 3.80189396e+03  1.16313500e-06 
 3.89045145e+03  1.15193217e-06 
 3.98107171e+03  1.14083738e-06 
 4.07380278e+03  1.12984959e-06 
 4.16869383e+03  1.11896776e-06 
 4.26579519e+03  1.10819088e-06 
 4.36515832e+03  1.09751794e-06 
 4.46683592e+03  1.08694793e-06 
 4.57088190e+03  1.07647985e-06 
 4.67735141e+03  1.06611273e-06 
 4.78630092e+03  1.05584560e-06 
 4.89778819e+03  1.04567748e-06 
 5.01187234e+03  1.03560743e-06 
 5.12861384e+03  1.02563449e-06 
 5.24807460e+03  1.01575774e-06 
 5.37031796e+03  1.00597625e-06 
 5.49540874e+03  9.96289094e-07 
 5.62341325e+03  9.86695365e-07 
 5.75439937e+03  9.77194165e-07 
 5.88843655e+03  9.67784600e-07 
 6.02559586e+03  9.58465788e-07 
 6.16595002e+03  9.49236854e-07 
 6.30957344e+03  9.40096931e-07 
 6.45654229e+03  9.31045162e-07 
 6.60693448e+03  9.22080698e-07 
 6.76082975e+03  9.13202695e-07 
 6.91830971e+03  9.04410322e-07 
 7.07945784e+03  8.95702753e-07 
 7.24435960e+03  8.87079171e-07 
 7.41310241e+03  8.78538766e-07 
 7.58577575e+03  8.70080737e-07 
 7.76247117e+03  8.61704290e-07 
 7.94328235e+03  8.53408639e-07 
 8.12830516e+03  8.45193006e-07 
 8.31763771e+03  8.37056618e-07 
 8.51138038e+03  8.28998713e-07 
 8.70963590e+03  8.21018535e-07 
 8.91250938e+03  8.13115334e-07 
 9.12010839e+03  8.05288369e-07 
 9.33254301e+03  7.97536905e-07 
 9.54992586e+03  7.89860215e-07 
 9.77237221e+03  7.82257579e-07 
 1.00000000e+04  7.74728282e-07 
 1.02329299e+04  7.67271620e-07 
 1.04712855e+04  7.59886890e-07 
 1.07151931e+04  7.52573402e-07 
 1.09647820e+04  7.45330468e-07 
 1.12201845e+04  7.38157409e-07 
 1.14815362e+04  7.31053552e-07 
 1.17489755e+04  7.24018230e-07 
 1.20226443e+04  7.17050783e-07 
 1.23026877e+04  7.10150557e-07 
 1.25892541e+04  7.03316905e-07 
 1.28824955e+04  6.96549185e-07 
 1.31825674e+04  6.89846764e-07 
 1.34896288e+04  6.83209011e-07 
 1.38038426e+04  6.76635304e-07 
 1.41253754e+04  6.70125026e-07 
 1.44543977e+04  6.63677566e-07 
 1.47910839e+04  6.57292320e-07 
 1.51356125e+04  6.50968689e-07 
 1.54881662e+04  6.44706078e-07 
 1.58489319e+04  6.38503901e-07 
 1.62181010e+04  6.32361575e-07 
 1.65958691e+04  6.26278525e-07 
 1.69824365e+04  6.20254180e-07 
 1.73780083e+04  6.14287974e-07 
 1.77827941e+04  6.08379348e-07 
 1.81970086e+04  6.02527747e-07 
 1.86208714e+04  5.96732623e-07 
 1.90546072e+04  5.90993432e-07 
 1.94984460e+04  5.85309635e-07 
 1.99526231e+04  5.79680700e-07 
 2.04173794e+04  5.74106098e-07 
 2.08929613e+04  5.68585306e-07 
 2.13796209e+04  5.63117806e-07 
 2.18776162e+04  5.57703086e-07 
 2.23872114e+04  5.52340638e-07 
 2.29086765e+04  5.47029958e-07 
 2.34422882e+04  5.41770549e-07 
 2.39883292e+04  5.36561917e-07 
 2.45470892e+04  5.31403573e-07 
 2.51188643e+04  5.26295034e-07 
 2.57039578e+04  5.21235821e-07 
 2.63026799e+04  5.16225458e-07 
 2.69153480e+04  5.11263477e-07 
 2.75422870e+04  5.06349411e-07 
 2.81838293e+04  5.01482800e-07 
 2.88403150e+04  4.96663186e-07 
 2.95120923e+04  4.91890120e-07 
 3.01995172e+04  4.87163151e-07 
 3.09029543e+04  4.82481838e-07 
 3.16227766e+04  4.77845741e-07 
 3.23593657e+04  4.73254425e-07 
 3.31131121e+04  4.68707459e-07 
 3.38844156e+04  4.64204418e-07 
 3.46736850e+04  4.59744879e-07 
 3.54813389e+04  4.55328423e-07 
 3.63078055e+04  4.50954637e-07 
 3.71535229e+04  4.46623110e-07 
 3.80189396e+04  4.42333436e-07 
 3.89045145e+04  4.38085213e-07 
 3.98107171e+04  4.33878042e-07 
 4.07380278e+04  4.29711529e-07 
 4.16869383e+04  4.25585282e-07 
 4.26579519e+04  4.21498916e-07 
 4.36515832e+04  4.17452047e-07 
 4.46683592e+04  4.13444295e-07 
 4.57088190e+04  4.09475284e-07 
 4.67735141e+04  4.05544643e-07 
 4.78630092e+04  4.01652003e-07 
 4.89778819e+04  3.97796998e-07 
 5.01187234e+04  3.93979267e-07 
 5.12861384e+04  3.90198453e-07 
 5.24807460e+04  3.86454200e-07 
 5.37031796e+04  3.82746158e-07 
 5.49540874e+04  3.79073978e-07 
 5.62341325e+04  3.75437317e-07 
 5.75439937e+04  3.71835833e-07 
 5.88843655e+04  3.68269190e-07 
 6.02559586e+04  3.64737051e-07 
 6.16595002e+04  3.61239087e-07 
 6.30957344e+04  3.57774969e-07 
 6.45654229e+04  3.54344372e-07 
 6.60693448e+04  3.50946974e-07 
 6.76082975e+04  3.47582458e-07 
 6.91830971e+04  3.44250508e-07 
 7.07945784e+04  3.40950810e-07 
 7.24435960e+04  3.37683057e-07 
 7.41310241e+04  3.34446941e-07 
 7.58577575e+04  3.31242159e-07 
 7.76247117e+04  3.28068410e-07 
 7.94328235e+04  3.24925397e-07 
 8.12830516e+04  3.21812826e-07 
 8.31763771e+04  3.18730404e-07 
 8.51138038e+04  3.15677842e-07 
 8.70963590e+04  3.12654855e-07 
 8.91250938e+04  3.09661158e-07 
 9.12010839e+04  3.06696471e-07 
 9.33254301e+04  3.03760517e-07 
 9.54992586e+04  3.00853019e-07 
 9.77237221e+04  2.97973706e-07 
 1.00000000e+05  2.95122307e-07 
 1.02329299e+05  2.92298555e-07 
 1.04712855e+05  2.89502185e-07 
 1.07151931e+05  2.86732935e-07 
 1.09647820e+05  2.83990545e-07 
 1.12201845e+05  2.81274759e-07 
 1.14815362e+05  2.78585322e-07 
 1.17489755e+05  2.75921981e-07 
 1.20226443e+05  2.73284487e-07 
 1.23026877e+05  2.70672592e-07 
 1.25892541e+05  2.68086053e-07 
 1.28824955e+05  2.65524625e-07 
 1.31825674e+05  2.62988069e-07 
 1.34896288e+05  2.60476148e-07 
 1.38038426e+05  2.57988625e-07 
 1.41253754e+05  2.55525268e-07 
 1.44543977e+05  2.53085846e-07 
 1.47910839e+05  2.50670129e-07 
 1.51356125e+05  2.48277892e-07 
 1.54881662e+05  2.45908910e-07 
 1.58489319e+05  2.43562961e-07 
 1.62181010e+05  2.41239824e-07 
 1.65958691e+05  2.38939284e-07 
 1.69824365e+05  2.36661122e-07 
 1.73780083e+05  2.34405127e-07 
 1.77827941e+05  2.32171086e-07 
 1.81970086e+05  2.29958790e-07 
 1.86208714e+05  2.27768032e-07 
 1.90546072e+05  2.25598606e-07 
 1.94984460e+05  2.23450309e-07 
 1.99526231e+05  2.21322939e-07 
 2.04173794e+05  2.19216297e-07 
 2.08929613e+05  2.17130185e-07 
 2.13796209e+05  2.15064409e-07 
 2.18776162e+05  2.13018773e-07 
 2.23872114e+05  2.10993086e-07 
 2.29086765e+05  2.08987159e-07 
 2.34422882e+05  2.07000804e-07 
 2.39883292e+05  2.05033833e-07 
 2.45470892e+05  2.03086063e-07 
 2.51188643e+05  2.01157311e-07 
 2.57039578e+05  1.99247396e-07 
 2.63026799e+05  1.97356139e-07 
 2.69153480e+05  1.95483363e-07 
 2.75422870e+05  1.93628891e-07 
 2.81838293e+05  1.91792551e-07 
 2.88403150e+05  1.89974170e-07 
 2.95120923e+05  1.88173577e-07 
 3.01995172e+05  1.86390604e-07 
 3.09029543e+05  1.84625083e-07 
 3.16227766e+05  1.82876849e-07 
 3.23593657e+05  1.81145738e-07 
 3.31131121e+05  1.79431587e-07 
 3.38844156e+05  1.77734236e-07 
 3.46736850e+05  1.76053525e-07 
 3.54813389e+05  1.74389297e-07 
 3.63078055e+05  1.72741396e-07 
 3.71535229e+05  1.71109666e-07 
 3.80189396e+05  1.69493956e-07 
 3.89045145e+05  1.67894114e-07 
 3.98107171e+05  1.66309989e-07 
 4.07380278e+05  1.64741432e-07 
 4.16869383e+05  1.63188297e-07 
 4.26579519e+05  1.61650439e-07 
 4.36515832e+05  1.60127711e-07 
 4.46683592e+05  1.58619973e-07 
 4.57088190e+05  1.57127081e-07 
 4.67735141e+05  1.55648897e-07 
 4.78630092e+05  1.54185281e-07 
 4.89778819e+05  1.52736096e-07 
 5.01187234e+05  1.51301207e-07 
 5.12861384e+05  1.49880477e-07 
 5.24807460e+05  1.48473775e-07 
 5.37031796e+05  1.47080967e-07 
 5.49540874e+05  1.45701924e-07 
 5.62341325e+05  1.44336515e-07 
 5.75439937e+05  1.42984613e-07 
 5.88843655e+05  1.41646090e-07 
 6.02559586e+05  1.40320821e-07 
 6.16595002e+05  1.39008682e-07 
 6.30957344e+05  1.37709548e-07 
 6.45654229e+05  1.36423299e-07 
 6.60693448e+05  1.35149813e-07 
 6.76082975e+05  1.33888970e-07 
 6.91830971e+05  1.32640653e-07 
 7.07945784e+05  1.31404743e-07 
 7.24435960e+05  1.30181125e-07 
 7.41310241e+05  1.28969684e-07 
 7.58577575e+05  1.27770305e-07 
 7.76247117e+05  1.26582877e-07 
 7.94328235e+05  1.25407287e-07 
 8.12830516e+05  1.24243424e-07 
 8.31763771e+05  1.23091180e-07 
 8.51138038e+05  1.21950446e-07 
 8.70963590e+05  1.20821114e-07 
 8.91250938e+05  1.19703079e-07 
 9.12010839e+05  1.18596235e-07 
 9.33254301e+05  1.17500478e-07 
 9.54992586e+05  1.16415704e-07 
 9.77237221e+05  1.15341812e-07 
 1.00000000e+06  1.14278701e-07 
 1.02329299e+06  1.13226270e-07 
 1.04712855e+06  1.12184420e-07 
 1.07151931e+06  1.11153054e-07 
 1.09647820e+06  1.10132073e-07 
 1.12201845e+06  1.09121382e-07 
 1.14815362e+06  1.08120884e-07 
 1.17489755e+06  1.07130487e-07 
 1.20226443e+06  1.06150096e-07 
 1.23026877e+06  1.05179620e-07 
 1.25892541e+06  1.04218965e-07 
 1.28824955e+06  1.03268042e-07 
 1.31825674e+06  1.02326761e-07 
 1.34896288e+06  1.01395033e-07 
 1.38038426e+06  1.00472769e-07 
 1.41253754e+06  9.95598835e-08 
 1.44543977e+06  9.86562889e-08 
 1.47910839e+06  9.77619001e-08 
 1.51356125e+06  9.68766325e-08 
 1.54881662e+06  9.60004023e-08 
 1.58489319e+06  9.51331264e-08 
 1.62181010e+06  9.42747227e-08 
 1.65958691e+06  9.34251099e-08 
 1.69824365e+06  9.25842073e-08 
 1.73780083e+06  9.17519352e-08 
 1.77827941e+06  9.09282146e-08 
 1.81970086e+06  9.01129673e-08 
 1.86208714e+06  8.93061159e-08 
 1.90546072e+06  8.85075835e-08 
 1.94984460e+06  8.77172944e-08 
 1.99526231e+06  8.69351732e-08 
 2.04173794e+06  8.61611456e-08 
 2.08929613e+06  8.53951378e-08 
 2.13796209e+06  8.46370767e-08 
 2.18776162e+06  8.38868901e-08 
 2.23872114e+06  8.31445064e-08 
 2.29086765e+06  8.24098547e-08 
 2.34422882e+06  8.16828647e-08 
 2.39883292e+06  8.09634669e-08 
 2.45470892e+06  8.02515925e-08 
 2.51188643e+06  7.95471733e-08 
 2.57039578e+06  7.88501418e-08 
 2.63026799e+06  7.81604310e-08 
 2.69153480e+06  7.74779748e-08 
 2.75422870e+06  7.68027075e-08 
 2.81838293e+06  7.61345643e-08 
 2.88403150e+06  7.54734807e-08 
 2.95120923e+06  7.48193931e-08 
 3.01995172e+06  7.41722384e-08 
 3.09029543e+06  7.35319541e-08 
 3.16227766e+06  7.28984783e-08 
 3.23593657e+06  7.22717496e-08 
 3.31131121e+06  7.16517074e-08 
 3.38844156e+06  7.10382915e-08 
 3.46736850e+06  7.04314423e-08 
 3.54813389e+06  6.98311009e-08 
 3.63078055e+06  6.92372088e-08 
 3.71535229e+06  6.86497080e-08 
 3.80189396e+06  6.80685413e-08 
 3.89045145e+06  6.74936519e-08 
 3.98107171e+06  6.69249833e-08 
 4.07380278e+06  6.63624800e-08 
 4.16869383e+06  6.58060867e-08 
 4.26579519e+06  6.52557485e-08 
 4.36515832e+06  6.47114115e-08 
 4.46683592e+06  6.41730217e-08 
 4.57088190e+06  6.36405260e-08 
 4.67735141e+06  6.31138718e-08 
 4.78630092e+06  6.25930066e-08 
 4.89778819e+06  6.20778789e-08 
 5.01187234e+06  6.15684372e-08 
 5.12861384e+06  6.10646308e-08 
 5.24807460e+06  6.05664092e-08 
 5.37031796e+06  6.00737227e-08 
 5.49540874e+06  5.95865216e-08 
 5.62341325e+06  5.91047570e-08 
 5.75439937e+06  5.86283803e-08 
 5.88843655e+06  5.81573434e-08 
 6.02559586e+06  5.76915984e-08 
 6.16595002e+06  5.72310982e-08 
 6.30957344e+06  5.67757957e-08 
 6.45654229e+06  5.63256446e-08 
 6.60693448e+06  5.58805987e-08 
 6.76082975e+06  5.54406123e-08 
 6.91830971e+06  5.50056401e-08 
 7.07945784e+06  5.45756373e-08 
 7.24435960e+06  5.41505593e-08 
 7.41310241e+06  5.37303620e-08 
 7.58577575e+06  5.33150015e-08 
 7.76247117e+06  5.29044346e-08 
 7.94328235e+06  5.24986180e-08 
 8.12830516e+06  5.20975092e-08 
 8.31763771e+06  5.17010659e-08 
 8.51138038e+06  5.13092459e-08 
 8.70963590e+06  5.09220077e-08 
 8.91250938e+06  5.05393099e-08 
 9.12010839e+06  5.01611116e-08 
 9.33254301e+06  4.97873721e-08 
 9.54992586e+06  4.94180512e-08 
 9.77237221e+06  4.90531087e-08 
 1.00000000e+07  4.86925050e-08 
 1.02329299e+07  4.83362006e-08 
 1.04712855e+07  4.79841567e-08 
 1.07151931e+07  4.76363342e-08 
 1.09647820e+07  4.72926948e-08 
 1.12201845e+07  4.69532003e-08 
 1.14815362e+07  4.66178128e-08 
 1.17489755e+07  4.62864947e-08 
 1.20226443e+07  4.59592086e-08 
 1.23026877e+07  4.56359174e-08 
 1.25892541e+07  4.53165845e-08 
 1.28824955e+07  4.50011732e-08 
 1.31825674e+07  4.46896474e-08 
 1.34896288e+07  4.43819710e-08 
 1.38038426e+07  4.40781083e-08 
 1.41253754e+07  4.37780239e-08 
 1.44543977e+07  4.34816826e-08 
 1.47910839e+07  4.31890493e-08 
 1.51356125e+07  4.29000894e-08 
 1.54881662e+07  4.26147683e-08 
 1.58489319e+07  4.23330519e-08 
 1.62181010e+07  4.20549061e-08 
 1.65958691e+07  4.17802972e-08 
 1.69824365e+07  4.15091916e-08 
 1.73780083e+07  4.12415560e-08 
 1.77827941e+07  4.09773573e-08 
 1.81970086e+07  4.07165627e-08 
 1.86208714e+07  4.04591396e-08 
 1.90546072e+07  4.02050555e-08 
 1.94984460e+07  3.99542783e-08 
 1.99526231e+07  3.97067759e-08 
 2.04173794e+07  3.94625166e-08 
 2.08929613e+07  3.92214688e-08 
 2.13796209e+07  3.89836012e-08 
 2.18776162e+07  3.87488827e-08 
 2.23872114e+07  3.85172823e-08 
 2.29086765e+07  3.82887692e-08 
 2.34422882e+07  3.80633131e-08 
 2.39883292e+07  3.78408835e-08 
 2.45470892e+07  3.76214504e-08 
 2.51188643e+07  3.74049838e-08 
 2.57039578e+07  3.71914540e-08 
 2.63026799e+07  3.69808315e-08 
 2.69153480e+07  3.67730871e-08 
 2.75422870e+07  3.65681915e-08 
 2.81838293e+07  3.63661160e-08 
 2.88403150e+07  3.61668317e-08 
 2.95120923e+07  3.59703102e-08 
 3.01995172e+07  3.57765231e-08 
 3.09029543e+07  3.55854423e-08 
 3.16227766e+07  3.53970400e-08 
 3.23593657e+07  3.52112883e-08 
 3.31131121e+07  3.50281598e-08 
 3.38844156e+07  3.48476272e-08 
 3.46736850e+07  3.46696633e-08 
 3.54813389e+07  3.44942413e-08 
 3.63078055e+07  3.43213344e-08 
 3.71535229e+07  3.41509161e-08 
 3.80189396e+07  3.39829602e-08 
 3.89045145e+07  3.38174405e-08 
 3.98107171e+07  3.36543312e-08 
 4.07380278e+07  3.34936067e-08 
 4.16869383e+07  3.33352414e-08 
 4.26579519e+07  3.31792101e-08 
 4.36515832e+07  3.30254878e-08 
 4.46683592e+07  3.28740498e-08 
 4.57088190e+07  3.27248714e-08 
 4.67735141e+07  3.25779284e-08 
 4.78630092e+07  3.24331965e-08 
 4.89778819e+07  3.22906520e-08 
 5.01187234e+07  3.21502711e-08 
 5.12861384e+07  3.20120304e-08 
 5.24807460e+07  3.18759069e-08 
 5.37031796e+07  3.17418775e-08 
 5.49540874e+07  3.16099196e-08 
 5.62341325e+07  3.14800108e-08 
 5.75439937e+07  3.13521289e-08 
 5.88843655e+07  3.12262521e-08 
 6.02559586e+07  3.11023586e-08 
 6.16595002e+07  3.09804272e-08 
 6.30957344e+07  3.08604368e-08 
 6.45654229e+07  3.07423665e-08 
 6.60693448e+07  3.06261959e-08 
 6.76082975e+07  3.05119048e-08 
 6.91830971e+07  3.03994732e-08 
 7.07945784e+07  3.02888816e-08 
 7.24435960e+07  3.01801107e-08 
 7.41310241e+07  3.00731415e-08 
 7.58577575e+07  2.99679553e-08 
 7.76247117e+07  2.98645340e-08 
 7.94328235e+07  2.97628595e-08 
 8.12830516e+07  2.96629142e-08 
 8.31763771e+07  2.95646809e-08 
 8.51138038e+07  2.94681427e-08 
 8.70963590e+07  2.93732832e-08 
 8.91250938e+07  2.92800861e-08 
 9.12010839e+07  2.91885359e-08 
 9.33254301e+07  2.90986173e-08 
 9.54992586e+07  2.90103153e-08 
 9.77237221e+07  2.89236155e-08 
 1.00000000e+08  2.88385039e-08 
 1.02329299e+08  2.87549670e-08 
 1.04712855e+08  2.86729917e-08 
 1.07151931e+08  2.85925655e-08 
 1.09647820e+08  2.85136761e-08 
 1.12201845e+08  2.84363121e-08 
 1.14815362e+08  2.83604624e-08 
 1.17489755e+08  2.82861165e-08 
 1.20226443e+08  2.82132643e-08 
 1.23026877e+08  2.81418967e-08 
 1.25892541e+08  2.80720046e-08 
 1.28824955e+08  2.80035801e-08 
 1.31825674e+08  2.79366155e-08 
 1.34896288e+08  2.78711040e-08 
 1.38038426e+08  2.78070393e-08 
 1.41253754e+08  2.77444159e-08 
 1.44543977e+08  2.76832291e-08 
 1.47910839e+08  2.76234748e-08 
 1.51356125e+08  2.75651496e-08 
 1.54881662e+08  2.75082512e-08 
 1.58489319e+08  2.74527778e-08 
 1.62181010e+08  2.73987287e-08 
 1.65958691e+08  2.73461038e-08 
 1.69824365e+08  2.72949043e-08 
 1.73780083e+08  2.72451319e-08 
 1.77827941e+08  2.71967896e-08 
 1.81970086e+08  2.71498813e-08 
 1.86208714e+08  2.71044120e-08 
 1.90546072e+08  2.70603877e-08 
 1.94984460e+08  2.70178156e-08 
 1.99526231e+08  2.69767041e-08 
 2.04173794e+08  2.69370627e-08 
 2.08929613e+08  2.68989022e-08 
 2.13796209e+08  2.68622348e-08 
 2.18776162e+08  2.68270739e-08 
 2.23872114e+08  2.67934345e-08 
 2.29086765e+08  2.67613329e-08 
 2.34422882e+08  2.67307869e-08 
 2.39883292e+08  2.67018160e-08 
 2.45470892e+08  2.66744412e-08 
 2.51188643e+08  2.66486853e-08 
 2.57039578e+08  2.66245728e-08 
 2.63026799e+08  2.66021300e-08 
 2.69153480e+08  2.65813852e-08 
 2.75422870e+08  2.65623685e-08 
 2.81838293e+08  2.65451122e-08 
 2.88403150e+08  2.65296507e-08 
 2.95120923e+08  2.65160205e-08 
 3.01995172e+08  2.65042605e-08 
 3.09029543e+08  2.64944118e-08 
 3.16227766e+08  2.64865182e-08 
 3.23593657e+08  2.64806259e-08 
 3.31131121e+08  2.64767838e-08 
 3.38844156e+08  2.64750434e-08 
 3.46736850e+08  2.64754594e-08 
 3.54813389e+08  2.64780891e-08 
 3.63078055e+08  2.64829931e-08 
 3.71535229e+08  2.64902350e-08 
 3.80189396e+08  2.64998820e-08 
 3.89045145e+08  2.65120043e-08 
 3.98107171e+08  2.65266760e-08 
 4.07380278e+08  2.65439747e-08 
 4.16869383e+08  2.65639818e-08 
 4.26579519e+08  2.65867828e-08 
 4.36515832e+08  2.66124671e-08 
 4.46683592e+08  2.66411282e-08 
 4.57088190e+08  2.66728644e-08 
 4.67735141e+08  2.67077779e-08 
 4.78630092e+08  2.67459762e-08 
 4.89778819e+08  2.67875709e-08 
 5.01187234e+08  2.68326793e-08 
 5.12861384e+08  2.68814231e-08 
 5.24807460e+08  2.69339298e-08 
 5.37031796e+08  2.69903321e-08 
 5.49540874e+08  2.70507683e-08 
 5.62341325e+08  2.71153824e-08 
 5.75439937e+08  2.71843244e-08 
 5.88843655e+08  2.72577503e-08 
 6.02559586e+08  2.73358224e-08 
 6.16595002e+08  2.74187093e-08 
 6.30957344e+08  2.75065862e-08 
 6.45654229e+08  2.75996349e-08 
 6.60693448e+08  2.76980441e-08 
 6.76082975e+08  2.78020093e-08 
 6.91830971e+08  2.79117333e-08 
 7.07945784e+08  2.80274260e-08 
 7.24435960e+08  2.81493047e-08 
 7.41310241e+08  2.82775938e-08 
 7.58577575e+08  2.84125256e-08 
 7.76247117e+08  2.85543397e-08 
 7.94328235e+08  2.87032834e-08 
 8.12830516e+08  2.88596116e-08 
 8.31763771e+08  2.90235866e-08 
 8.51138038e+08  2.91954785e-08 
 8.70963590e+08  2.93755649e-08 
 8.91250938e+08  2.95641305e-08 
 9.12010839e+08  2.97614674e-08 
 9.33254301e+08  2.99678747e-08 
 9.54992586e+08  3.01836582e-08 
 9.77237221e+08  3.04091299e-08 
 1.00000000e+09  3.06446079e-08 
