 1.00000000e+00 -2.63548329e-03 
 1.25892541e+00 -3.31787688e-03 
 1.58489319e+00 -4.17695952e-03 
 1.99526231e+00 -5.25848047e-03 
 2.51188643e+00 -6.62003468e-03 
 3.16227766e+00 -8.33412987e-03 
 3.98107171e+00 -1.04920478e-02 
 5.01187234e+00 -1.32087056e-02 
 6.30957344e+00 -1.66287749e-02 
 7.94328235e+00 -2.09343870e-02 
 1.00000000e+01 -2.63548310e-02 
 1.25892541e+01 -3.31787651e-02 
 1.58489319e+01 -4.17695878e-02 
 1.99526231e+01 -5.25847901e-02 
 2.51188643e+01 -6.62003177e-02 
 3.16227766e+01 -8.33412405e-02 
 3.98107171e+01 -1.04920362e-01 
 5.01187234e+01 -1.32086824e-01 
 6.30957344e+01 -1.66287287e-01 
 7.94328235e+01 -2.09342947e-01 
 1.00000000e+02 -2.63546470e-01 
 1.25892541e+02 -3.31783980e-01 
 1.58489319e+02 -4.17688554e-01 
 1.99526231e+02 -5.25833287e-01 
 2.51188643e+02 -6.61974018e-01 
 3.16227766e+02 -8.33354229e-01 
 3.98107171e+02 -1.04908755e+00 
 5.01187234e+02 -1.32063668e+00 
 6.30957344e+02 -1.66241094e+00 
 7.94328235e+02 -2.09250807e+00 
 1.00000000e+03 -2.63362714e+00 
 1.25892541e+03 -3.31417612e+00 
 1.58489319e+03 -4.16958417e+00 
 1.99526231e+03 -5.24379200e+00 
 2.51188643e+03 -6.59081305e+00 
 3.16227766e+03 -8.27609370e+00 
 3.98107171e+03 -1.03770882e+01 
 5.01187234e+03 -1.29819219e+01 
 6.30957344e+03 -1.61841987e+01 
 7.94328235e+03 -2.00710836e+01 
 1.00000000e+04 -2.47015952e+01 
 1.25892541e+04 -3.00745404e+01 
 1.58489319e+04 -3.60932398e+01 
 1.99526231e+04 -4.25459503e+01 
 2.51188643e+04 -4.91255711e+01 
 3.16227766e+04 -5.54942849e+01 
 3.98107171e+04 -6.13646914e+01 
 5.01187234e+04 -6.65543745e+01 
 6.30957344e+04 -7.09939015e+01 
 7.94328235e+04 -7.47009091e+01 
 1.00000000e+05 -7.77443283e+01 
 1.25892541e+05 -8.02146927e+01 
 1.58489319e+05 -8.22051534e+01 
 1.99526231e+05 -8.38015889e+01 
 2.51188643e+05 -8.50786406e+01 
 3.16227766e+05 -8.60990219e+01 
 3.98107171e+05 -8.69143876e+01 
 5.01187234e+05 -8.75668039e+01 
 6.30957344e+05 -8.80903320e+01 
 7.94328235e+05 -8.85125089e+01 
 1.00000000e+06 -8.88556447e+01 
 1.25892541e+06 -8.91379263e+01 
 1.58489319e+06 -8.93743428e+01 
 1.99526231e+06 -8.95774625e+01 
 2.51188643e+06 -8.97580913e+01 
 3.16227766e+06 -8.99258424e+01 
 3.98107171e+06 -9.00896462e+01 
 5.01187234e+06 -9.02582232e+01 
 6.30957344e+06 -9.04405481e+01 
 7.94328235e+06 -9.06463259e+01 
 1.00000000e+07 -9.08865066e+01 
 1.25892541e+07 -9.11738643e+01 
 1.58489319e+07 -9.15236690e+01 
 1.99526231e+07 -9.19544839e+01 
 2.51188643e+07 -9.24891213e+01 
 3.16227766e+07 -9.31557931e+01 
 3.98107171e+07 -9.39894839e+01 
 5.01187234e+07 -9.50335582e+01 
 6.30957344e+07 -9.63415572e+01 
 7.94328235e+07 -9.79790314e+01 
 1.00000000e+08 -1.00025005e+02 
 1.25892541e+08 -1.02572165e+02 
 1.58489319e+08 -1.05723851e+02 
 1.99526231e+08 -1.09584000e+02 
 2.51188643e+08 -1.14232676e+02 
 3.16227766e+08 -1.19674391e+02 
 3.98107171e+08 -1.25740976e+02 
 5.01187234e+08 -1.31937458e+02 
 6.30957344e+08 -1.37278167e+02 
 7.94328235e+08 -1.40353348e+02 
 1.00000000e+09 -1.40156702e+02 
