 1.00000000e+00 -2.63228098e-03 
 1.25892541e+00 -3.31384541e-03 
 1.58489319e+00 -4.17188419e-03 
 1.99526231e+00 -5.25209102e-03 
 2.51188643e+00 -6.61199084e-03 
 3.16227766e+00 -8.32400327e-03 
 3.98107171e+00 -1.04792992e-02 
 5.01187234e+00 -1.31926560e-02 
 6.30957344e+00 -1.66085697e-02 
 7.94328235e+00 -2.09089501e-02 
 1.00000000e+01 -2.63228079e-02 
 1.25892541e+01 -3.31384504e-02 
 1.58489319e+01 -4.17188346e-02 
 1.99526231e+01 -5.25208957e-02 
 2.51188643e+01 -6.61198794e-02 
 3.16227766e+01 -8.32399747e-02 
 3.98107171e+01 -1.04792876e-01 
 5.01187234e+01 -1.31926329e-01 
 6.30957344e+01 -1.66085236e-01 
 7.94328235e+01 -2.09088582e-01 
 1.00000000e+02 -2.63226246e-01 
 1.25892541e+02 -3.31380846e-01 
 1.58489319e+02 -4.17181048e-01 
 1.99526231e+02 -5.25194395e-01 
 2.51188643e+02 -6.61169740e-01 
 3.16227766e+02 -8.32341780e-01 
 3.98107171e+02 -1.04781311e+00 
 5.01187234e+02 -1.31903256e+00 
 6.30957344e+02 -1.66039209e+00 
 7.94328235e+02 -2.08996772e+00 
 1.00000000e+03 -2.63043148e+00 
 1.25892541e+03 -3.31015790e+00 
 1.58489319e+03 -4.16453524e+00 
 1.99526231e+03 -5.23745503e+00 
 2.51188643e+03 -6.58287342e+00 
 3.16227766e+03 -8.26617345e+00 
 3.98107171e+03 -1.03647463e+01 
 5.01187234e+03 -1.29666688e+01 
 6.30957344e+03 -1.61655372e+01 
 7.94328235e+03 -2.00485933e+01 
 1.00000000e+04 -2.46750725e+01 
 1.25892541e+04 -3.00441845e+01 
 1.58489319e+04 -3.60598144e+01 
 1.99526231e+04 -4.25107999e+01 
 2.51188643e+04 -4.90903904e+01 
 3.16227766e+04 -5.54606997e+01 
 3.98107171e+04 -6.13338691e+01 
 5.01187234e+04 -6.65268554e+01 
 6.30957344e+04 -7.09696598e+01 
 7.94328235e+04 -7.46795255e+01 
 1.00000000e+05 -7.77251597e+01 
 1.25892541e+05 -8.01969883e+01 
 1.58489319e+05 -8.21881131e+01 
 1.99526231e+05 -8.37843792e+01 
 2.51188643e+05 -8.50603831e+01 
 3.16227766e+05 -8.60787634e+01 
 3.98107171e+05 -8.68910592e+01 
 5.01187234e+05 -8.75391681e+01 
 6.30957344e+05 -8.80569196e+01 
 7.94328235e+05 -8.84715417e+01 
 1.00000000e+06 -8.88049418e+01 
 1.25892541e+06 -8.90747879e+01 
 1.58489319e+06 -8.92954068e+01 
 1.99526231e+06 -8.94785254e+01 
 2.51188643e+06 -8.96338846e+01 
 3.16227766e+06 -8.97697522e+01 
 3.98107171e+06 -8.98933608e+01 
 5.01187234e+06 -9.00112916e+01 
 6.30957344e+06 -9.01298238e+01 
 7.94328235e+06 -9.02552687e+01 
 1.00000000e+07 -9.03943052e+01 
 1.25892541e+07 -9.05543349e+01 
 1.58489319e+07 -9.07438750e+01 
 1.99526231e+07 -9.09730092e+01 
 2.51188643e+07 -9.12539198e+01 
 3.16227766e+07 -9.16015266e+01 
 3.98107171e+07 -9.20342618e+01 
 5.01187234e+07 -9.25750124e+01 
 6.30957344e+07 -9.32522608e+01 
 7.94328235e+07 -9.41014474e+01 
 1.00000000e+08 -9.51665505e+01 
 1.25892541e+08 -9.65018231e+01 
 1.58489319e+08 -9.81734949e+01 
 1.99526231e+08 -1.00260995e+02 
 2.51188643e+08 -1.02856777e+02 
 3.16227766e+08 -1.06063044e+02 
 3.98107171e+08 -1.09982490e+02 
 5.01187234e+08 -1.14699016e+02 
 6.30957344e+08 -1.20244301e+02 
 7.94328235e+08 -1.26549690e+02 
 1.00000000e+09 -1.33392150e+02 
