 1.00000000e+00  3.78899196e+01 
 1.25892541e+00  3.78899196e+01 
 1.58489319e+00  3.78899196e+01 
 1.99526231e+00  3.78899196e+01 
 2.51188643e+00  3.78899196e+01 
 3.16227766e+00  3.78899196e+01 
 3.98107171e+00  3.78899196e+01 
 5.01187234e+00  3.78899196e+01 
 6.30957344e+00  3.78899195e+01 
 7.94328235e+00  3.78899195e+01 
 1.00000000e+01  3.78899195e+01 
 1.25892541e+01  3.78899194e+01 
 1.58489319e+01  3.78899193e+01 
 1.99526231e+01  3.78899191e+01 
 2.51188643e+01  3.78899189e+01 
 3.16227766e+01  3.78899184e+01 
 3.98107171e+01  3.78899178e+01 
 5.01187234e+01  3.78899167e+01 
 6.30957344e+01  3.78899150e+01 
 7.94328235e+01  3.78899123e+01 
 1.00000000e+02  3.78899080e+01 
 1.25892541e+02  3.78899012e+01 
 1.58489319e+02  3.78898904e+01 
 1.99526231e+02  3.78898733e+01 
 2.51188643e+02  3.78898463e+01 
 3.16227766e+02  3.78898034e+01 
 3.98107171e+02  3.78897354e+01 
 5.01187234e+02  3.78896277e+01 
 6.30957344e+02  3.78894570e+01 
 7.94328235e+02  3.78891864e+01 
 1.00000000e+03  3.78887577e+01 
 1.25892541e+03  3.78880782e+01 
 1.58489319e+03  3.78870015e+01 
 1.99526231e+03  3.78852957e+01 
 2.51188643e+03  3.78825934e+01 
 3.16227766e+03  3.78783141e+01 
 3.98107171e+03  3.78715405e+01 
 5.01187234e+03  3.78608267e+01 
 6.30957344e+03  3.78439004e+01 
 7.94328235e+03  3.78172083e+01 
 1.00000000e+04  3.77752375e+01 
 1.25892541e+04  3.77095380e+01 
 1.58489319e+04  3.76074054e+01 
 1.99526231e+04  3.74503009e+01 
 2.51188643e+04  3.72123937e+01 
 3.16227766e+04  3.68601562e+01 
 3.98107171e+04  3.63545447e+01 
 5.01187234e+04  3.56571995e+01 
 6.30957344e+04  3.47401589e+01 
 7.94328235e+04  3.35950884e+01 
 1.00000000e+05  3.22363678e+01 
 1.25892541e+05  3.06958595e+01 
 1.58489319e+05  2.90129725e+01 
 1.99526231e+05  2.72256676e+01 
 2.51188643e+05  2.53654348e+01 
 3.16227766e+05  2.34559940e+01 
 3.98107171e+05  2.15141200e+01 
 5.01187234e+05  1.95511994e+01 
 6.30957344e+05  1.75747588e+01 
 7.94328235e+05  1.55896897e+01 
 1.00000000e+06  1.35991368e+01 
 1.25892541e+06  1.16051077e+01 
 1.58489319e+06  9.60887893e+00 
 1.99526231e+06  7.61125934e+00 
 2.51188643e+06  5.61276078e+00 
 3.16227766e+06  3.61370654e+00 
 3.98107171e+06  1.61430044e+00 
 5.01187234e+06 -3.85329457e-01 
 6.30957344e+06 -2.38510331e+00 
 7.94328235e+06 -4.38497232e+00 
 1.00000000e+07 -6.38490823e+00 
 1.25892541e+07 -8.38489722e+00 
 1.58489319e+07 -1.03849369e+01 
 1.99526231e+07 -1.23850359e+01 
 2.51188643e+07 -1.43852155e+01 
 3.16227766e+07 -1.63855146e+01 
 3.98107171e+07 -1.83859981e+01 
 5.01187234e+07 -2.03867709e+01 
 6.30957344e+07 -2.23880011e+01 
 7.94328235e+07 -2.43899578e+01 
 1.00000000e+08 -2.63930722e+01 
 1.25892541e+08 -2.83980389e+01 
 1.58489319e+08 -3.04059860e+01 
 1.99526231e+08 -3.24187704e+01 
 2.51188643e+08 -3.44395081e+01 
 3.16227766e+08 -3.64735783e+01 
 3.98107171e+08 -3.85306256e+01 
 5.01187234e+08 -4.06287939e+01 
 6.30957344e+08 -4.28041118e+01 
 7.94328235e+08 -4.51317313e+01 
 1.00000000e+09 -4.77714429e+01 
