 1.00000000e+00  3.78899263e+01 
 1.25892541e+00  3.78899263e+01 
 1.58489319e+00  3.78899263e+01 
 1.99526231e+00  3.78899263e+01 
 2.51188643e+00  3.78899263e+01 
 3.16227766e+00  3.78899263e+01 
 3.98107171e+00  3.78899263e+01 
 5.01187234e+00  3.78899263e+01 
 6.30957344e+00  3.78899263e+01 
 7.94328235e+00  3.78899262e+01 
 1.00000000e+01  3.78899262e+01 
 1.25892541e+01  3.78899261e+01 
 1.58489319e+01  3.78899260e+01 
 1.99526231e+01  3.78899258e+01 
 2.51188643e+01  3.78899256e+01 
 3.16227766e+01  3.78899251e+01 
 3.98107171e+01  3.78899245e+01 
 5.01187234e+01  3.78899234e+01 
 6.30957344e+01  3.78899217e+01 
 7.94328235e+01  3.78899190e+01 
 1.00000000e+02  3.78899147e+01 
 1.25892541e+02  3.78899079e+01 
 1.58489319e+02  3.78898971e+01 
 1.99526231e+02  3.78898800e+01 
 2.51188643e+02  3.78898528e+01 
 3.16227766e+02  3.78898099e+01 
 3.98107171e+02  3.78897418e+01 
 5.01187234e+02  3.78896338e+01 
 6.30957344e+02  3.78894628e+01 
 7.94328235e+02  3.78891917e+01 
 1.00000000e+03  3.78887621e+01 
 1.25892541e+03  3.78880813e+01 
 1.58489319e+03  3.78870025e+01 
 1.99526231e+03  3.78852934e+01 
 2.51188643e+03  3.78825859e+01 
 3.16227766e+03  3.78782983e+01 
 3.98107171e+03  3.78715115e+01 
 5.01187234e+03  3.78607769e+01 
 6.30957344e+03  3.78438178e+01 
 7.94328235e+03  3.78170744e+01 
 1.00000000e+04  3.77750235e+01 
 1.25892541e+04  3.77092002e+01 
 1.58489319e+04  3.76068789e+01 
 1.99526231e+04  3.74494925e+01 
 2.51188643e+04  3.72111775e+01 
 3.16227766e+04  3.68583758e+01 
 3.98107171e+04  3.63520305e+01 
 5.01187234e+04  3.56538038e+01 
 6.30957344e+04  3.47358002e+01 
 7.94328235e+04  3.35897804e+01 
 1.00000000e+05  3.22302147e+01 
 1.25892541e+05  3.06890195e+01 
 1.58489319e+05  2.90056143e+01 
 1.99526231e+05  2.72179401e+01 
 2.51188643e+05  2.53574545e+01 
 3.16227766e+05  2.34478455e+01 
 3.98107171e+05  2.15058617e+01 
 5.01187234e+05  1.95428702e+01 
 6.30957344e+05  1.75663841e+01 
 7.94328235e+05  1.55812859e+01 
 1.00000000e+06  1.35907142e+01 
 1.25892541e+06  1.15966728e+01 
 1.58489319e+06  9.60043557e+00 
 1.99526231e+06  7.60280954e+00 
 2.51188643e+06  5.60430518e+00 
 3.16227766e+06  3.60524454e+00 
 3.98107171e+06  1.60583005e+00 
 5.01187234e+06 -3.93812024e-01 
 6.30957344e+06 -2.39360448e+00 
 7.94328235e+06 -4.39350253e+00 
 1.00000000e+07 -6.39348418e+00 
 1.25892541e+07 -8.39354550e+00 
 1.58489319e+07 -1.03936997e+01 
 1.99526231e+07 -1.23939803e+01 
 2.51188643e+07 -1.43944478e+01 
 3.16227766e+07 -1.63952037e+01 
 3.98107171e+07 -1.83964122e+01 
 5.01187234e+07 -2.03983369e+01 
 6.30957344e+07 -2.24014000e+01 
 7.94328235e+07 -2.44062798e+01 
 1.00000000e+08 -2.64140725e+01 
 1.25892541e+08 -2.84265682e+01 
 1.58489319e+08 -3.04467354e+01 
 1.99526231e+08 -3.24796090e+01 
 2.51188643e+08 -3.45339967e+01 
 3.16227766e+08 -3.66259243e+01 
 3.98107171e+08 -3.87858722e+01 
 5.01187234e+08 -4.10741219e+01 
 6.30957344e+08 -4.36111266e+01 
 7.94328235e+08 -4.66207978e+01 
 1.00000000e+09 -5.04097179e+01 
