 1.00000000e+00  1.74452944e-05 
 1.02329299e+00  1.72742794e-05 
 1.04712855e+00  1.71049510e-05 
 1.07151931e+00  1.69372925e-05 
 1.09647820e+00  1.67712874e-05 
 1.12201845e+00  1.66069192e-05 
 1.14815362e+00  1.64441716e-05 
 1.17489755e+00  1.62830285e-05 
 1.20226443e+00  1.61234740e-05 
 1.23026877e+00  1.59654924e-05 
 1.25892541e+00  1.58090679e-05 
 1.28824955e+00  1.56541852e-05 
 1.31825674e+00  1.55008288e-05 
 1.34896288e+00  1.53489838e-05 
 1.38038426e+00  1.51986349e-05 
 1.41253754e+00  1.50497675e-05 
 1.44543977e+00  1.49023667e-05 
 1.47910839e+00  1.47564181e-05 
 1.51356125e+00  1.46119072e-05 
 1.54881662e+00  1.44688198e-05 
 1.58489319e+00  1.43271416e-05 
 1.62181010e+00  1.41868588e-05 
 1.65958691e+00  1.40479575e-05 
 1.69824365e+00  1.39104240e-05 
 1.73780083e+00  1.37742447e-05 
 1.77827941e+00  1.36394061e-05 
 1.81970086e+00  1.35058951e-05 
 1.86208714e+00  1.33736984e-05 
 1.90546072e+00  1.32428030e-05 
 1.94984460e+00  1.31131959e-05 
 1.99526231e+00  1.29848645e-05 
 2.04173794e+00  1.28577961e-05 
 2.08929613e+00  1.27319781e-05 
 2.13796209e+00  1.26073981e-05 
 2.18776162e+00  1.24840440e-05 
 2.23872114e+00  1.23619034e-05 
 2.29086765e+00  1.22409645e-05 
 2.34422882e+00  1.21212153e-05 
 2.39883292e+00  1.20026440e-05 
 2.45470892e+00  1.18852390e-05 
 2.51188643e+00  1.17689886e-05 
 2.57039578e+00  1.16538816e-05 
 2.63026799e+00  1.15399064e-05 
 2.69153480e+00  1.14270520e-05 
 2.75422870e+00  1.13153072e-05 
 2.81838293e+00  1.12046611e-05 
 2.88403150e+00  1.10951027e-05 
 2.95120923e+00  1.09866214e-05 
 3.01995172e+00  1.08792064e-05 
 3.09029543e+00  1.07728471e-05 
 3.16227766e+00  1.06675332e-05 
 3.23593657e+00  1.05632543e-05 
 3.31131121e+00  1.04600002e-05 
 3.38844156e+00  1.03577607e-05 
 3.46736850e+00  1.02565257e-05 
 3.54813389e+00  1.01562854e-05 
 3.63078055e+00  1.00570299e-05 
 3.71535229e+00  9.95874939e-06 
 3.80189396e+00  9.86143434e-06 
 3.89045145e+00  9.76507516e-06 
 3.98107171e+00  9.66966240e-06 
 4.07380278e+00  9.57518670e-06 
 4.16869383e+00  9.48163879e-06 
 4.26579519e+00  9.38900951e-06 
 4.36515832e+00  9.29728977e-06 
 4.46683592e+00  9.20647058e-06 
 4.57088190e+00  9.11654305e-06 
 4.67735141e+00  9.02749836e-06 
 4.78630092e+00  8.93932779e-06 
 4.89778819e+00  8.85202269e-06 
 5.01187234e+00  8.76557453e-06 
 5.12861384e+00  8.67997483e-06 
 5.24807460e+00  8.59521521e-06 
 5.37031796e+00  8.51128738e-06 
 5.49540874e+00  8.42818312e-06 
 5.62341325e+00  8.34589430e-06 
 5.75439937e+00  8.26441286e-06 
 5.88843655e+00  8.18373083e-06 
 6.02559586e+00  8.10384032e-06 
 6.16595002e+00  8.02473352e-06 
 6.30957344e+00  7.94640268e-06 
 6.45654229e+00  7.86884016e-06 
 6.60693448e+00  7.79203836e-06 
 6.76082975e+00  7.71598977e-06 
 6.91830971e+00  7.64068697e-06 
 7.07945784e+00  7.56612260e-06 
 7.24435960e+00  7.49228936e-06 
 7.41310241e+00  7.41918005e-06 
 7.58577575e+00  7.34678753e-06 
 7.76247117e+00  7.27510471e-06 
 7.94328235e+00  7.20412461e-06 
 8.12830516e+00  7.13384029e-06 
 8.31763771e+00  7.06424489e-06 
 8.51138038e+00  6.99533161e-06 
 8.70963590e+00  6.92709373e-06 
 8.91250938e+00  6.85952459e-06 
 9.12010839e+00  6.79261760e-06 
 9.33254301e+00  6.72636623e-06 
 9.54992586e+00  6.66076401e-06 
 9.77237221e+00  6.59580455e-06 
 1.00000000e+01  6.53148151e-06 
 1.02329299e+01  6.46778862e-06 
 1.04712855e+01  6.40471967e-06 
 1.07151931e+01  6.34226851e-06 
 1.09647820e+01  6.28042905e-06 
 1.12201845e+01  6.21919527e-06 
 1.14815362e+01  6.15856120e-06 
 1.17489755e+01  6.09852093e-06 
 1.20226443e+01  6.03906862e-06 
 1.23026877e+01  5.98019847e-06 
 1.25892541e+01  5.92190474e-06 
 1.28824955e+01  5.86418177e-06 
 1.31825674e+01  5.80702393e-06 
 1.34896288e+01  5.75042565e-06 
 1.38038426e+01  5.69438144e-06 
 1.41253754e+01  5.63888582e-06 
 1.44543977e+01  5.58393341e-06 
 1.47910839e+01  5.52951885e-06 
 1.51356125e+01  5.47563685e-06 
 1.54881662e+01  5.42228217e-06 
 1.58489319e+01  5.36944962e-06 
 1.62181010e+01  5.31713406e-06 
 1.65958691e+01  5.26533040e-06 
 1.69824365e+01  5.21403361e-06 
 1.73780083e+01  5.16323870e-06 
 1.77827941e+01  5.11294073e-06 
 1.81970086e+01  5.06313482e-06 
 1.86208714e+01  5.01381612e-06 
 1.90546072e+01  4.96497984e-06 
 1.94984460e+01  4.91662124e-06 
 1.99526231e+01  4.86873561e-06 
 2.04173794e+01  4.82131832e-06 
 2.08929613e+01  4.77436474e-06 
 2.13796209e+01  4.72787033e-06 
 2.18776162e+01  4.68183057e-06 
 2.23872114e+01  4.63624098e-06 
 2.29086765e+01  4.59109715e-06 
 2.34422882e+01  4.54639469e-06 
 2.39883292e+01  4.50212927e-06 
 2.45470892e+01  4.45829658e-06 
 2.51188643e+01  4.41489238e-06 
 2.57039578e+01  4.37191245e-06 
 2.63026799e+01  4.32935263e-06 
 2.69153480e+01  4.28720878e-06 
 2.75422870e+01  4.24547683e-06 
 2.81838293e+01  4.20415271e-06 
 2.88403150e+01  4.16323244e-06 
 2.95120923e+01  4.12271204e-06 
 3.01995172e+01  4.08258758e-06 
 3.09029543e+01  4.04285517e-06 
 3.16227766e+01  4.00351097e-06 
 3.23593657e+01  3.96455116e-06 
 3.31131121e+01  3.92597196e-06 
 3.38844156e+01  3.88776964e-06 
 3.46736850e+01  3.84994051e-06 
 3.54813389e+01  3.81248089e-06 
 3.63078055e+01  3.77538715e-06 
 3.71535229e+01  3.73865571e-06 
 3.80189396e+01  3.70228301e-06 
 3.89045145e+01  3.66626553e-06 
 3.98107171e+01  3.63059978e-06 
 4.07380278e+01  3.59528231e-06 
 4.16869383e+01  3.56030970e-06 
 4.26579519e+01  3.52567857e-06 
 4.36515832e+01  3.49138557e-06 
 4.46683592e+01  3.45742738e-06 
 4.57088190e+01  3.42380071e-06 
 4.67735141e+01  3.39050232e-06 
 4.78630092e+01  3.35752898e-06 
 4.89778819e+01  3.32487750e-06 
 5.01187234e+01  3.29254473e-06 
 5.12861384e+01  3.26052755e-06 
 5.24807460e+01  3.22882284e-06 
 5.37031796e+01  3.19742757e-06 
 5.49540874e+01  3.16633867e-06 
 5.62341325e+01  3.13555317e-06 
 5.75439937e+01  3.10506807e-06 
 5.88843655e+01  3.07488043e-06 
 6.02559586e+01  3.04498735e-06 
 6.16595002e+01  3.01538592e-06 
 6.30957344e+01  2.98607329e-06 
 6.45654229e+01  2.95704664e-06 
 6.60693448e+01  2.92830315e-06 
 6.76082975e+01  2.89984006e-06 
 6.91830971e+01  2.87165461e-06 
 7.07945784e+01  2.84374408e-06 
 7.24435960e+01  2.81610579e-06 
 7.41310241e+01  2.78873706e-06 
 7.58577575e+01  2.76163525e-06 
 7.76247117e+01  2.73479774e-06 
 7.94328235e+01  2.70822196e-06 
 8.12830516e+01  2.68190532e-06 
 8.31763771e+01  2.65584531e-06 
 8.51138038e+01  2.63003939e-06 
 8.70963590e+01  2.60448509e-06 
 8.91250938e+01  2.57917994e-06 
 9.12010839e+01  2.55412150e-06 
 9.33254301e+01  2.52930734e-06 
 9.54992586e+01  2.50473510e-06 
 9.77237221e+01  2.48040238e-06 
 1.00000000e+02  2.45630685e-06 
 1.02329299e+02  2.43244619e-06 
 1.04712855e+02  2.40881809e-06 
 1.07151931e+02  2.38542029e-06 
 1.09647820e+02  2.36225051e-06 
 1.12201845e+02  2.33930655e-06 
 1.14815362e+02  2.31658617e-06 
 1.17489755e+02  2.29408721e-06 
 1.20226443e+02  2.27180748e-06 
 1.23026877e+02  2.24974484e-06 
 1.25892541e+02  2.22789717e-06 
 1.28824955e+02  2.20626237e-06 
 1.31825674e+02  2.18483835e-06 
 1.34896288e+02  2.16362306e-06 
 1.38038426e+02  2.14261444e-06 
 1.41253754e+02  2.12181048e-06 
 1.44543977e+02  2.10120917e-06 
 1.47910839e+02  2.08080854e-06 
 1.51356125e+02  2.06060662e-06 
 1.54881662e+02  2.04060146e-06 
 1.58489319e+02  2.02079115e-06 
 1.62181010e+02  2.00117378e-06 
 1.65958691e+02  1.98174745e-06 
 1.69824365e+02  1.96251031e-06 
 1.73780083e+02  1.94346050e-06 
 1.77827941e+02  1.92459620e-06 
 1.81970086e+02  1.90591558e-06 
 1.86208714e+02  1.88741685e-06 
 1.90546072e+02  1.86909824e-06 
 1.94984460e+02  1.85095798e-06 
 1.99526231e+02  1.83299433e-06 
 2.04173794e+02  1.81520557e-06 
 2.08929613e+02  1.79758998e-06 
 2.13796209e+02  1.78014588e-06 
 2.18776162e+02  1.76287158e-06 
 2.23872114e+02  1.74576542e-06 
 2.29086765e+02  1.72882578e-06 
 2.34422882e+02  1.71205101e-06 
 2.39883292e+02  1.69543951e-06 
 2.45470892e+02  1.67898968e-06 
 2.51188643e+02  1.66269994e-06 
 2.57039578e+02  1.64656873e-06 
 2.63026799e+02  1.63059450e-06 
 2.69153480e+02  1.61477572e-06 
 2.75422870e+02  1.59911086e-06 
 2.81838293e+02  1.58359843e-06 
 2.88403150e+02  1.56823694e-06 
 2.95120923e+02  1.55302491e-06 
 3.01995172e+02  1.53796088e-06 
 3.09029543e+02  1.52304342e-06 
 3.16227766e+02  1.50827107e-06 
 3.23593657e+02  1.49364244e-06 
 3.31131121e+02  1.47915612e-06 
 3.38844156e+02  1.46481071e-06 
 3.46736850e+02  1.45060484e-06 
 3.54813389e+02  1.43653716e-06 
 3.63078055e+02  1.42260630e-06 
 3.71535229e+02  1.40881095e-06 
 3.80189396e+02  1.39514976e-06 
 3.89045145e+02  1.38162144e-06 
 3.98107171e+02  1.36822468e-06 
 4.07380278e+02  1.35495821e-06 
 4.16869383e+02  1.34182075e-06 
 4.26579519e+02  1.32881104e-06 
 4.36515832e+02  1.31592784e-06 
 4.46683592e+02  1.30316991e-06 
 4.57088190e+02  1.29053603e-06 
 4.67735141e+02  1.27802499e-06 
 4.78630092e+02  1.26563560e-06 
 4.89778819e+02  1.25336665e-06 
 5.01187234e+02  1.24121699e-06 
 5.12861384e+02  1.22918544e-06 
 5.24807460e+02  1.21727086e-06 
 5.37031796e+02  1.20547210e-06 
 5.49540874e+02  1.19378803e-06 
 5.62341325e+02  1.18221755e-06 
 5.75439937e+02  1.17075952e-06 
 5.88843655e+02  1.15941287e-06 
 6.02559586e+02  1.14817651e-06 
 6.16595002e+02  1.13704936e-06 
 6.30957344e+02  1.12603035e-06 
 6.45654229e+02  1.11511843e-06 
 6.60693448e+02  1.10431256e-06 
 6.76082975e+02  1.09361170e-06 
 6.91830971e+02  1.08301483e-06 
 7.07945784e+02  1.07252094e-06 
 7.24435960e+02  1.06212902e-06 
 7.41310241e+02  1.05183808e-06 
 7.58577575e+02  1.04164714e-06 
 7.76247117e+02  1.03155521e-06 
 7.94328235e+02  1.02156134e-06 
 8.12830516e+02  1.01166457e-06 
 8.31763771e+02  1.00186395e-06 
 8.51138038e+02  9.92158547e-07 
 8.70963590e+02  9.82547434e-07 
 8.91250938e+02  9.73029691e-07 
 9.12010839e+02  9.63604408e-07 
 9.33254301e+02  9.54270685e-07 
 9.54992586e+02  9.45027631e-07 
 9.77237221e+02  9.35874361e-07 
 1.00000000e+03  9.26810001e-07 
 1.02329299e+03  9.17833685e-07 
 1.04712855e+03  9.08944556e-07 
 1.07151931e+03  9.00141764e-07 
 1.09647820e+03  8.91424470e-07 
 1.12201845e+03  8.82791839e-07 
 1.14815362e+03  8.74243048e-07 
 1.17489755e+03  8.65777281e-07 
 1.20226443e+03  8.57393729e-07 
 1.23026877e+03  8.49091591e-07 
 1.25892541e+03  8.40870075e-07 
 1.28824955e+03  8.32728396e-07 
 1.31825674e+03  8.24665777e-07 
 1.34896288e+03  8.16681448e-07 
 1.38038426e+03  8.08774647e-07 
 1.41253754e+03  8.00944620e-07 
 1.44543977e+03  7.93190619e-07 
 1.47910839e+03  7.85511904e-07 
 1.51356125e+03  7.77907743e-07 
 1.54881662e+03  7.70377410e-07 
 1.58489319e+03  7.62920187e-07 
 1.62181010e+03  7.55535362e-07 
 1.65958691e+03  7.48222230e-07 
 1.69824365e+03  7.40980095e-07 
 1.73780083e+03  7.33808265e-07 
 1.77827941e+03  7.26706056e-07 
 1.81970086e+03  7.19672792e-07 
 1.86208714e+03  7.12707801e-07 
 1.90546072e+03  7.05810419e-07 
 1.94984460e+03  6.98979988e-07 
 1.99526231e+03  6.92215858e-07 
 2.04173794e+03  6.85517384e-07 
 2.08929613e+03  6.78883926e-07 
 2.13796209e+03  6.72314853e-07 
 2.18776162e+03  6.65809538e-07 
 2.23872114e+03  6.59367362e-07 
 2.29086765e+03  6.52987710e-07 
 2.34422882e+03  6.46669975e-07 
 2.39883292e+03  6.40413554e-07 
 2.45470892e+03  6.34217851e-07 
 2.51188643e+03  6.28082277e-07 
 2.57039578e+03  6.22006246e-07 
 2.63026799e+03  6.15989179e-07 
 2.69153480e+03  6.10030504e-07 
 2.75422870e+03  6.04129652e-07 
 2.81838293e+03  5.98286063e-07 
 2.88403150e+03  5.92499178e-07 
 2.95120923e+03  5.86768448e-07 
 3.01995172e+03  5.81093326e-07 
 3.09029543e+03  5.75473272e-07 
 3.16227766e+03  5.69907750e-07 
 3.23593657e+03  5.64396232e-07 
 3.31131121e+03  5.58938192e-07 
 3.38844156e+03  5.53533110e-07 
 3.46736850e+03  5.48180472e-07 
 3.54813389e+03  5.42879769e-07 
 3.63078055e+03  5.37630495e-07 
 3.71535229e+03  5.32432152e-07 
 3.80189396e+03  5.27284245e-07 
 3.89045145e+03  5.22186283e-07 
 3.98107171e+03  5.17137782e-07 
 4.07380278e+03  5.12138261e-07 
 4.16869383e+03  5.07187244e-07 
 4.26579519e+03  5.02284261e-07 
 4.36515832e+03  4.97428845e-07 
 4.46683592e+03  4.92620534e-07 
 4.57088190e+03  4.87858871e-07 
 4.67735141e+03  4.83143402e-07 
 4.78630092e+03  4.78473680e-07 
 4.89778819e+03  4.73849260e-07 
 5.01187234e+03  4.69269702e-07 
 5.12861384e+03  4.64734571e-07 
 5.24807460e+03  4.60243435e-07 
 5.37031796e+03  4.55795868e-07 
 5.49540874e+03  4.51391447e-07 
 5.62341325e+03  4.47029752e-07 
 5.75439937e+03  4.42710370e-07 
 5.88843655e+03  4.38432889e-07 
 6.02559586e+03  4.34196903e-07 
 6.16595002e+03  4.30002010e-07 
 6.30957344e+03  4.25847810e-07 
 6.45654229e+03  4.21733909e-07 
 6.60693448e+03  4.17659915e-07 
 6.76082975e+03  4.13625443e-07 
 6.91830971e+03  4.09630107e-07 
 7.07945784e+03  4.05673529e-07 
 7.24435960e+03  4.01755333e-07 
 7.41310241e+03  3.97875147e-07 
 7.58577575e+03  3.94032600e-07 
 7.76247117e+03  3.90227330e-07 
 7.94328235e+03  3.86458974e-07 
 8.12830516e+03  3.82727174e-07 
 8.31763771e+03  3.79031576e-07 
 8.51138038e+03  3.75371829e-07 
 8.70963590e+03  3.71747585e-07 
 8.91250938e+03  3.68158500e-07 
 9.12010839e+03  3.64604233e-07 
 9.33254301e+03  3.61084446e-07 
 9.54992586e+03  3.57598806e-07 
 9.77237221e+03  3.54146982e-07 
 1.00000000e+04  3.50728645e-07 
 1.02329299e+04  3.47343472e-07 
 1.04712855e+04  3.43991140e-07 
 1.07151931e+04  3.40671332e-07 
 1.09647820e+04  3.37383733e-07 
 1.12201845e+04  3.34128029e-07 
 1.14815362e+04  3.30903913e-07 
 1.17489755e+04  3.27711079e-07 
 1.20226443e+04  3.24549223e-07 
 1.23026877e+04  3.21418045e-07 
 1.25892541e+04  3.18317248e-07 
 1.28824955e+04  3.15246539e-07 
 1.31825674e+04  3.12205624e-07 
 1.34896288e+04  3.09194217e-07 
 1.38038426e+04  3.06212031e-07 
 1.41253754e+04  3.03258784e-07 
 1.44543977e+04  3.00334195e-07 
 1.47910839e+04  2.97437986e-07 
 1.51356125e+04  2.94569884e-07 
 1.54881662e+04  2.91729615e-07 
 1.58489319e+04  2.88916912e-07 
 1.62181010e+04  2.86131506e-07 
 1.65958691e+04  2.83373133e-07 
 1.69824365e+04  2.80641533e-07 
 1.73780083e+04  2.77936446e-07 
 1.77827941e+04  2.75257615e-07 
 1.81970086e+04  2.72604787e-07 
 1.86208714e+04  2.69977710e-07 
 1.90546072e+04  2.67376135e-07 
 1.94984460e+04  2.64799815e-07 
 1.99526231e+04  2.62248506e-07 
 2.04173794e+04  2.59721966e-07 
 2.08929613e+04  2.57219956e-07 
 2.13796209e+04  2.54742239e-07 
 2.18776162e+04  2.52288579e-07 
 2.23872114e+04  2.49858744e-07 
 2.29086765e+04  2.47452503e-07 
 2.34422882e+04  2.45069630e-07 
 2.39883292e+04  2.42709897e-07 
 2.45470892e+04  2.40373082e-07 
 2.51188643e+04  2.38058963e-07 
 2.57039578e+04  2.35767320e-07 
 2.63026799e+04  2.33497937e-07 
 2.69153480e+04  2.31250598e-07 
 2.75422870e+04  2.29025090e-07 
 2.81838293e+04  2.26821203e-07 
 2.88403150e+04  2.24638729e-07 
 2.95120923e+04  2.22477459e-07 
 3.01995172e+04  2.20337189e-07 
 3.09029543e+04  2.18217718e-07 
 3.16227766e+04  2.16118843e-07 
 3.23593657e+04  2.14040366e-07 
 3.31131121e+04  2.11982090e-07 
 3.38844156e+04  2.09943821e-07 
 3.46736850e+04  2.07925365e-07 
 3.54813389e+04  2.05926532e-07 
 3.63078055e+04  2.03947131e-07 
 3.71535229e+04  2.01986975e-07 
 3.80189396e+04  2.00045879e-07 
 3.89045145e+04  1.98123660e-07 
 3.98107171e+04  1.96220134e-07 
 4.07380278e+04  1.94335122e-07 
 4.16869383e+04  1.92468446e-07 
 4.26579519e+04  1.90619928e-07 
 4.36515832e+04  1.88789394e-07 
 4.46683592e+04  1.86976670e-07 
 4.57088190e+04  1.85181585e-07 
 4.67735141e+04  1.83403969e-07 
 4.78630092e+04  1.81643654e-07 
 4.89778819e+04  1.79900472e-07 
 5.01187234e+04  1.78174260e-07 
 5.12861384e+04  1.76464853e-07 
 5.24807460e+04  1.74772090e-07 
 5.37031796e+04  1.73095811e-07 
 5.49540874e+04  1.71435857e-07 
 5.62341325e+04  1.69792070e-07 
 5.75439937e+04  1.68164297e-07 
 5.88843655e+04  1.66552381e-07 
 6.02559586e+04  1.64956172e-07 
 6.16595002e+04  1.63375517e-07 
 6.30957344e+04  1.61810268e-07 
 6.45654229e+04  1.60260276e-07 
 6.60693448e+04  1.58725394e-07 
 6.76082975e+04  1.57205478e-07 
 6.91830971e+04  1.55700384e-07 
 7.07945784e+04  1.54209969e-07 
 7.24435960e+04  1.52734092e-07 
 7.41310241e+04  1.51272614e-07 
 7.58577575e+04  1.49825396e-07 
 7.76247117e+04  1.48392301e-07 
 7.94328235e+04  1.46973195e-07 
 8.12830516e+04  1.45567943e-07 
 8.31763771e+04  1.44176411e-07 
 8.51138038e+04  1.42798469e-07 
 8.70963590e+04  1.41433985e-07 
 8.91250938e+04  1.40082831e-07 
 9.12010839e+04  1.38744880e-07 
 9.33254301e+04  1.37420004e-07 
 9.54992586e+04  1.36108079e-07 
 9.77237221e+04  1.34808979e-07 
 1.00000000e+05  1.33522584e-07 
 1.02329299e+05  1.32248770e-07 
 1.04712855e+05  1.30987417e-07 
 1.07151931e+05  1.29738406e-07 
 1.09647820e+05  1.28501620e-07 
 1.12201845e+05  1.27276940e-07 
 1.14815362e+05  1.26064252e-07 
 1.17489755e+05  1.24863440e-07 
 1.20226443e+05  1.23674391e-07 
 1.23026877e+05  1.22496993e-07 
 1.25892541e+05  1.21331135e-07 
 1.28824955e+05  1.20176705e-07 
 1.31825674e+05  1.19033596e-07 
 1.34896288e+05  1.17901698e-07 
 1.38038426e+05  1.16780905e-07 
 1.41253754e+05  1.15671111e-07 
 1.44543977e+05  1.14572212e-07 
 1.47910839e+05  1.13484102e-07 
 1.51356125e+05  1.12406680e-07 
 1.54881662e+05  1.11339843e-07 
 1.58489319e+05  1.10283491e-07 
 1.62181010e+05  1.09237523e-07 
 1.65958691e+05  1.08201841e-07 
 1.69824365e+05  1.07176347e-07 
 1.73780083e+05  1.06160944e-07 
 1.77827941e+05  1.05155537e-07 
 1.81970086e+05  1.04160029e-07 
 1.86208714e+05  1.03174327e-07 
 1.90546072e+05  1.02198337e-07 
 1.94984460e+05  1.01231968e-07 
 1.99526231e+05  1.00275128e-07 
 2.04173794e+05  9.93277267e-08 
 2.08929613e+05  9.83896743e-08 
 2.13796209e+05  9.74608821e-08 
 2.18776162e+05  9.65412624e-08 
 2.23872114e+05  9.56307283e-08 
 2.29086765e+05  9.47291936e-08 
 2.34422882e+05  9.38365731e-08 
 2.39883292e+05  9.29527824e-08 
 2.45470892e+05  9.20777379e-08 
 2.51188643e+05  9.12113569e-08 
 2.57039578e+05  9.03535574e-08 
 2.63026799e+05  8.95042584e-08 
 2.69153480e+05  8.86633795e-08 
 2.75422870e+05  8.78308411e-08 
 2.81838293e+05  8.70065646e-08 
 2.88403150e+05  8.61904719e-08 
 2.95120923e+05  8.53824859e-08 
 3.01995172e+05  8.45825301e-08 
 3.09029543e+05  8.37905288e-08 
 3.16227766e+05  8.30064072e-08 
 3.23593657e+05  8.22300909e-08 
 3.31131121e+05  8.14615066e-08 
 3.38844156e+05  8.07005816e-08 
 3.46736850e+05  7.99472437e-08 
 3.54813389e+05  7.92014217e-08 
 3.63078055e+05  7.84630451e-08 
 3.71535229e+05  7.77320438e-08 
 3.80189396e+05  7.70083487e-08 
 3.89045145e+05  7.62918913e-08 
 3.98107171e+05  7.55826036e-08 
 4.07380278e+05  7.48804186e-08 
 4.16869383e+05  7.41852698e-08 
 4.26579519e+05  7.34970912e-08 
 4.36515832e+05  7.28158177e-08 
 4.46683592e+05  7.21413846e-08 
 4.57088190e+05  7.14737282e-08 
 4.67735141e+05  7.08127850e-08 
 4.78630092e+05  7.01584925e-08 
 4.89778819e+05  6.95107886e-08 
 5.01187234e+05  6.88696119e-08 
 5.12861384e+05  6.82349015e-08 
 5.24807460e+05  6.76065973e-08 
 5.37031796e+05  6.69846395e-08 
 5.49540874e+05  6.63689693e-08 
 5.62341325e+05  6.57595281e-08 
 5.75439937e+05  6.51562580e-08 
 5.88843655e+05  6.45591019e-08 
 6.02559586e+05  6.39680028e-08 
 6.16595002e+05  6.33829048e-08 
 6.30957344e+05  6.28037521e-08 
 6.45654229e+05  6.22304897e-08 
 6.60693448e+05  6.16630631e-08 
 6.76082975e+05  6.11014183e-08 
 6.91830971e+05  6.05455018e-08 
 7.07945784e+05  5.99952608e-08 
 7.24435960e+05  5.94506428e-08 
 7.41310241e+05  5.89115960e-08 
 7.58577575e+05  5.83780690e-08 
 7.76247117e+05  5.78500109e-08 
 7.94328235e+05  5.73273714e-08 
 8.12830516e+05  5.68101006e-08 
 8.31763771e+05  5.62981492e-08 
 8.51138038e+05  5.57914682e-08 
 8.70963590e+05  5.52900094e-08 
 8.91250938e+05  5.47937246e-08 
 9.12010839e+05  5.43025666e-08 
 9.33254301e+05  5.38164883e-08 
 9.54992586e+05  5.33354431e-08 
 9.77237221e+05  5.28593851e-08 
 1.00000000e+06  5.23882686e-08 
 1.02329299e+06  5.19220484e-08 
 1.04712855e+06  5.14606798e-08 
 1.07151931e+06  5.10041185e-08 
 1.09647820e+06  5.05523207e-08 
 1.12201845e+06  5.01052429e-08 
 1.14815362e+06  4.96628422e-08 
 1.17489755e+06  4.92250759e-08 
 1.20226443e+06  4.87919019e-08 
 1.23026877e+06  4.83632785e-08 
 1.25892541e+06  4.79391642e-08 
 1.28824955e+06  4.75195181e-08 
 1.31825674e+06  4.71042998e-08 
 1.34896288e+06  4.66934689e-08 
 1.38038426e+06  4.62869858e-08 
 1.41253754e+06  4.58848110e-08 
 1.44543977e+06  4.54869057e-08 
 1.47910839e+06  4.50932310e-08 
 1.51356125e+06  4.47037488e-08 
 1.54881662e+06  4.43184211e-08 
 1.58489319e+06  4.39372105e-08 
 1.62181010e+06  4.35600797e-08 
 1.65958691e+06  4.31869920e-08 
 1.69824365e+06  4.28179109e-08 
 1.73780083e+06  4.24528003e-08 
 1.77827941e+06  4.20916243e-08 
 1.81970086e+06  4.17343476e-08 
 1.86208714e+06  4.13809350e-08 
 1.90546072e+06  4.10313517e-08 
 1.94984460e+06  4.06855634e-08 
 1.99526231e+06  4.03435359e-08 
 2.04173794e+06  4.00052354e-08 
 2.08929613e+06  3.96706284e-08 
 2.13796209e+06  3.93396816e-08 
 2.18776162e+06  3.90123624e-08 
 2.23872114e+06  3.86886379e-08 
 2.29086765e+06  3.83684761e-08 
 2.34422882e+06  3.80518450e-08 
 2.39883292e+06  3.77387127e-08 
 2.45470892e+06  3.74290480e-08 
 2.51188643e+06  3.71228198e-08 
 2.57039578e+06  3.68199972e-08 
 2.63026799e+06  3.65205496e-08 
 2.69153480e+06  3.62244469e-08 
 2.75422870e+06  3.59316589e-08 
 2.81838293e+06  3.56421559e-08 
 2.88403150e+06  3.53559086e-08 
 2.95120923e+06  3.50728876e-08 
 3.01995172e+06  3.47930640e-08 
 3.09029543e+06  3.45164091e-08 
 3.16227766e+06  3.42428944e-08 
 3.23593657e+06  3.39724918e-08 
 3.31131121e+06  3.37051732e-08 
 3.38844156e+06  3.34409109e-08 
 3.46736850e+06  3.31796775e-08 
 3.54813389e+06  3.29214457e-08 
 3.63078055e+06  3.26661885e-08 
 3.71535229e+06  3.24138790e-08 
 3.80189396e+06  3.21644907e-08 
 3.89045145e+06  3.19179973e-08 
 3.98107171e+06  3.16743725e-08 
 4.07380278e+06  3.14335905e-08 
 4.16869383e+06  3.11956255e-08 
 4.26579519e+06  3.09604521e-08 
 4.36515832e+06  3.07280449e-08 
 4.46683592e+06  3.04983789e-08 
 4.57088190e+06  3.02714291e-08 
 4.67735141e+06  3.00471709e-08 
 4.78630092e+06  2.98255796e-08 
 4.89778819e+06  2.96066311e-08 
 5.01187234e+06  2.93903012e-08 
 5.12861384e+06  2.91765659e-08 
 5.24807460e+06  2.89654015e-08 
 5.37031796e+06  2.87567843e-08 
 5.49540874e+06  2.85506911e-08 
 5.62341325e+06  2.83470985e-08 
 5.75439937e+06  2.81459834e-08 
 5.88843655e+06  2.79473231e-08 
 6.02559586e+06  2.77510947e-08 
 6.16595002e+06  2.75572758e-08 
 6.30957344e+06  2.73658439e-08 
 6.45654229e+06  2.71767767e-08 
 6.60693448e+06  2.69900523e-08 
 6.76082975e+06  2.68056486e-08 
 6.91830971e+06  2.66235440e-08 
 7.07945784e+06  2.64437167e-08 
 7.24435960e+06  2.62661454e-08 
 7.41310241e+06  2.60908086e-08 
 7.58577575e+06  2.59176853e-08 
 7.76247117e+06  2.57467543e-08 
 7.94328235e+06  2.55779949e-08 
 8.12830516e+06  2.54113862e-08 
 8.31763771e+06  2.52469076e-08 
 8.51138038e+06  2.50845386e-08 
 8.70963590e+06  2.49242589e-08 
 8.91250938e+06  2.47660483e-08 
 9.12010839e+06  2.46098867e-08 
 9.33254301e+06  2.44557541e-08 
 9.54992586e+06  2.43036307e-08 
 9.77237221e+06  2.41534968e-08 
 1.00000000e+07  2.40053328e-08 
 1.02329299e+07  2.38591193e-08 
 1.04712855e+07  2.37148370e-08 
 1.07151931e+07  2.35724665e-08 
 1.09647820e+07  2.34319889e-08 
 1.12201845e+07  2.32933851e-08 
 1.14815362e+07  2.31566363e-08 
 1.17489755e+07  2.30217238e-08 
 1.20226443e+07  2.28886289e-08 
 1.23026877e+07  2.27573332e-08 
 1.25892541e+07  2.26278182e-08 
 1.28824955e+07  2.25000656e-08 
 1.31825674e+07  2.23740573e-08 
 1.34896288e+07  2.22497752e-08 
 1.38038426e+07  2.21272014e-08 
 1.41253754e+07  2.20063180e-08 
 1.44543977e+07  2.18871073e-08 
 1.47910839e+07  2.17695517e-08 
 1.51356125e+07  2.16536336e-08 
 1.54881662e+07  2.15393358e-08 
 1.58489319e+07  2.14266407e-08 
 1.62181010e+07  2.13155314e-08 
 1.65958691e+07  2.12059907e-08 
 1.69824365e+07  2.10980015e-08 
 1.73780083e+07  2.09915472e-08 
 1.77827941e+07  2.08866109e-08 
 1.81970086e+07  2.07831759e-08 
 1.86208714e+07  2.06812257e-08 
 1.90546072e+07  2.05807438e-08 
 1.94984460e+07  2.04817140e-08 
 1.99526231e+07  2.03841201e-08 
 2.04173794e+07  2.02879458e-08 
 2.08929613e+07  2.01931752e-08 
 2.13796209e+07  2.00997923e-08 
 2.18776162e+07  2.00077815e-08 
 2.23872114e+07  1.99171270e-08 
 2.29086765e+07  1.98278132e-08 
 2.34422882e+07  1.97398246e-08 
 2.39883292e+07  1.96531460e-08 
 2.45470892e+07  1.95677620e-08 
 2.51188643e+07  1.94836575e-08 
 2.57039578e+07  1.94008175e-08 
 2.63026799e+07  1.93192271e-08 
 2.69153480e+07  1.92388715e-08 
 2.75422870e+07  1.91597359e-08 
 2.81838293e+07  1.90818059e-08 
 2.88403150e+07  1.90050669e-08 
 2.95120923e+07  1.89295046e-08 
 3.01995172e+07  1.88551048e-08 
 3.09029543e+07  1.87818534e-08 
 3.16227766e+07  1.87097363e-08 
 3.23593657e+07  1.86387397e-08 
 3.31131121e+07  1.85688499e-08 
 3.38844156e+07  1.85000531e-08 
 3.46736850e+07  1.84323359e-08 
 3.54813389e+07  1.83656849e-08 
 3.63078055e+07  1.83000869e-08 
 3.71535229e+07  1.82355286e-08 
 3.80189396e+07  1.81719970e-08 
 3.89045145e+07  1.81094793e-08 
 3.98107171e+07  1.80479627e-08 
 4.07380278e+07  1.79874346e-08 
 4.16869383e+07  1.79278824e-08 
 4.26579519e+07  1.78692937e-08 
 4.36515832e+07  1.78116564e-08 
 4.46683592e+07  1.77549583e-08 
 4.57088190e+07  1.76991875e-08 
 4.67735141e+07  1.76443320e-08 
 4.78630092e+07  1.75903803e-08 
 4.89778819e+07  1.75373206e-08 
 5.01187234e+07  1.74851418e-08 
 5.12861384e+07  1.74338323e-08 
 5.24807460e+07  1.73833812e-08 
 5.37031796e+07  1.73337774e-08 
 5.49540874e+07  1.72850101e-08 
 5.62341325e+07  1.72370685e-08 
 5.75439937e+07  1.71899423e-08 
 5.88843655e+07  1.71436209e-08 
 6.02559586e+07  1.70980941e-08 
 6.16595002e+07  1.70533520e-08 
 6.30957344e+07  1.70093844e-08 
 6.45654229e+07  1.69661818e-08 
 6.60693448e+07  1.69237345e-08 
 6.76082975e+07  1.68820331e-08 
 6.91830971e+07  1.68410683e-08 
 7.07945784e+07  1.68008311e-08 
 7.24435960e+07  1.67613125e-08 
 7.41310241e+07  1.67225038e-08 
 7.58577575e+07  1.66843965e-08 
 7.76247117e+07  1.66469822e-08 
 7.94328235e+07  1.66102526e-08 
 8.12830516e+07  1.65741999e-08 
 8.31763771e+07  1.65388162e-08 
 8.51138038e+07  1.65040939e-08 
 8.70963590e+07  1.64700256e-08 
 8.91250938e+07  1.64366041e-08 
 9.12010839e+07  1.64038224e-08 
 9.33254301e+07  1.63716736e-08 
 9.54992586e+07  1.63401514e-08 
 9.77237221e+07  1.63092493e-08 
 1.00000000e+08  1.62789611e-08 
 1.02329299e+08  1.62492811e-08 
 1.04712855e+08  1.62202035e-08 
 1.07151931e+08  1.61917231e-08 
 1.09647820e+08  1.61638345e-08 
 1.12201845e+08  1.61365330e-08 
 1.14815362e+08  1.61098139e-08 
 1.17489755e+08  1.60836729e-08 
 1.20226443e+08  1.60581058e-08 
 1.23026877e+08  1.60331089e-08 
 1.25892541e+08  1.60086787e-08 
 1.28824955e+08  1.59848120e-08 
 1.31825674e+08  1.59615059e-08 
 1.34896288e+08  1.59387579e-08 
 1.38038426e+08  1.59165658e-08 
 1.41253754e+08  1.58949276e-08 
 1.44543977e+08  1.58738418e-08 
 1.47910839e+08  1.58533074e-08 
 1.51356125e+08  1.58333235e-08 
 1.54881662e+08  1.58138898e-08 
 1.58489319e+08  1.57950063e-08 
 1.62181010e+08  1.57766734e-08 
 1.65958691e+08  1.57588921e-08 
 1.69824365e+08  1.57416638e-08 
 1.73780083e+08  1.57249902e-08 
 1.77827941e+08  1.57088738e-08 
 1.81970086e+08  1.56933173e-08 
 1.86208714e+08  1.56783242e-08 
 1.90546072e+08  1.56638983e-08 
 1.94984460e+08  1.56500444e-08 
 1.99526231e+08  1.56367673e-08 
 2.04173794e+08  1.56240731e-08 
 2.08929613e+08  1.56119680e-08 
 2.13796209e+08  1.56004593e-08 
 2.18776162e+08  1.55895547e-08 
 2.23872114e+08  1.55792630e-08 
 2.29086765e+08  1.55695935e-08 
 2.34422882e+08  1.55605565e-08 
 2.39883292e+08  1.55521631e-08 
 2.45470892e+08  1.55444254e-08 
 2.51188643e+08  1.55373563e-08 
 2.57039578e+08  1.55309700e-08 
 2.63026799e+08  1.55252815e-08 
 2.69153480e+08  1.55203069e-08 
 2.75422870e+08  1.55160638e-08 
 2.81838293e+08  1.55125706e-08 
 2.88403150e+08  1.55098475e-08 
 2.95120923e+08  1.55079157e-08 
 3.01995172e+08  1.55067979e-08 
 3.09029543e+08  1.55065186e-08 
 3.16227766e+08  1.55071036e-08 
 3.23593657e+08  1.55085807e-08 
 3.31131121e+08  1.55109793e-08 
 3.38844156e+08  1.55143309e-08 
 3.46736850e+08  1.55186689e-08 
 3.54813389e+08  1.55240289e-08 
 3.63078055e+08  1.55304490e-08 
 3.71535229e+08  1.55379694e-08 
 3.80189396e+08  1.55466332e-08 
 3.89045145e+08  1.55564860e-08 
 3.98107171e+08  1.55675766e-08 
 4.07380278e+08  1.55799568e-08 
 4.16869383e+08  1.55936816e-08 
 4.26579519e+08  1.56088098e-08 
 4.36515832e+08  1.56254038e-08 
 4.46683592e+08  1.56435303e-08 
 4.57088190e+08  1.56632600e-08 
 4.67735141e+08  1.56846686e-08 
 4.78630092e+08  1.57078364e-08 
 4.89778819e+08  1.57328493e-08 
 5.01187234e+08  1.57597989e-08 
 5.12861384e+08  1.57887828e-08 
 5.24807460e+08  1.58199053e-08 
 5.37031796e+08  1.58532777e-08 
 5.49540874e+08  1.58890190e-08 
 5.62341325e+08  1.59272563e-08 
 5.75439937e+08  1.59681258e-08 
 5.88843655e+08  1.60117730e-08 
 6.02559586e+08  1.60583539e-08 
 6.16595002e+08  1.61080356e-08 
 6.30957344e+08  1.61609971e-08 
 6.45654229e+08  1.62174307e-08 
 6.60693448e+08  1.62775429e-08 
 6.76082975e+08  1.63415552e-08 
 6.91830971e+08  1.64097060e-08 
 7.07945784e+08  1.64822518e-08 
 7.24435960e+08  1.65594686e-08 
 7.41310241e+08  1.66416539e-08 
 7.58577575e+08  1.67291283e-08 
 7.76247117e+08  1.68222376e-08 
 7.94328235e+08  1.69213555e-08 
 8.12830516e+08  1.70268853e-08 
 8.31763771e+08  1.71392633e-08 
 8.51138038e+08  1.72589613e-08 
 8.70963590e+08  1.73864899e-08 
 8.91250938e+08  1.75224023e-08 
 9.12010839e+08  1.76672978e-08 
 9.33254301e+08  1.78218259e-08 
 9.54992586e+08  1.79866912e-08 
 9.77237221e+08  1.81626579e-08 
 1.00000000e+09  1.83505550e-08 
