 1.00000000e+00  1.74452910e-05 
 1.02329299e+00  1.72742759e-05 
 1.04712855e+00  1.71049476e-05 
 1.07151931e+00  1.69372892e-05 
 1.09647820e+00  1.67712841e-05 
 1.12201845e+00  1.66069159e-05 
 1.14815362e+00  1.64441684e-05 
 1.17489755e+00  1.62830254e-05 
 1.20226443e+00  1.61234710e-05 
 1.23026877e+00  1.59654894e-05 
 1.25892541e+00  1.58090649e-05 
 1.28824955e+00  1.56541822e-05 
 1.31825674e+00  1.55008260e-05 
 1.34896288e+00  1.53489809e-05 
 1.38038426e+00  1.51986321e-05 
 1.41253754e+00  1.50497647e-05 
 1.44543977e+00  1.49023640e-05 
 1.47910839e+00  1.47564154e-05 
 1.51356125e+00  1.46119046e-05 
 1.54881662e+00  1.44688172e-05 
 1.58489319e+00  1.43271391e-05 
 1.62181010e+00  1.41868563e-05 
 1.65958691e+00  1.40479550e-05 
 1.69824365e+00  1.39104215e-05 
 1.73780083e+00  1.37742423e-05 
 1.77827941e+00  1.36394038e-05 
 1.81970086e+00  1.35058928e-05 
 1.86208714e+00  1.33736961e-05 
 1.90546072e+00  1.32428007e-05 
 1.94984460e+00  1.31131937e-05 
 1.99526231e+00  1.29848623e-05 
 2.04173794e+00  1.28577939e-05 
 2.08929613e+00  1.27319759e-05 
 2.13796209e+00  1.26073960e-05 
 2.18776162e+00  1.24840419e-05 
 2.23872114e+00  1.23619014e-05 
 2.29086765e+00  1.22409625e-05 
 2.34422882e+00  1.21212133e-05 
 2.39883292e+00  1.20026421e-05 
 2.45470892e+00  1.18852371e-05 
 2.51188643e+00  1.17689868e-05 
 2.57039578e+00  1.16538797e-05 
 2.63026799e+00  1.15399046e-05 
 2.69153480e+00  1.14270502e-05 
 2.75422870e+00  1.13153055e-05 
 2.81838293e+00  1.12046594e-05 
 2.88403150e+00  1.10951010e-05 
 2.95120923e+00  1.09866197e-05 
 3.01995172e+00  1.08792047e-05 
 3.09029543e+00  1.07728455e-05 
 3.16227766e+00  1.06675316e-05 
 3.23593657e+00  1.05632528e-05 
 3.31131121e+00  1.04599986e-05 
 3.38844156e+00  1.03577591e-05 
 3.46736850e+00  1.02565242e-05 
 3.54813389e+00  1.01562839e-05 
 3.63078055e+00  1.00570284e-05 
 3.71535229e+00  9.95874795e-06 
 3.80189396e+00  9.86143292e-06 
 3.89045145e+00  9.76507377e-06 
 3.98107171e+00  9.66966103e-06 
 4.07380278e+00  9.57518535e-06 
 4.16869383e+00  9.48163746e-06 
 4.26579519e+00  9.38900820e-06 
 4.36515832e+00  9.29728848e-06 
 4.46683592e+00  9.20646931e-06 
 4.57088190e+00  9.11654180e-06 
 4.67735141e+00  9.02749713e-06 
 4.78630092e+00  8.93932657e-06 
 4.89778819e+00  8.85202150e-06 
 5.01187234e+00  8.76557336e-06 
 5.12861384e+00  8.67997367e-06 
 5.24807460e+00  8.59521408e-06 
 5.37031796e+00  8.51128626e-06 
 5.49540874e+00  8.42818202e-06 
 5.62341325e+00  8.34589322e-06 
 5.75439937e+00  8.26441179e-06 
 5.88843655e+00  8.18372978e-06 
 6.02559586e+00  8.10383929e-06 
 6.16595002e+00  8.02473250e-06 
 6.30957344e+00  7.94640168e-06 
 6.45654229e+00  7.86883917e-06 
 6.60693448e+00  7.79203739e-06 
 6.76082975e+00  7.71598882e-06 
 6.91830971e+00  7.64068604e-06 
 7.07945784e+00  7.56612168e-06 
 7.24435960e+00  7.49228846e-06 
 7.41310241e+00  7.41917916e-06 
 7.58577575e+00  7.34678665e-06 
 7.76247117e+00  7.27510385e-06 
 7.94328235e+00  7.20412376e-06 
 8.12830516e+00  7.13383945e-06 
 8.31763771e+00  7.06424406e-06 
 8.51138038e+00  6.99533080e-06 
 8.70963590e+00  6.92709294e-06 
 8.91250938e+00  6.85952381e-06 
 9.12010839e+00  6.79261683e-06 
 9.33254301e+00  6.72636547e-06 
 9.54992586e+00  6.66076327e-06 
 9.77237221e+00  6.59580382e-06 
 1.00000000e+01  6.53148079e-06 
 1.02329299e+01  6.46778791e-06 
 1.04712855e+01  6.40471897e-06 
 1.07151931e+01  6.34226782e-06 
 1.09647820e+01  6.28042838e-06 
 1.12201845e+01  6.21919461e-06 
 1.14815362e+01  6.15856055e-06 
 1.17489755e+01  6.09852029e-06 
 1.20226443e+01  6.03906799e-06 
 1.23026877e+01  5.98019785e-06 
 1.25892541e+01  5.92190413e-06 
 1.28824955e+01  5.86418117e-06 
 1.31825674e+01  5.80702334e-06 
 1.34896288e+01  5.75042507e-06 
 1.38038426e+01  5.69438087e-06 
 1.41253754e+01  5.63888526e-06 
 1.44543977e+01  5.58393286e-06 
 1.47910839e+01  5.52951831e-06 
 1.51356125e+01  5.47563632e-06 
 1.54881662e+01  5.42228165e-06 
 1.58489319e+01  5.36944910e-06 
 1.62181010e+01  5.31713355e-06 
 1.65958691e+01  5.26532990e-06 
 1.69824365e+01  5.21403312e-06 
 1.73780083e+01  5.16323822e-06 
 1.77827941e+01  5.11294026e-06 
 1.81970086e+01  5.06313435e-06 
 1.86208714e+01  5.01381566e-06 
 1.90546072e+01  4.96497939e-06 
 1.94984460e+01  4.91662079e-06 
 1.99526231e+01  4.86873518e-06 
 2.04173794e+01  4.82131789e-06 
 2.08929613e+01  4.77436432e-06 
 2.13796209e+01  4.72786992e-06 
 2.18776162e+01  4.68183016e-06 
 2.23872114e+01  4.63624058e-06 
 2.29086765e+01  4.59109676e-06 
 2.34422882e+01  4.54639431e-06 
 2.39883292e+01  4.50212889e-06 
 2.45470892e+01  4.45829621e-06 
 2.51188643e+01  4.41489201e-06 
 2.57039578e+01  4.37191209e-06 
 2.63026799e+01  4.32935227e-06 
 2.69153480e+01  4.28720843e-06 
 2.75422870e+01  4.24547649e-06 
 2.81838293e+01  4.20415238e-06 
 2.88403150e+01  4.16323211e-06 
 2.95120923e+01  4.12271172e-06 
 3.01995172e+01  4.08258726e-06 
 3.09029543e+01  4.04285486e-06 
 3.16227766e+01  4.00351066e-06 
 3.23593657e+01  3.96455086e-06 
 3.31131121e+01  3.92597167e-06 
 3.38844156e+01  3.88776936e-06 
 3.46736850e+01  3.84994022e-06 
 3.54813389e+01  3.81248061e-06 
 3.63078055e+01  3.77538688e-06 
 3.71535229e+01  3.73865544e-06 
 3.80189396e+01  3.70228275e-06 
 3.89045145e+01  3.66626527e-06 
 3.98107171e+01  3.63059953e-06 
 4.07380278e+01  3.59528206e-06 
 4.16869383e+01  3.56030946e-06 
 4.26579519e+01  3.52567833e-06 
 4.36515832e+01  3.49138534e-06 
 4.46683592e+01  3.45742715e-06 
 4.57088190e+01  3.42380049e-06 
 4.67735141e+01  3.39050210e-06 
 4.78630092e+01  3.35752876e-06 
 4.89778819e+01  3.32487729e-06 
 5.01187234e+01  3.29254452e-06 
 5.12861384e+01  3.26052734e-06 
 5.24807460e+01  3.22882264e-06 
 5.37031796e+01  3.19742736e-06 
 5.49540874e+01  3.16633848e-06 
 5.62341325e+01  3.13555297e-06 
 5.75439937e+01  3.10506788e-06 
 5.88843655e+01  3.07488025e-06 
 6.02559586e+01  3.04498716e-06 
 6.16595002e+01  3.01538574e-06 
 6.30957344e+01  2.98607312e-06 
 6.45654229e+01  2.95704647e-06 
 6.60693448e+01  2.92830298e-06 
 6.76082975e+01  2.89983989e-06 
 6.91830971e+01  2.87165445e-06 
 7.07945784e+01  2.84374392e-06 
 7.24435960e+01  2.81610563e-06 
 7.41310241e+01  2.78873690e-06 
 7.58577575e+01  2.76163510e-06 
 7.76247117e+01  2.73479760e-06 
 7.94328235e+01  2.70822181e-06 
 8.12830516e+01  2.68190518e-06 
 8.31763771e+01  2.65584517e-06 
 8.51138038e+01  2.63003926e-06 
 8.70963590e+01  2.60448496e-06 
 8.91250938e+01  2.57917981e-06 
 9.12010839e+01  2.55412137e-06 
 9.33254301e+01  2.52930722e-06 
 9.54992586e+01  2.50473497e-06 
 9.77237221e+01  2.48040226e-06 
 1.00000000e+02  2.45630673e-06 
 1.02329299e+02  2.43244607e-06 
 1.04712855e+02  2.40881798e-06 
 1.07151931e+02  2.38542017e-06 
 1.09647820e+02  2.36225040e-06 
 1.12201845e+02  2.33930644e-06 
 1.14815362e+02  2.31658607e-06 
 1.17489755e+02  2.29408710e-06 
 1.20226443e+02  2.27180737e-06 
 1.23026877e+02  2.24974474e-06 
 1.25892541e+02  2.22789707e-06 
 1.28824955e+02  2.20626228e-06 
 1.31825674e+02  2.18483826e-06 
 1.34896288e+02  2.16362296e-06 
 1.38038426e+02  2.14261435e-06 
 1.41253754e+02  2.12181039e-06 
 1.44543977e+02  2.10120909e-06 
 1.47910839e+02  2.08080845e-06 
 1.51356125e+02  2.06060653e-06 
 1.54881662e+02  2.04060138e-06 
 1.58489319e+02  2.02079107e-06 
 1.62181010e+02  2.00117370e-06 
 1.65958691e+02  1.98174738e-06 
 1.69824365e+02  1.96251024e-06 
 1.73780083e+02  1.94346043e-06 
 1.77827941e+02  1.92459613e-06 
 1.81970086e+02  1.90591551e-06 
 1.86208714e+02  1.88741678e-06 
 1.90546072e+02  1.86909817e-06 
 1.94984460e+02  1.85095792e-06 
 1.99526231e+02  1.83299427e-06 
 2.04173794e+02  1.81520551e-06 
 2.08929613e+02  1.79758992e-06 
 2.13796209e+02  1.78014582e-06 
 2.18776162e+02  1.76287152e-06 
 2.23872114e+02  1.74576537e-06 
 2.29086765e+02  1.72882572e-06 
 2.34422882e+02  1.71205095e-06 
 2.39883292e+02  1.69543945e-06 
 2.45470892e+02  1.67898962e-06 
 2.51188643e+02  1.66269989e-06 
 2.57039578e+02  1.64656868e-06 
 2.63026799e+02  1.63059445e-06 
 2.69153480e+02  1.61477567e-06 
 2.75422870e+02  1.59911081e-06 
 2.81838293e+02  1.58359839e-06 
 2.88403150e+02  1.56823689e-06 
 2.95120923e+02  1.55302487e-06 
 3.01995172e+02  1.53796084e-06 
 3.09029543e+02  1.52304337e-06 
 3.16227766e+02  1.50827103e-06 
 3.23593657e+02  1.49364240e-06 
 3.31131121e+02  1.47915608e-06 
 3.38844156e+02  1.46481067e-06 
 3.46736850e+02  1.45060481e-06 
 3.54813389e+02  1.43653712e-06 
 3.63078055e+02  1.42260627e-06 
 3.71535229e+02  1.40881091e-06 
 3.80189396e+02  1.39514972e-06 
 3.89045145e+02  1.38162140e-06 
 3.98107171e+02  1.36822465e-06 
 4.07380278e+02  1.35495818e-06 
 4.16869383e+02  1.34182072e-06 
 4.26579519e+02  1.32881101e-06 
 4.36515832e+02  1.31592781e-06 
 4.46683592e+02  1.30316988e-06 
 4.57088190e+02  1.29053600e-06 
 4.67735141e+02  1.27802496e-06 
 4.78630092e+02  1.26563557e-06 
 4.89778819e+02  1.25336662e-06 
 5.01187234e+02  1.24121696e-06 
 5.12861384e+02  1.22918541e-06 
 5.24807460e+02  1.21727083e-06 
 5.37031796e+02  1.20547207e-06 
 5.49540874e+02  1.19378801e-06 
 5.62341325e+02  1.18221752e-06 
 5.75439937e+02  1.17075950e-06 
 5.88843655e+02  1.15941285e-06 
 6.02559586e+02  1.14817649e-06 
 6.16595002e+02  1.13704933e-06 
 6.30957344e+02  1.12603032e-06 
 6.45654229e+02  1.11511841e-06 
 6.60693448e+02  1.10431254e-06 
 6.76082975e+02  1.09361168e-06 
 6.91830971e+02  1.08301481e-06 
 7.07945784e+02  1.07252092e-06 
 7.24435960e+02  1.06212900e-06 
 7.41310241e+02  1.05183806e-06 
 7.58577575e+02  1.04164712e-06 
 7.76247117e+02  1.03155519e-06 
 7.94328235e+02  1.02156132e-06 
 8.12830516e+02  1.01166455e-06 
 8.31763771e+02  1.00186393e-06 
 8.51138038e+02  9.92158527e-07 
 8.70963590e+02  9.82547414e-07 
 8.91250938e+02  9.73029672e-07 
 9.12010839e+02  9.63604389e-07 
 9.33254301e+02  9.54270667e-07 
 9.54992586e+02  9.45027612e-07 
 9.77237221e+02  9.35874342e-07 
 1.00000000e+03  9.26809983e-07 
 1.02329299e+03  9.17833667e-07 
 1.04712855e+03  9.08944538e-07 
 1.07151931e+03  9.00141747e-07 
 1.09647820e+03  8.91424452e-07 
 1.12201845e+03  8.82791822e-07 
 1.14815362e+03  8.74243031e-07 
 1.17489755e+03  8.65777264e-07 
 1.20226443e+03  8.57393712e-07 
 1.23026877e+03  8.49091574e-07 
 1.25892541e+03  8.40870058e-07 
 1.28824955e+03  8.32728379e-07 
 1.31825674e+03  8.24665760e-07 
 1.34896288e+03  8.16681432e-07 
 1.38038426e+03  8.08774631e-07 
 1.41253754e+03  8.00944604e-07 
 1.44543977e+03  7.93190603e-07 
 1.47910839e+03  7.85511888e-07 
 1.51356125e+03  7.77907727e-07 
 1.54881662e+03  7.70377394e-07 
 1.58489319e+03  7.62920171e-07 
 1.62181010e+03  7.55535345e-07 
 1.65958691e+03  7.48222214e-07 
 1.69824365e+03  7.40980079e-07 
 1.73780083e+03  7.33808249e-07 
 1.77827941e+03  7.26706040e-07 
 1.81970086e+03  7.19672776e-07 
 1.86208714e+03  7.12707784e-07 
 1.90546072e+03  7.05810402e-07 
 1.94984460e+03  6.98979972e-07 
 1.99526231e+03  6.92215842e-07 
 2.04173794e+03  6.85517367e-07 
 2.08929613e+03  6.78883909e-07 
 2.13796209e+03  6.72314836e-07 
 2.18776162e+03  6.65809521e-07 
 2.23872114e+03  6.59367345e-07 
 2.29086765e+03  6.52987693e-07 
 2.34422882e+03  6.46669957e-07 
 2.39883292e+03  6.40413536e-07 
 2.45470892e+03  6.34217834e-07 
 2.51188643e+03  6.28082259e-07 
 2.57039578e+03  6.22006228e-07 
 2.63026799e+03  6.15989161e-07 
 2.69153480e+03  6.10030485e-07 
 2.75422870e+03  6.04129634e-07 
 2.81838293e+03  5.98286044e-07 
 2.88403150e+03  5.92499159e-07 
 2.95120923e+03  5.86768429e-07 
 3.01995172e+03  5.81093307e-07 
 3.09029543e+03  5.75473252e-07 
 3.16227766e+03  5.69907731e-07 
 3.23593657e+03  5.64396212e-07 
 3.31131121e+03  5.58938172e-07 
 3.38844156e+03  5.53533090e-07 
 3.46736850e+03  5.48180451e-07 
 3.54813389e+03  5.42879748e-07 
 3.63078055e+03  5.37630474e-07 
 3.71535229e+03  5.32432131e-07 
 3.80189396e+03  5.27284223e-07 
 3.89045145e+03  5.22186261e-07 
 3.98107171e+03  5.17137760e-07 
 4.07380278e+03  5.12138239e-07 
 4.16869383e+03  5.07187222e-07 
 4.26579519e+03  5.02284238e-07 
 4.36515832e+03  4.97428822e-07 
 4.46683592e+03  4.92620511e-07 
 4.57088190e+03  4.87858847e-07 
 4.67735141e+03  4.83143378e-07 
 4.78630092e+03  4.78473656e-07 
 4.89778819e+03  4.73849235e-07 
 5.01187234e+03  4.69269677e-07 
 5.12861384e+03  4.64734545e-07 
 5.24807460e+03  4.60243410e-07 
 5.37031796e+03  4.55795842e-07 
 5.49540874e+03  4.51391420e-07 
 5.62341325e+03  4.47029726e-07 
 5.75439937e+03  4.42710343e-07 
 5.88843655e+03  4.38432862e-07 
 6.02559586e+03  4.34196876e-07 
 6.16595002e+03  4.30001982e-07 
 6.30957344e+03  4.25847781e-07 
 6.45654229e+03  4.21733880e-07 
 6.60693448e+03  4.17659886e-07 
 6.76082975e+03  4.13625413e-07 
 6.91830971e+03  4.09630077e-07 
 7.07945784e+03  4.05673499e-07 
 7.24435960e+03  4.01755303e-07 
 7.41310241e+03  3.97875115e-07 
 7.58577575e+03  3.94032569e-07 
 7.76247117e+03  3.90227298e-07 
 7.94328235e+03  3.86458942e-07 
 8.12830516e+03  3.82727141e-07 
 8.31763771e+03  3.79031543e-07 
 8.51138038e+03  3.75371795e-07 
 8.70963590e+03  3.71747550e-07 
 8.91250938e+03  3.68158465e-07 
 9.12010839e+03  3.64604197e-07 
 9.33254301e+03  3.61084411e-07 
 9.54992586e+03  3.57598770e-07 
 9.77237221e+03  3.54146945e-07 
 1.00000000e+04  3.50728608e-07 
 1.02329299e+04  3.47343434e-07 
 1.04712855e+04  3.43991102e-07 
 1.07151931e+04  3.40671294e-07 
 1.09647820e+04  3.37383693e-07 
 1.12201845e+04  3.34127990e-07 
 1.14815362e+04  3.30903873e-07 
 1.17489755e+04  3.27711038e-07 
 1.20226443e+04  3.24549182e-07 
 1.23026877e+04  3.21418003e-07 
 1.25892541e+04  3.18317206e-07 
 1.28824955e+04  3.15246496e-07 
 1.31825674e+04  3.12205581e-07 
 1.34896288e+04  3.09194173e-07 
 1.38038426e+04  3.06211987e-07 
 1.41253754e+04  3.03258739e-07 
 1.44543977e+04  3.00334149e-07 
 1.47910839e+04  2.97437940e-07 
 1.51356125e+04  2.94569837e-07 
 1.54881662e+04  2.91729568e-07 
 1.58489319e+04  2.88916864e-07 
 1.62181010e+04  2.86131457e-07 
 1.65958691e+04  2.83373084e-07 
 1.69824365e+04  2.80641483e-07 
 1.73780083e+04  2.77936395e-07 
 1.77827941e+04  2.75257564e-07 
 1.81970086e+04  2.72604735e-07 
 1.86208714e+04  2.69977658e-07 
 1.90546072e+04  2.67376082e-07 
 1.94984460e+04  2.64799761e-07 
 1.99526231e+04  2.62248452e-07 
 2.04173794e+04  2.59721911e-07 
 2.08929613e+04  2.57219900e-07 
 2.13796209e+04  2.54742182e-07 
 2.18776162e+04  2.52288521e-07 
 2.23872114e+04  2.49858686e-07 
 2.29086765e+04  2.47452445e-07 
 2.34422882e+04  2.45069571e-07 
 2.39883292e+04  2.42709837e-07 
 2.45470892e+04  2.40373021e-07 
 2.51188643e+04  2.38058901e-07 
 2.57039578e+04  2.35767258e-07 
 2.63026799e+04  2.33497874e-07 
 2.69153480e+04  2.31250534e-07 
 2.75422870e+04  2.29025026e-07 
 2.81838293e+04  2.26821138e-07 
 2.88403150e+04  2.24638662e-07 
 2.95120923e+04  2.22477392e-07 
 3.01995172e+04  2.20337122e-07 
 3.09029543e+04  2.18217649e-07 
 3.16227766e+04  2.16118773e-07 
 3.23593657e+04  2.14040296e-07 
 3.31131121e+04  2.11982020e-07 
 3.38844156e+04  2.09943750e-07 
 3.46736850e+04  2.07925293e-07 
 3.54813389e+04  2.05926458e-07 
 3.63078055e+04  2.03947056e-07 
 3.71535229e+04  2.01986900e-07 
 3.80189396e+04  2.00045804e-07 
 3.89045145e+04  1.98123583e-07 
 3.98107171e+04  1.96220057e-07 
 4.07380278e+04  1.94335044e-07 
 4.16869383e+04  1.92468367e-07 
 4.26579519e+04  1.90619848e-07 
 4.36515832e+04  1.88789313e-07 
 4.46683592e+04  1.86976588e-07 
 4.57088190e+04  1.85181502e-07 
 4.67735141e+04  1.83403885e-07 
 4.78630092e+04  1.81643569e-07 
 4.89778819e+04  1.79900386e-07 
 5.01187234e+04  1.78174173e-07 
 5.12861384e+04  1.76464765e-07 
 5.24807460e+04  1.74772001e-07 
 5.37031796e+04  1.73095721e-07 
 5.49540874e+04  1.71435766e-07 
 5.62341325e+04  1.69791978e-07 
 5.75439937e+04  1.68164204e-07 
 5.88843655e+04  1.66552287e-07 
 6.02559586e+04  1.64956077e-07 
 6.16595002e+04  1.63375421e-07 
 6.30957344e+04  1.61810171e-07 
 6.45654229e+04  1.60260178e-07 
 6.60693448e+04  1.58725295e-07 
 6.76082975e+04  1.57205378e-07 
 6.91830971e+04  1.55700282e-07 
 7.07945784e+04  1.54209866e-07 
 7.24435960e+04  1.52733988e-07 
 7.41310241e+04  1.51272509e-07 
 7.58577575e+04  1.49825290e-07 
 7.76247117e+04  1.48392194e-07 
 7.94328235e+04  1.46973087e-07 
 8.12830516e+04  1.45567833e-07 
 8.31763771e+04  1.44176300e-07 
 8.51138038e+04  1.42798357e-07 
 8.70963590e+04  1.41433872e-07 
 8.91250938e+04  1.40082717e-07 
 9.12010839e+04  1.38744765e-07 
 9.33254301e+04  1.37419888e-07 
 9.54992586e+04  1.36107961e-07 
 9.77237221e+04  1.34808860e-07 
 1.00000000e+05  1.33522463e-07 
 1.02329299e+05  1.32248648e-07 
 1.04712855e+05  1.30987294e-07 
 1.07151931e+05  1.29738282e-07 
 1.09647820e+05  1.28501494e-07 
 1.12201845e+05  1.27276813e-07 
 1.14815362e+05  1.26064124e-07 
 1.17489755e+05  1.24863310e-07 
 1.20226443e+05  1.23674260e-07 
 1.23026877e+05  1.22496861e-07 
 1.25892541e+05  1.21331001e-07 
 1.28824955e+05  1.20176570e-07 
 1.31825674e+05  1.19033459e-07 
 1.34896288e+05  1.17901560e-07 
 1.38038426e+05  1.16780766e-07 
 1.41253754e+05  1.15670971e-07 
 1.44543977e+05  1.14572069e-07 
 1.47910839e+05  1.13483958e-07 
 1.51356125e+05  1.12406535e-07 
 1.54881662e+05  1.11339696e-07 
 1.58489319e+05  1.10283342e-07 
 1.62181010e+05  1.09237373e-07 
 1.65958691e+05  1.08201690e-07 
 1.69824365e+05  1.07176195e-07 
 1.73780083e+05  1.06160790e-07 
 1.77827941e+05  1.05155381e-07 
 1.81970086e+05  1.04159871e-07 
 1.86208714e+05  1.03174168e-07 
 1.90546072e+05  1.02198177e-07 
 1.94984460e+05  1.01231806e-07 
 1.99526231e+05  1.00274964e-07 
 2.04173794e+05  9.93275613e-08 
 2.08929613e+05  9.83895072e-08 
 2.13796209e+05  9.74607133e-08 
 2.18776162e+05  9.65410919e-08 
 2.23872114e+05  9.56305561e-08 
 2.29086765e+05  9.47290197e-08 
 2.34422882e+05  9.38363974e-08 
 2.39883292e+05  9.29526050e-08 
 2.45470892e+05  9.20775588e-08 
 2.51188643e+05  9.12111760e-08 
 2.57039578e+05  9.03533748e-08 
 2.63026799e+05  8.95040739e-08 
 2.69153480e+05  8.86631932e-08 
 2.75422870e+05  8.78306530e-08 
 2.81838293e+05  8.70063746e-08 
 2.88403150e+05  8.61902801e-08 
 2.95120923e+05  8.53822922e-08 
 3.01995172e+05  8.45823345e-08 
 3.09029543e+05  8.37903313e-08 
 3.16227766e+05  8.30062077e-08 
 3.23593657e+05  8.22298896e-08 
 3.31131121e+05  8.14613033e-08 
 3.38844156e+05  8.07003763e-08 
 3.46736850e+05  7.99470365e-08 
 3.54813389e+05  7.92012125e-08 
 3.63078055e+05  7.84628338e-08 
 3.71535229e+05  7.77318305e-08 
 3.80189396e+05  7.70081334e-08 
 3.89045145e+05  7.62916739e-08 
 3.98107171e+05  7.55823842e-08 
 4.07380278e+05  7.48801971e-08 
 4.16869383e+05  7.41850461e-08 
 4.26579519e+05  7.34968654e-08 
 4.36515832e+05  7.28155898e-08 
 4.46683592e+05  7.21411546e-08 
 4.57088190e+05  7.14734960e-08 
 4.67735141e+05  7.08125507e-08 
 4.78630092e+05  7.01582560e-08 
 4.89778819e+05  6.95105498e-08 
 5.01187234e+05  6.88693709e-08 
 5.12861384e+05  6.82346583e-08 
 5.24807460e+05  6.76063518e-08 
 5.37031796e+05  6.69843918e-08 
 5.49540874e+05  6.63687192e-08 
 5.62341325e+05  6.57592757e-08 
 5.75439937e+05  6.51560034e-08 
 5.88843655e+05  6.45588449e-08 
 6.02559586e+05  6.39677435e-08 
 6.16595002e+05  6.33826431e-08 
 6.30957344e+05  6.28034880e-08 
 6.45654229e+05  6.22302232e-08 
 6.60693448e+05  6.16627942e-08 
 6.76082975e+05  6.11011470e-08 
 6.91830971e+05  6.05452281e-08 
 7.07945784e+05  5.99949846e-08 
 7.24435960e+05  5.94503641e-08 
 7.41310241e+05  5.89113149e-08 
 7.58577575e+05  5.83777853e-08 
 7.76247117e+05  5.78497248e-08 
 7.94328235e+05  5.73270827e-08 
 8.12830516e+05  5.68098094e-08 
 8.31763771e+05  5.62978555e-08 
 8.51138038e+05  5.57911720e-08 
 8.70963590e+05  5.52897105e-08 
 8.91250938e+05  5.47934232e-08 
 9.12010839e+05  5.43022626e-08 
 9.33254301e+05  5.38161817e-08 
 9.54992586e+05  5.33351339e-08 
 9.77237221e+05  5.28590733e-08 
 1.00000000e+06  5.23879541e-08 
 1.02329299e+06  5.19217313e-08 
 1.04712855e+06  5.14603600e-08 
 1.07151931e+06  5.10037961e-08 
 1.09647820e+06  5.05519956e-08 
 1.12201845e+06  5.01049152e-08 
 1.14815362e+06  4.96625118e-08 
 1.17489755e+06  4.92247428e-08 
 1.20226443e+06  4.87915661e-08 
 1.23026877e+06  4.83629399e-08 
 1.25892541e+06  4.79388230e-08 
 1.28824955e+06  4.75191742e-08 
 1.31825674e+06  4.71039531e-08 
 1.34896288e+06  4.66931195e-08 
 1.38038426e+06  4.62866337e-08 
 1.41253754e+06  4.58844562e-08 
 1.44543977e+06  4.54865481e-08 
 1.47910839e+06  4.50928707e-08 
 1.51356125e+06  4.47033858e-08 
 1.54881662e+06  4.43180554e-08 
 1.58489319e+06  4.39368421e-08 
 1.62181010e+06  4.35597086e-08 
 1.65958691e+06  4.31866182e-08 
 1.69824365e+06  4.28175344e-08 
 1.73780083e+06  4.24524210e-08 
 1.77827941e+06  4.20912423e-08 
 1.81970086e+06  4.17339629e-08 
 1.86208714e+06  4.13805477e-08 
 1.90546072e+06  4.10309618e-08 
 1.94984460e+06  4.06851708e-08 
 1.99526231e+06  4.03431407e-08 
 2.04173794e+06  4.00048375e-08 
 2.08929613e+06  3.96702279e-08 
 2.13796209e+06  3.93392786e-08 
 2.18776162e+06  3.90119568e-08 
 2.23872114e+06  3.86882298e-08 
 2.29086765e+06  3.83680655e-08 
 2.34422882e+06  3.80514319e-08 
 2.39883292e+06  3.77382972e-08 
 2.45470892e+06  3.74286301e-08 
 2.51188643e+06  3.71223995e-08 
 2.57039578e+06  3.68195745e-08 
 2.63026799e+06  3.65201246e-08 
 2.69153480e+06  3.62240196e-08 
 2.75422870e+06  3.59312294e-08 
 2.81838293e+06  3.56417243e-08 
 2.88403150e+06  3.53554748e-08 
 2.95120923e+06  3.50724517e-08 
 3.01995172e+06  3.47926260e-08 
 3.09029543e+06  3.45159692e-08 
 3.16227766e+06  3.42424526e-08 
 3.23593657e+06  3.39720481e-08 
 3.31131121e+06  3.37047278e-08 
 3.38844156e+06  3.34404638e-08 
 3.46736850e+06  3.31792288e-08 
 3.54813389e+06  3.29209955e-08 
 3.63078055e+06  3.26657368e-08 
 3.71535229e+06  3.24134259e-08 
 3.80189396e+06  3.21640364e-08 
 3.89045145e+06  3.19175417e-08 
 3.98107171e+06  3.16739159e-08 
 4.07380278e+06  3.14331329e-08 
 4.16869383e+06  3.11951671e-08 
 4.26579519e+06  3.09599929e-08 
 4.36515832e+06  3.07275851e-08 
 4.46683592e+06  3.04979186e-08 
 4.57088190e+06  3.02709685e-08 
 4.67735141e+06  3.00467101e-08 
 4.78630092e+06  2.98251188e-08 
 4.89778819e+06  2.96061704e-08 
 5.01187234e+06  2.93898408e-08 
 5.12861384e+06  2.91761059e-08 
 5.24807460e+06  2.89649421e-08 
 5.37031796e+06  2.87563258e-08 
 5.49540874e+06  2.85502336e-08 
 5.62341325e+06  2.83466422e-08 
 5.75439937e+06  2.81455286e-08 
 5.88843655e+06  2.79468700e-08 
 6.02559586e+06  2.77506436e-08 
 6.16595002e+06  2.75568268e-08 
 6.30957344e+06  2.73653973e-08 
 6.45654229e+06  2.71763328e-08 
 6.60693448e+06  2.69896114e-08 
 6.76082975e+06  2.68052110e-08 
 6.91830971e+06  2.66231100e-08 
 7.07945784e+06  2.64432866e-08 
 7.24435960e+06  2.62657195e-08 
 7.41310241e+06  2.60903874e-08 
 7.58577575e+06  2.59172690e-08 
 7.76247117e+06  2.57463435e-08 
 7.94328235e+06  2.55775898e-08 
 8.12830516e+06  2.54109873e-08 
 8.31763771e+06  2.52465153e-08 
 8.51138038e+06  2.50841534e-08 
 8.70963590e+06  2.49238813e-08 
 8.91250938e+06  2.47656788e-08 
 9.12010839e+06  2.46095257e-08 
 9.33254301e+06  2.44554023e-08 
 9.54992586e+06  2.43032886e-08 
 9.77237221e+06  2.41531650e-08 
 1.00000000e+07  2.40050120e-08 
 1.02329299e+07  2.38588100e-08 
 1.04712855e+07  2.37145399e-08 
 1.07151931e+07  2.35721824e-08 
 1.09647820e+07  2.34317184e-08 
 1.12201845e+07  2.32931291e-08 
 1.14815362e+07  2.31563956e-08 
 1.17489755e+07  2.30214992e-08 
 1.20226443e+07  2.28884213e-08 
 1.23026877e+07  2.27571434e-08 
 1.25892541e+07  2.26276472e-08 
 1.28824955e+07  2.24999145e-08 
 1.31825674e+07  2.23739270e-08 
 1.34896288e+07  2.22496669e-08 
 1.38038426e+07  2.21271161e-08 
 1.41253754e+07  2.20062570e-08 
 1.44543977e+07  2.18870718e-08 
 1.47910839e+07  2.17695430e-08 
 1.51356125e+07  2.16536530e-08 
 1.54881662e+07  2.15393847e-08 
 1.58489319e+07  2.14267206e-08 
 1.62181010e+07  2.13156438e-08 
 1.65958691e+07  2.12061372e-08 
 1.69824365e+07  2.10981839e-08 
 1.73780083e+07  2.09917670e-08 
 1.77827941e+07  2.08868700e-08 
 1.81970086e+07  2.07834762e-08 
 1.86208714e+07  2.06815693e-08 
 1.90546072e+07  2.05811327e-08 
 1.94984460e+07  2.04821504e-08 
 1.99526231e+07  2.03846061e-08 
 2.04173794e+07  2.02884839e-08 
 2.08929613e+07  2.01937678e-08 
 2.13796209e+07  2.01004420e-08 
 2.18776162e+07  2.00084910e-08 
 2.23872114e+07  1.99178990e-08 
 2.29086765e+07  1.98286507e-08 
 2.34422882e+07  1.97407307e-08 
 2.39883292e+07  1.96541238e-08 
 2.45470892e+07  1.95688150e-08 
 2.51188643e+07  1.94847891e-08 
 2.57039578e+07  1.94020313e-08 
 2.63026799e+07  1.93205270e-08 
 2.69153480e+07  1.92402614e-08 
 2.75422870e+07  1.91612200e-08 
 2.81838293e+07  1.90833885e-08 
 2.88403150e+07  1.90067526e-08 
 2.95120923e+07  1.89312982e-08 
 3.01995172e+07  1.88570112e-08 
 3.09029543e+07  1.87838777e-08 
 3.16227766e+07  1.87118841e-08 
 3.23593657e+07  1.86410165e-08 
 3.31131121e+07  1.85712617e-08 
 3.38844156e+07  1.85026061e-08 
 3.46736850e+07  1.84350366e-08 
 3.54813389e+07  1.83685400e-08 
 3.63078055e+07  1.83031034e-08 
 3.71535229e+07  1.82387140e-08 
 3.80189396e+07  1.81753591e-08 
 3.89045145e+07  1.81130261e-08 
 3.98107171e+07  1.80517026e-08 
 4.07380278e+07  1.79913765e-08 
 4.16869383e+07  1.79320355e-08 
 4.26579519e+07  1.78736678e-08 
 4.36515832e+07  1.78162615e-08 
 4.46683592e+07  1.77598050e-08 
 4.57088190e+07  1.77042867e-08 
 4.67735141e+07  1.76496955e-08 
 4.78630092e+07  1.75960200e-08 
 4.89778819e+07  1.75432494e-08 
 5.01187234e+07  1.74913727e-08 
 5.12861384e+07  1.74403793e-08 
 5.24807460e+07  1.73902586e-08 
 5.37031796e+07  1.73410005e-08 
 5.49540874e+07  1.72925947e-08 
 5.62341325e+07  1.72450313e-08 
 5.75439937e+07  1.71983004e-08 
 5.88843655e+07  1.71523927e-08 
 6.02559586e+07  1.71072986e-08 
 6.16595002e+07  1.70630090e-08 
 6.30957344e+07  1.70195148e-08 
 6.45654229e+07  1.69768073e-08 
 6.60693448e+07  1.69348779e-08 
 6.76082975e+07  1.68937183e-08 
 6.91830971e+07  1.68533202e-08 
 7.07945784e+07  1.68136760e-08 
 7.24435960e+07  1.67747777e-08 
 7.41310241e+07  1.67366180e-08 
 7.58577575e+07  1.66991897e-08 
 7.76247117e+07  1.66624857e-08 
 7.94328235e+07  1.66264996e-08 
 8.12830516e+07  1.65912246e-08 
 8.31763771e+07  1.65566548e-08 
 8.51138038e+07  1.65227841e-08 
 8.70963590e+07  1.64896071e-08 
 8.91250938e+07  1.64571183e-08 
 9.12010839e+07  1.64253126e-08 
 9.33254301e+07  1.63941856e-08 
 9.54992586e+07  1.63637327e-08 
 9.77237221e+07  1.63339498e-08 
 1.00000000e+08  1.63048333e-08 
 1.02329299e+08  1.62763797e-08 
 1.04712855e+08  1.62485862e-08 
 1.07151931e+08  1.62214499e-08 
 1.09647820e+08  1.61949687e-08 
 1.12201845e+08  1.61691408e-08 
 1.14815362e+08  1.61439648e-08 
 1.17489755e+08  1.61194395e-08 
 1.20226443e+08  1.60955646e-08 
 1.23026877e+08  1.60723399e-08 
 1.25892541e+08  1.60497659e-08 
 1.28824955e+08  1.60278434e-08 
 1.31825674e+08  1.60065740e-08 
 1.34896288e+08  1.59859596e-08 
 1.38038426e+08  1.59660028e-08 
 1.41253754e+08  1.59467068e-08 
 1.44543977e+08  1.59280754e-08 
 1.47910839e+08  1.59101128e-08 
 1.51356125e+08  1.58928245e-08 
 1.54881662e+08  1.58762160e-08 
 1.58489319e+08  1.58602941e-08 
 1.62181010e+08  1.58450660e-08 
 1.65958691e+08  1.58305399e-08 
 1.69824365e+08  1.58167248e-08 
 1.73780083e+08  1.58036306e-08 
 1.77827941e+08  1.57912683e-08 
 1.81970086e+08  1.57796495e-08 
 1.86208714e+08  1.57687873e-08 
 1.90546072e+08  1.57586955e-08 
 1.94984460e+08  1.57493894e-08 
 1.99526231e+08  1.57408852e-08 
 2.04173794e+08  1.57332005e-08 
 2.08929613e+08  1.57263545e-08 
 2.13796209e+08  1.57203673e-08 
 2.18776162e+08  1.57152609e-08 
 2.23872114e+08  1.57110589e-08 
 2.29086765e+08  1.57077863e-08 
 2.34422882e+08  1.57054701e-08 
 2.39883292e+08  1.57041391e-08 
 2.45470892e+08  1.57038241e-08 
 2.51188643e+08  1.57045582e-08 
 2.57039578e+08  1.57063764e-08 
 2.63026799e+08  1.57093163e-08 
 2.69153480e+08  1.57134180e-08 
 2.75422870e+08  1.57187244e-08 
 2.81838293e+08  1.57252810e-08 
 2.88403150e+08  1.57331367e-08 
 2.95120923e+08  1.57423432e-08 
 3.01995172e+08  1.57529561e-08 
 3.09029543e+08  1.57650346e-08 
 3.16227766e+08  1.57786416e-08 
 3.23593657e+08  1.57938444e-08 
 3.31131121e+08  1.58107149e-08 
 3.38844156e+08  1.58293296e-08 
 3.46736850e+08  1.58497703e-08 
 3.54813389e+08  1.58721243e-08 
 3.63078055e+08  1.58964847e-08 
 3.71535229e+08  1.59229512e-08 
 3.80189396e+08  1.59516299e-08 
 3.89045145e+08  1.59826345e-08 
 3.98107171e+08  1.60160865e-08 
 4.07380278e+08  1.60521157e-08 
 4.16869383e+08  1.60908609e-08 
 4.26579519e+08  1.61324709e-08 
 4.36515832e+08  1.61771045e-08 
 4.46683592e+08  1.62249322e-08 
 4.57088190e+08  1.62761363e-08 
 4.67735141e+08  1.63309119e-08 
 4.78630092e+08  1.63894686e-08 
 4.89778819e+08  1.64520308e-08 
 5.01187234e+08  1.65188391e-08 
 5.12861384e+08  1.65901516e-08 
 5.24807460e+08  1.66662449e-08 
 5.37031796e+08  1.67474162e-08 
 5.49540874e+08  1.68339840e-08 
 5.62341325e+08  1.69262906e-08 
 5.75439937e+08  1.70247024e-08 
 5.88843655e+08  1.71296135e-08 
 6.02559586e+08  1.72414459e-08 
 6.16595002e+08  1.73606528e-08 
 6.30957344e+08  1.74877195e-08 
 6.45654229e+08  1.76231660e-08 
 6.60693448e+08  1.77675494e-08 
 6.76082975e+08  1.79214652e-08 
 6.91830971e+08  1.80855500e-08 
 7.07945784e+08  1.82604824e-08 
 7.24435960e+08  1.84469857e-08 
 7.41310241e+08  1.86458276e-08 
 7.58577575e+08  1.88578233e-08 
 7.76247117e+08  1.90838331e-08 
 7.94328235e+08  1.93247633e-08 
 8.12830516e+08  1.95815629e-08 
 8.31763771e+08  1.98552218e-08 
 8.51138038e+08  2.01467638e-08 
 8.70963590e+08  2.04572397e-08 
 8.91250938e+08  2.07877171e-08 
 9.12010839e+08  2.11392644e-08 
 9.33254301e+08  2.15129344e-08 
 9.54992586e+08  2.19097383e-08 
 9.77237221e+08  2.23306151e-08 
 1.00000000e+09  2.27763963e-08 
