 1.00000000e+00 -9.38214713e-04 
 1.25892541e+00 -1.18114234e-03 
 1.58489319e+00 -1.48697011e-03 
 1.99526231e+00 -1.87198446e-03 
 2.51188643e+00 -2.35668881e-03 
 3.16227766e+00 -2.96689542e-03 
 3.98107171e+00 -3.73510004e-03 
 5.01187234e+00 -4.70221235e-03 
 6.30957344e+00 -5.91973462e-03 
 7.94328235e+00 -7.45250433e-03 
 1.00000000e+01 -9.38214705e-03 
 1.25892541e+01 -1.18114233e-02 
 1.58489319e+01 -1.48697008e-02 
 1.99526231e+01 -1.87198439e-02 
 2.51188643e+01 -2.35668867e-02 
 3.16227766e+01 -2.96689516e-02 
 3.98107171e+01 -3.73509952e-02 
 5.01187234e+01 -4.70221131e-02 
 6.30957344e+01 -5.91973253e-02 
 7.94328235e+01 -7.45250017e-02 
 1.00000000e+02 -9.38213875e-02 
 1.25892541e+02 -1.18114067e-01 
 1.58489319e+02 -1.48696677e-01 
 1.99526231e+02 -1.87197780e-01 
 2.51188643e+02 -2.35667552e-01 
 3.16227766e+02 -2.96686891e-01 
 3.98107171e+02 -3.73504715e-01 
 5.01187234e+02 -4.70210682e-01 
 6.30957344e+02 -5.91952405e-01 
 7.94328235e+02 -7.45208421e-01 
 1.00000000e+03 -9.38130885e-01 
 1.25892541e+03 -1.18097510e+00 
 1.58489319e+03 -1.48663647e+00 
 1.99526231e+03 -1.87131891e+00 
 2.51188643e+03 -2.35536136e+00 
 3.16227766e+03 -2.96424839e+00 
 3.98107171e+03 -3.72982347e+00 
 5.01187234e+03 -4.69169983e+00 
 6.30957344e+03 -5.89880852e+00 
 7.94328235e+03 -7.41090562e+00 
 1.00000000e+04 -9.29962930e+00 
 1.25892541e+04 -1.16482778e+01 
 1.58489319e+04 -1.45487936e+01 
 1.99526231e+04 -1.80935163e+01 
 2.51188643e+04 -2.23585516e+01 
 3.16227766e+04 -2.73764647e+01 
 3.98107171e+04 -3.31009529e+01 
 5.01187234e+04 -3.93766135e+01 
 6.30957344e+04 -4.59371178e+01 
 7.94328235e+04 -5.24494390e+01 
 1.00000000e+05 -5.85923612e+01 
 1.25892541e+05 -6.41286013e+01 
 1.58489319e+05 -6.89355870e+01 
 1.99526231e+05 -7.29930860e+01 
 2.51188643e+05 -7.63494743e+01 
 3.16227766e+05 -7.90878975e+01 
 3.98107171e+05 -8.13020422e+01 
 5.01187234e+05 -8.30822103e+01 
 6.30957344e+05 -8.45088679e+01 
 7.94328235e+05 -8.56506422e+01 
 1.00000000e+06 -8.65646010e+01 
 1.25892541e+06 -8.72975266e+01 
 1.58489319e+06 -8.78874976e+01 
 1.99526231e+06 -8.83654532e+01 
 2.51188643e+06 -8.87566055e+01 
 3.16227766e+06 -8.90816641e+01 
 3.98107171e+06 -8.93578791e+01 
 5.01187234e+06 -8.95999297e+01 
 6.30957344e+06 -8.98206909e+01 
 7.94328235e+06 -9.00319123e+01 
 1.00000000e+07 -9.02448395e+01 
 1.25892541e+07 -9.04708121e+01 
 1.58489319e+07 -9.07218682e+01 
 1.99526231e+07 -9.10113867e+01 
 2.51188643e+07 -9.13548051e+01 
 3.16227766e+07 -9.17704508e+01 
 3.98107171e+07 -9.22805371e+01 
 5.01187234e+07 -9.29123838e+01 
 6.30957344e+07 -9.36999497e+01 
 7.94328235e+07 -9.46857918e+01 
 1.00000000e+08 -9.59236284e+01 
 1.25892541e+08 -9.74817757e+01 
 1.58489319e+08 -9.94478825e+01 
 1.99526231e+08 -1.01935613e+02 
 2.51188643e+08 -1.05094153e+02 
 3.16227766e+08 -1.09121119e+02 
 3.98107171e+08 -1.14276390e+02 
 5.01187234e+08 -1.20879631e+02 
 6.30957344e+08 -1.29218156e+02 
 7.94328235e+08 -1.39127448e+02 
 1.00000000e+09 -1.48797605e+02 
