 1.00000000e+00 -9.37285821e-04 
 1.25892541e+00 -1.17997294e-03 
 1.58489319e+00 -1.48549792e-03 
 1.99526231e+00 -1.87013108e-03 
 2.51188643e+00 -2.35435553e-03 
 3.16227766e+00 -2.96395801e-03 
 3.98107171e+00 -3.73140206e-03 
 5.01187234e+00 -4.69755687e-03 
 6.30957344e+00 -5.91387371e-03 
 7.94328235e+00 -7.44512588e-03 
 1.00000000e+01 -9.37285813e-03 
 1.25892541e+01 -1.17997292e-02 
 1.58489319e+01 -1.48549788e-02 
 1.99526231e+01 -1.87013101e-02 
 2.51188643e+01 -2.35435540e-02 
 3.16227766e+01 -2.96395775e-02 
 3.98107171e+01 -3.73140153e-02 
 5.01187234e+01 -4.69755583e-02 
 6.30957344e+01 -5.91387163e-02 
 7.94328235e+01 -7.44512173e-02 
 1.00000000e+02 -9.37284985e-02 
 1.25892541e+02 -1.17997127e-01 
 1.58489319e+02 -1.48549459e-01 
 1.99526231e+02 -1.87012444e-01 
 2.51188643e+02 -2.35434229e-01 
 3.16227766e+02 -2.96393158e-01 
 3.98107171e+02 -3.73134932e-01 
 5.01187234e+02 -4.69745164e-01 
 6.30957344e+02 -5.91366376e-01 
 7.94328235e+02 -7.44470698e-01 
 1.00000000e+03 -9.37202238e-01 
 1.25892541e+03 -1.17980618e+00 
 1.58489319e+03 -1.48516525e+00 
 1.99526231e+03 -1.86946747e+00 
 2.51188643e+03 -2.35303196e+00 
 3.16227766e+03 -2.96131869e+00 
 3.98107171e+03 -3.72614085e+00 
 5.01187234e+03 -4.68707493e+00 
 6.30957344e+03 -5.89300841e+00 
 7.94328235e+03 -7.40364774e+00 
 1.00000000e+04 -9.29057862e+00 
 1.25892541e+04 -1.16370520e+01 
 1.58489319e+04 -1.45349841e+01 
 1.99526231e+04 -1.80767383e+01 
 2.51188643e+04 -2.23385352e+01 
 3.16227766e+04 -2.73531917e+01 
 3.98107171e+04 -3.30748077e+01 
 5.01187234e+04 -3.93484680e+01 
 6.30957344e+04 -4.59082446e+01 
 7.94328235e+04 -5.24212296e+01 
 1.00000000e+05 -5.85659708e+01 
 1.25892541e+05 -6.41047133e+01 
 1.58489319e+05 -6.89143802e+01 
 1.99526231e+05 -7.29743438e+01 
 2.51188643e+05 -7.63327325e+01 
 3.16227766e+05 -7.90725606e+01 
 3.98107171e+05 -8.12874523e+01 
 5.01187234e+05 -8.30676733e+01 
 6.30957344e+05 -8.44936524e+01 
 7.94328235e+05 -8.56339597e+01 
 1.00000000e+06 -8.65455742e+01 
 1.25892541e+06 -8.72751478e+01 
 1.58489319e+06 -8.78605779e+01 
 1.99526231e+06 -8.83325604e+01 
 2.51188643e+06 -8.87159886e+01 
 3.16227766e+06 -8.90311604e+01 
 3.98107171e+06 -8.92947992e+01 
 5.01187234e+06 -8.95209142e+01 
 6.30957344e+06 -8.97215317e+01 
 7.94328235e+06 -8.99073279e+01 
 1.00000000e+07 -9.00881938e+01 
 1.25892541e+07 -9.02737602e+01 
 1.58489319e+07 -9.04739099e+01 
 1.99526231e+07 -9.06993050e+01 
 2.51188643e+07 -9.09619556e+01 
 3.16227766e+07 -9.12758634e+01 
 3.98107171e+07 -9.16577743e+01 
 5.01187234e+07 -9.21280850e+01 
 6.30957344e+07 -9.27119576e+01 
 7.94328235e+07 -9.34407174e+01 
 1.00000000e+08 -9.43536354e+01 
 1.25892541e+08 -9.55002459e+01 
 1.58489319e+08 -9.69434315e+01 
 1.99526231e+08 -9.87636464e+01 
 2.51188643e+08 -1.01064893e+02 
 3.16227766e+08 -1.03983458e+02 
 3.98107171e+08 -1.07700920e+02 
 5.01187234e+08 -1.12463101e+02 
 6.30957344e+08 -1.18603503e+02 
 7.94328235e+08 -1.26550772e+02 
 1.00000000e+09 -1.36715481e+02 
