 1.00000000e+00  1.67096394e+01 
 1.25892541e+00  1.67096394e+01 
 1.58489319e+00  1.67096394e+01 
 1.99526231e+00  1.67096394e+01 
 2.51188643e+00  1.67096394e+01 
 3.16227766e+00  1.67096394e+01 
 3.98107171e+00  1.67096394e+01 
 5.01187234e+00  1.67096394e+01 
 6.30957344e+00  1.67096394e+01 
 7.94328235e+00  1.67096394e+01 
 1.00000000e+01  1.67096394e+01 
 1.25892541e+01  1.67096394e+01 
 1.58489319e+01  1.67096394e+01 
 1.99526231e+01  1.67096394e+01 
 2.51188643e+01  1.67096394e+01 
 3.16227766e+01  1.67096394e+01 
 3.98107171e+01  1.67096393e+01 
 5.01187234e+01  1.67096393e+01 
 6.30957344e+01  1.67096393e+01 
 7.94328235e+01  1.67096392e+01 
 1.00000000e+02  1.67096391e+01 
 1.25892541e+02  1.67096390e+01 
 1.58489319e+02  1.67096387e+01 
 1.99526231e+02  1.67096383e+01 
 2.51188643e+02  1.67096377e+01 
 3.16227766e+02  1.67096367e+01 
 3.98107171e+02  1.67096351e+01 
 5.01187234e+02  1.67096327e+01 
 6.30957344e+02  1.67096287e+01 
 7.94328235e+02  1.67096225e+01 
 1.00000000e+03  1.67096126e+01 
 1.25892541e+03  1.67095970e+01 
 1.58489319e+03  1.67095722e+01 
 1.99526231e+03  1.67095329e+01 
 2.51188643e+03  1.67094706e+01 
 3.16227766e+03  1.67093719e+01 
 3.98107171e+03  1.67092155e+01 
 5.01187234e+03  1.67089676e+01 
 6.30957344e+03  1.67085747e+01 
 7.94328235e+03  1.67079522e+01 
 1.00000000e+04  1.67069656e+01 
 1.25892541e+04  1.67054025e+01 
 1.58489319e+04  1.67029263e+01 
 1.99526231e+04  1.66990047e+01 
 2.51188643e+04  1.66927966e+01 
 3.16227766e+04  1.66829756e+01 
 3.98107171e+04  1.66674557e+01 
 5.01187234e+04  1.66429713e+01 
 6.30957344e+04  1.66044467e+01 
 7.94328235e+04  1.65440809e+01 
 1.00000000e+05  1.64500937e+01 
 1.25892541e+05  1.63051791e+01 
 1.58489319e+05  1.60849729e+01 
 1.99526231e+05  1.57573447e+01 
 2.51188643e+05  1.52839553e+01 
 3.16227766e+05  1.46256419e+01 
 3.98107171e+05  1.37516624e+01 
 5.01187234e+05  1.26494631e+01 
 6.30957344e+05  1.13292772e+01 
 7.94328235e+05  9.82034972e+00 
 1.00000000e+06  8.16144181e+00 
 1.25892541e+06  6.39130824e+00 
 1.58489319e+06  4.54286063e+00 
 1.99526231e+06  2.64127140e+00 
 2.51188643e+06  7.04520291e-01 
 3.16227766e+06 -1.25511146e+00 
 3.98107171e+06 -3.22947561e+00 
 5.01187234e+06 -5.21326876e+00 
 6.30957344e+06 -7.20308556e+00 
 7.94328235e+06 -9.19676530e+00 
 1.00000000e+07 -1.11929586e+01 
 1.25892541e+07 -1.31908499e+01 
 1.58489319e+07 -1.51899860e+01 
 1.99526231e+07 -1.71901813e+01 
 2.51188643e+07 -1.91914773e+01 
 3.16227766e+07 -2.11941518e+01 
 3.98107171e+07 -2.31987768e+01 
 5.01187234e+07 -2.52063372e+01 
 6.30957344e+07 -2.72184314e+01 
 7.94328235e+07 -2.92375865e+01 
 1.00000000e+08 -3.12677306e+01 
 1.25892541e+08 -3.33148627e+01 
 1.58489319e+08 -3.53879263e+01 
 1.99526231e+08 -3.74997672e+01 
 2.51188643e+08 -3.96677764e+01 
 3.16227766e+08 -4.19133067e+01 
 3.98107171e+08 -4.42583996e+01 
 5.01187234e+08 -4.67184962e+01 
 6.30957344e+08 -4.92918824e+01 
 7.94328235e+08 -5.19507257e+01 
 1.00000000e+09 -5.46412359e+01 
