 1.00000000e+00  1.67095650e+01 
 1.25892541e+00  1.67095650e+01 
 1.58489319e+00  1.67095650e+01 
 1.99526231e+00  1.67095650e+01 
 2.51188643e+00  1.67095650e+01 
 3.16227766e+00  1.67095650e+01 
 3.98107171e+00  1.67095650e+01 
 5.01187234e+00  1.67095650e+01 
 6.30957344e+00  1.67095650e+01 
 7.94328235e+00  1.67095650e+01 
 1.00000000e+01  1.67095650e+01 
 1.25892541e+01  1.67095650e+01 
 1.58489319e+01  1.67095650e+01 
 1.99526231e+01  1.67095650e+01 
 2.51188643e+01  1.67095650e+01 
 3.16227766e+01  1.67095649e+01 
 3.98107171e+01  1.67095649e+01 
 5.01187234e+01  1.67095649e+01 
 6.30957344e+01  1.67095649e+01 
 7.94328235e+01  1.67095648e+01 
 1.00000000e+02  1.67095647e+01 
 1.25892541e+02  1.67095645e+01 
 1.58489319e+02  1.67095643e+01 
 1.99526231e+02  1.67095639e+01 
 2.51188643e+02  1.67095633e+01 
 3.16227766e+02  1.67095623e+01 
 3.98107171e+02  1.67095607e+01 
 5.01187234e+02  1.67095583e+01 
 6.30957344e+02  1.67095544e+01 
 7.94328235e+02  1.67095482e+01 
 1.00000000e+03  1.67095383e+01 
 1.25892541e+03  1.67095227e+01 
 1.58489319e+03  1.67094980e+01 
 1.99526231e+03  1.67094589e+01 
 2.51188643e+03  1.67093968e+01 
 3.16227766e+03  1.67092985e+01 
 3.98107171e+03  1.67091427e+01 
 5.01187234e+03  1.67088957e+01 
 6.30957344e+03  1.67085043e+01 
 7.94328235e+03  1.67078840e+01 
 1.00000000e+04  1.67069012e+01 
 1.25892541e+04  1.67053439e+01 
 1.58489319e+04  1.67028770e+01 
 1.99526231e+04  1.66989700e+01 
 2.51188643e+04  1.66927850e+01 
 3.16227766e+04  1.66830004e+01 
 3.98107171e+04  1.66675380e+01 
 5.01187234e+04  1.66431438e+01 
 6.30957344e+04  1.66047603e+01 
 7.94328235e+04  1.65446128e+01 
 1.00000000e+05  1.64509598e+01 
 1.25892541e+05  1.63065466e+01 
 1.58489319e+05  1.60870709e+01 
 1.99526231e+05  1.57604635e+01 
 2.51188643e+05  1.52884199e+01 
 3.16227766e+05  1.46317507e+01 
 3.98107171e+05  1.37596032e+01 
 5.01187234e+05  1.26592471e+01 
 6.30957344e+05  1.13407344e+01 
 7.94328235e+05  9.83319065e+00 
 1.00000000e+06  8.17534160e+00 
 1.25892541e+06  6.40597207e+00 
 1.58489319e+06  4.55805399e+00 
 1.99526231e+06  2.65682377e+00 
 2.51188643e+06  7.20315949e-01 
 3.16227766e+06 -1.23914555e+00 
 3.98107171e+06 -3.21337983e+00 
 5.01187234e+06 -5.19705716e+00 
 6.30957344e+06 -7.18674789e+00 
 7.94328235e+06 -9.18026436e+00 
 1.00000000e+07 -1.11762222e+01 
 1.25892541e+07 -1.31737548e+01 
 1.58489319e+07 -1.51723321e+01 
 1.99526231e+07 -1.71716479e+01 
 2.51188643e+07 -1.91715547e+01 
 3.16227766e+07 -2.11720325e+01 
 3.98107171e+07 -2.31731840e+01 
 5.01187234e+07 -2.51752567e+01 
 6.30957344e+07 -2.71786951e+01 
 7.94328235e+07 -2.91842343e+01 
 1.00000000e+08 -3.11930523e+01 
 1.25892541e+08 -3.32070083e+01 
 1.58489319e+08 -3.52290051e+01 
 1.99526231e+08 -3.72635193e+01 
 2.51188643e+08 -3.93173375e+01 
 3.16227766e+08 -4.14004760e+01 
 3.98107171e+08 -4.35271059e+01 
 5.01187234e+08 -4.57159527e+01 
 6.30957344e+08 -4.79890887e+01 
 7.94328235e+08 -5.03675876e+01 
 1.00000000e+09 -5.28631242e+01 
