 1.00000000e+00  2.58831733e-05 
 1.02329299e+00  2.56319696e-05 
 1.04712855e+00  2.53832111e-05 
 1.07151931e+00  2.51368740e-05 
 1.09647820e+00  2.48929347e-05 
 1.12201845e+00  2.46513697e-05 
 1.14815362e+00  2.44121559e-05 
 1.17489755e+00  2.41752701e-05 
 1.20226443e+00  2.39406898e-05 
 1.23026877e+00  2.37083923e-05 
 1.25892541e+00  2.34783554e-05 
 1.28824955e+00  2.32505570e-05 
 1.31825674e+00  2.30249752e-05 
 1.34896288e+00  2.28015884e-05 
 1.38038426e+00  2.25803751e-05 
 1.41253754e+00  2.23613141e-05 
 1.44543977e+00  2.21443844e-05 
 1.47910839e+00  2.19295651e-05 
 1.51356125e+00  2.17168357e-05 
 1.54881662e+00  2.15061757e-05 
 1.58489319e+00  2.12975649e-05 
 1.62181010e+00  2.10909834e-05 
 1.65958691e+00  2.08864113e-05 
 1.69824365e+00  2.06838290e-05 
 1.73780083e+00  2.04832171e-05 
 1.77827941e+00  2.02845563e-05 
 1.81970086e+00  2.00878275e-05 
 1.86208714e+00  1.98930120e-05 
 1.90546072e+00  1.97000911e-05 
 1.94984460e+00  1.95090462e-05 
 1.99526231e+00  1.93198591e-05 
 2.04173794e+00  1.91325116e-05 
 2.08929613e+00  1.89469857e-05 
 2.13796209e+00  1.87632637e-05 
 2.18776162e+00  1.85813281e-05 
 2.23872114e+00  1.84011612e-05 
 2.29086765e+00  1.82227460e-05 
 2.34422882e+00  1.80460653e-05 
 2.39883292e+00  1.78711021e-05 
 2.45470892e+00  1.76978398e-05 
 2.51188643e+00  1.75262618e-05 
 2.57039578e+00  1.73563515e-05 
 2.63026799e+00  1.71880928e-05 
 2.69153480e+00  1.70214694e-05 
 2.75422870e+00  1.68564656e-05 
 2.81838293e+00  1.66930655e-05 
 2.88403150e+00  1.65312534e-05 
 2.95120923e+00  1.63710138e-05 
 3.01995172e+00  1.62123315e-05 
 3.09029543e+00  1.60551911e-05 
 3.16227766e+00  1.58995778e-05 
 3.23593657e+00  1.57454766e-05 
 3.31131121e+00  1.55928728e-05 
 3.38844156e+00  1.54417517e-05 
 3.46736850e+00  1.52920990e-05 
 3.54813389e+00  1.51439002e-05 
 3.63078055e+00  1.49971412e-05 
 3.71535229e+00  1.48518081e-05 
 3.80189396e+00  1.47078868e-05 
 3.89045145e+00  1.45653636e-05 
 3.98107171e+00  1.44242250e-05 
 4.07380278e+00  1.42844573e-05 
 4.16869383e+00  1.41460473e-05 
 4.26579519e+00  1.40089817e-05 
 4.36515832e+00  1.38732475e-05 
 4.46683592e+00  1.37388315e-05 
 4.57088190e+00  1.36057211e-05 
 4.67735141e+00  1.34739034e-05 
 4.78630092e+00  1.33433659e-05 
 4.89778819e+00  1.32140961e-05 
 5.01187234e+00  1.30860816e-05 
 5.12861384e+00  1.29593103e-05 
 5.24807460e+00  1.28337700e-05 
 5.37031796e+00  1.27094487e-05 
 5.49540874e+00  1.25863345e-05 
 5.62341325e+00  1.24644158e-05 
 5.75439937e+00  1.23436808e-05 
 5.88843655e+00  1.22241180e-05 
 6.02559586e+00  1.21057159e-05 
 6.16595002e+00  1.19884634e-05 
 6.30957344e+00  1.18723492e-05 
 6.45654229e+00  1.17573622e-05 
 6.60693448e+00  1.16434915e-05 
 6.76082975e+00  1.15307261e-05 
 6.91830971e+00  1.14190553e-05 
 7.07945784e+00  1.13084685e-05 
 7.24435960e+00  1.11989550e-05 
 7.41310241e+00  1.10905045e-05 
 7.58577575e+00  1.09831066e-05 
 7.76247117e+00  1.08767511e-05 
 7.94328235e+00  1.07714277e-05 
 8.12830516e+00  1.06671265e-05 
 8.31763771e+00  1.05638375e-05 
 8.51138038e+00  1.04615509e-05 
 8.70963590e+00  1.03602569e-05 
 8.91250938e+00  1.02599458e-05 
 9.12010839e+00  1.01606080e-05 
 9.33254301e+00  1.00622342e-05 
 9.54992586e+00  9.96481489e-06 
 9.77237221e+00  9.86834080e-06 
 1.00000000e+01  9.77280275e-06 
 1.02329299e+01  9.67819161e-06 
 1.04712855e+01  9.58449838e-06 
 1.07151931e+01  9.49171412e-06 
 1.09647820e+01  9.39982999e-06 
 1.12201845e+01  9.30883723e-06 
 1.14815362e+01  9.21872717e-06 
 1.17489755e+01  9.12949122e-06 
 1.20226443e+01  9.04112089e-06 
 1.23026877e+01  8.95360774e-06 
 1.25892541e+01  8.86694344e-06 
 1.28824955e+01  8.78111974e-06 
 1.31825674e+01  8.69612846e-06 
 1.34896288e+01  8.61196150e-06 
 1.38038426e+01  8.52861084e-06 
 1.41253754e+01  8.44606855e-06 
 1.44543977e+01  8.36432677e-06 
 1.47910839e+01  8.28337770e-06 
 1.51356125e+01  8.20321365e-06 
 1.54881662e+01  8.12382697e-06 
 1.58489319e+01  8.04521012e-06 
 1.62181010e+01  7.96735560e-06 
 1.65958691e+01  7.89025600e-06 
 1.69824365e+01  7.81390398e-06 
 1.73780083e+01  7.73829228e-06 
 1.77827941e+01  7.66341369e-06 
 1.81970086e+01  7.58926109e-06 
 1.86208714e+01  7.51582743e-06 
 1.90546072e+01  7.44310571e-06 
 1.94984460e+01  7.37108901e-06 
 1.99526231e+01  7.29977048e-06 
 2.04173794e+01  7.22914334e-06 
 2.08929613e+01  7.15920086e-06 
 2.13796209e+01  7.08993639e-06 
 2.18776162e+01  7.02134334e-06 
 2.23872114e+01  6.95341519e-06 
 2.29086765e+01  6.88614547e-06 
 2.34422882e+01  6.81952778e-06 
 2.39883292e+01  6.75355580e-06 
 2.45470892e+01  6.68822323e-06 
 2.51188643e+01  6.62352388e-06 
 2.57039578e+01  6.55945159e-06 
 2.63026799e+01  6.49600026e-06 
 2.69153480e+01  6.43316387e-06 
 2.75422870e+01  6.37093643e-06 
 2.81838293e+01  6.30931204e-06 
 2.88403150e+01  6.24828483e-06 
 2.95120923e+01  6.18784900e-06 
 3.01995172e+01  6.12799881e-06 
 3.09029543e+01  6.06872857e-06 
 3.16227766e+01  6.01003264e-06 
 3.23593657e+01  5.95190545e-06 
 3.31131121e+01  5.89434147e-06 
 3.38844156e+01  5.83733523e-06 
 3.46736850e+01  5.78088132e-06 
 3.54813389e+01  5.72497437e-06 
 3.63078055e+01  5.66960907e-06 
 3.71535229e+01  5.61478016e-06 
 3.80189396e+01  5.56048242e-06 
 3.89045145e+01  5.50671071e-06 
 3.98107171e+01  5.45345991e-06 
 4.07380278e+01  5.40072497e-06 
 4.16869383e+01  5.34850087e-06 
 4.26579519e+01  5.29678266e-06 
 4.36515832e+01  5.24556543e-06 
 4.46683592e+01  5.19484430e-06 
 4.57088190e+01  5.14461447e-06 
 4.67735141e+01  5.09487116e-06 
 4.78630092e+01  5.04560966e-06 
 4.89778819e+01  4.99682527e-06 
 5.01187234e+01  4.94851338e-06 
 5.12861384e+01  4.90066940e-06 
 5.24807460e+01  4.85328878e-06 
 5.37031796e+01  4.80636702e-06 
 5.49540874e+01  4.75989968e-06 
 5.62341325e+01  4.71388233e-06 
 5.75439937e+01  4.66831062e-06 
 5.88843655e+01  4.62318022e-06 
 6.02559586e+01  4.57848685e-06 
 6.16595002e+01  4.53422626e-06 
 6.30957344e+01  4.49039425e-06 
 6.45654229e+01  4.44698667e-06 
 6.60693448e+01  4.40399940e-06 
 6.76082975e+01  4.36142835e-06 
 6.91830971e+01  4.31926950e-06 
 7.07945784e+01  4.27751883e-06 
 7.24435960e+01  4.23617239e-06 
 7.41310241e+01  4.19522626e-06 
 7.58577575e+01  4.15467655e-06 
 7.76247117e+01  4.11451942e-06 
 7.94328235e+01  4.07475106e-06 
 8.12830516e+01  4.03536769e-06 
 8.31763771e+01  3.99636559e-06 
 8.51138038e+01  3.95774105e-06 
 8.70963590e+01  3.91949041e-06 
 8.91250938e+01  3.88161004e-06 
 9.12010839e+01  3.84409636e-06 
 9.33254301e+01  3.80694579e-06 
 9.54992586e+01  3.77015484e-06 
 9.77237221e+01  3.73371999e-06 
 1.00000000e+02  3.69763781e-06 
 1.02329299e+02  3.66190487e-06 
 1.04712855e+02  3.62651778e-06 
 1.07151931e+02  3.59147320e-06 
 1.09647820e+02  3.55676779e-06 
 1.12201845e+02  3.52239826e-06 
 1.14815362e+02  3.48836137e-06 
 1.17489755e+02  3.45465389e-06 
 1.20226443e+02  3.42127262e-06 
 1.23026877e+02  3.38821439e-06 
 1.25892541e+02  3.35547608e-06 
 1.28824955e+02  3.32305459e-06 
 1.31825674e+02  3.29094684e-06 
 1.34896288e+02  3.25914978e-06 
 1.38038426e+02  3.22766042e-06 
 1.41253754e+02  3.19647576e-06 
 1.44543977e+02  3.16559285e-06 
 1.47910839e+02  3.13500877e-06 
 1.51356125e+02  3.10472061e-06 
 1.54881662e+02  3.07472552e-06 
 1.58489319e+02  3.04502064e-06 
 1.62181010e+02  3.01560317e-06 
 1.65958691e+02  2.98647033e-06 
 1.69824365e+02  2.95761934e-06 
 1.73780083e+02  2.92904748e-06 
 1.77827941e+02  2.90075204e-06 
 1.81970086e+02  2.87273035e-06 
 1.86208714e+02  2.84497975e-06 
 1.90546072e+02  2.81749761e-06 
 1.94984460e+02  2.79028134e-06 
 1.99526231e+02  2.76332835e-06 
 2.04173794e+02  2.73663609e-06 
 2.08929613e+02  2.71020205e-06 
 2.13796209e+02  2.68402371e-06 
 2.18776162e+02  2.65809859e-06 
 2.23872114e+02  2.63242425e-06 
 2.29086765e+02  2.60699825e-06 
 2.34422882e+02  2.58181819e-06 
 2.39883292e+02  2.55688168e-06 
 2.45470892e+02  2.53218637e-06 
 2.51188643e+02  2.50772992e-06 
 2.57039578e+02  2.48351001e-06 
 2.63026799e+02  2.45952435e-06 
 2.69153480e+02  2.43577067e-06 
 2.75422870e+02  2.41224673e-06 
 2.81838293e+02  2.38895030e-06 
 2.88403150e+02  2.36587917e-06 
 2.95120923e+02  2.34303116e-06 
 3.01995172e+02  2.32040412e-06 
 3.09029543e+02  2.29799590e-06 
 3.16227766e+02  2.27580437e-06 
 3.23593657e+02  2.25382745e-06 
 3.31131121e+02  2.23206306e-06 
 3.38844156e+02  2.21050913e-06 
 3.46736850e+02  2.18916363e-06 
 3.54813389e+02  2.16802453e-06 
 3.63078055e+02  2.14708984e-06 
 3.71535229e+02  2.12635759e-06 
 3.80189396e+02  2.10582580e-06 
 3.89045145e+02  2.08549254e-06 
 3.98107171e+02  2.06535588e-06 
 4.07380278e+02  2.04541393e-06 
 4.16869383e+02  2.02566479e-06 
 4.26579519e+02  2.00610660e-06 
 4.36515832e+02  1.98673751e-06 
 4.46683592e+02  1.96755568e-06 
 4.57088190e+02  1.94855932e-06 
 4.67735141e+02  1.92974661e-06 
 4.78630092e+02  1.91111578e-06 
 4.89778819e+02  1.89266508e-06 
 5.01187234e+02  1.87439275e-06 
 5.12861384e+02  1.85629707e-06 
 5.24807460e+02  1.83837633e-06 
 5.37031796e+02  1.82062883e-06 
 5.49540874e+02  1.80305290e-06 
 5.62341325e+02  1.78564689e-06 
 5.75439937e+02  1.76840913e-06 
 5.88843655e+02  1.75133801e-06 
 6.02559586e+02  1.73443190e-06 
 6.16595002e+02  1.71768923e-06 
 6.30957344e+02  1.70110839e-06 
 6.45654229e+02  1.68468783e-06 
 6.60693448e+02  1.66842599e-06 
 6.76082975e+02  1.65232134e-06 
 6.91830971e+02  1.63637236e-06 
 7.07945784e+02  1.62057753e-06 
 7.24435960e+02  1.60493538e-06 
 7.41310241e+02  1.58944441e-06 
 7.58577575e+02  1.57410317e-06 
 7.76247117e+02  1.55891021e-06 
 7.94328235e+02  1.54386409e-06 
 8.12830516e+02  1.52896339e-06 
 8.31763771e+02  1.51420671e-06 
 8.51138038e+02  1.49959265e-06 
 8.70963590e+02  1.48511983e-06 
 8.91250938e+02  1.47078689e-06 
 9.12010839e+02  1.45659246e-06 
 9.33254301e+02  1.44253522e-06 
 9.54992586e+02  1.42861383e-06 
 9.77237221e+02  1.41482697e-06 
 1.00000000e+03  1.40117336e-06 
 1.02329299e+03  1.38765169e-06 
 1.04712855e+03  1.37426070e-06 
 1.07151931e+03  1.36099911e-06 
 1.09647820e+03  1.34786568e-06 
 1.12201845e+03  1.33485916e-06 
 1.14815362e+03  1.32197833e-06 
 1.17489755e+03  1.30922197e-06 
 1.20226443e+03  1.29658889e-06 
 1.23026877e+03  1.28407787e-06 
 1.25892541e+03  1.27168775e-06 
 1.28824955e+03  1.25941736e-06 
 1.31825674e+03  1.24726553e-06 
 1.34896288e+03  1.23523113e-06 
 1.38038426e+03  1.22331301e-06 
 1.41253754e+03  1.21151005e-06 
 1.44543977e+03  1.19982113e-06 
 1.47910839e+03  1.18824516e-06 
 1.51356125e+03  1.17678104e-06 
 1.54881662e+03  1.16542769e-06 
 1.58489319e+03  1.15418404e-06 
 1.62181010e+03  1.14304902e-06 
 1.65958691e+03  1.13202160e-06 
 1.69824365e+03  1.12110071e-06 
 1.73780083e+03  1.11028535e-06 
 1.77827941e+03  1.09957448e-06 
 1.81970086e+03  1.08896709e-06 
 1.86208714e+03  1.07846219e-06 
 1.90546072e+03  1.06805878e-06 
 1.94984460e+03  1.05775589e-06 
 1.99526231e+03  1.04755253e-06 
 2.04173794e+03  1.03744776e-06 
 2.08929613e+03  1.02744061e-06 
 2.13796209e+03  1.01753014e-06 
 2.18776162e+03  1.00771542e-06 
 2.23872114e+03  9.97995515e-07 
 2.29086765e+03  9.88369517e-07 
 2.34422882e+03  9.78836517e-07 
 2.39883292e+03  9.69395614e-07 
 2.45470892e+03  9.60045918e-07 
 2.51188643e+03  9.50786548e-07 
 2.57039578e+03  9.41616631e-07 
 2.63026799e+03  9.32535302e-07 
 2.69153480e+03  9.23541704e-07 
 2.75422870e+03  9.14634990e-07 
 2.81838293e+03  9.05814320e-07 
 2.88403150e+03  8.97078863e-07 
 2.95120923e+03  8.88427795e-07 
 3.01995172e+03  8.79860300e-07 
 3.09029543e+03  8.71375570e-07 
 3.16227766e+03  8.62972807e-07 
 3.23593657e+03  8.54651217e-07 
 3.31131121e+03  8.46410017e-07 
 3.38844156e+03  8.38248429e-07 
 3.46736850e+03  8.30165684e-07 
 3.54813389e+03  8.22161020e-07 
 3.63078055e+03  8.14233684e-07 
 3.71535229e+03  8.06382927e-07 
 3.80189396e+03  7.98608010e-07 
 3.89045145e+03  7.90908200e-07 
 3.98107171e+03  7.83282772e-07 
 4.07380278e+03  7.75731006e-07 
 4.16869383e+03  7.68252192e-07 
 4.26579519e+03  7.60845624e-07 
 4.36515832e+03  7.53510604e-07 
 4.46683592e+03  7.46246442e-07 
 4.57088190e+03  7.39052452e-07 
 4.67735141e+03  7.31927958e-07 
 4.78630092e+03  7.24872287e-07 
 4.89778819e+03  7.17884776e-07 
 5.01187234e+03  7.10964764e-07 
 5.12861384e+03  7.04111602e-07 
 5.24807460e+03  6.97324642e-07 
 5.37031796e+03  6.90603246e-07 
 5.49540874e+03  6.83946781e-07 
 5.62341325e+03  6.77354618e-07 
 5.75439937e+03  6.70826138e-07 
 5.88843655e+03  6.64360726e-07 
 6.02559586e+03  6.57957771e-07 
 6.16595002e+03  6.51616672e-07 
 6.30957344e+03  6.45336831e-07 
 6.45654229e+03  6.39117656e-07 
 6.60693448e+03  6.32958562e-07 
 6.76082975e+03  6.26858968e-07 
 6.91830971e+03  6.20818301e-07 
 7.07945784e+03  6.14835990e-07 
 7.24435960e+03  6.08911474e-07 
 7.41310241e+03  6.03044193e-07 
 7.58577575e+03  5.97233595e-07 
 7.76247117e+03  5.91479134e-07 
 7.94328235e+03  5.85780267e-07 
 8.12830516e+03  5.80136457e-07 
 8.31763771e+03  5.74547173e-07 
 8.51138038e+03  5.69011890e-07 
 8.70963590e+03  5.63530085e-07 
 8.91250938e+03  5.58101242e-07 
 9.12010839e+03  5.52724851e-07 
 9.33254301e+03  5.47400404e-07 
 9.54992586e+03  5.42127402e-07 
 9.77237221e+03  5.36905347e-07 
 1.00000000e+04  5.31733748e-07 
 1.02329299e+04  5.26612117e-07 
 1.04712855e+04  5.21539973e-07 
 1.07151931e+04  5.16516839e-07 
 1.09647820e+04  5.11542241e-07 
 1.12201845e+04  5.06615711e-07 
 1.14815362e+04  5.01736785e-07 
 1.17489755e+04  4.96905004e-07 
 1.20226443e+04  4.92119914e-07 
 1.23026877e+04  4.87381063e-07 
 1.25892541e+04  4.82688007e-07 
 1.28824955e+04  4.78040302e-07 
 1.31825674e+04  4.73437512e-07 
 1.34896288e+04  4.68879204e-07 
 1.38038426e+04  4.64364948e-07 
 1.41253754e+04  4.59894319e-07 
 1.44543977e+04  4.55466898e-07 
 1.47910839e+04  4.51082266e-07 
 1.51356125e+04  4.46740012e-07 
 1.54881662e+04  4.42439728e-07 
 1.58489319e+04  4.38181007e-07 
 1.62181010e+04  4.33963450e-07 
 1.65958691e+04  4.29786660e-07 
 1.69824365e+04  4.25650243e-07 
 1.73780083e+04  4.21553811e-07 
 1.77827941e+04  4.17496977e-07 
 1.81970086e+04  4.13479361e-07 
 1.86208714e+04  4.09500584e-07 
 1.90546072e+04  4.05560272e-07 
 1.94984460e+04  4.01658055e-07 
 1.99526231e+04  3.97793564e-07 
 2.04173794e+04  3.93966437e-07 
 2.08929613e+04  3.90176313e-07 
 2.13796209e+04  3.86422836e-07 
 2.18776162e+04  3.82705653e-07 
 2.23872114e+04  3.79024414e-07 
 2.29086765e+04  3.75378772e-07 
 2.34422882e+04  3.71768386e-07 
 2.39883292e+04  3.68192914e-07 
 2.45470892e+04  3.64652022e-07 
 2.51188643e+04  3.61145375e-07 
 2.57039578e+04  3.57672644e-07 
 2.63026799e+04  3.54233503e-07 
 2.69153480e+04  3.50827627e-07 
 2.75422870e+04  3.47454697e-07 
 2.81838293e+04  3.44114395e-07 
 2.88403150e+04  3.40806408e-07 
 2.95120923e+04  3.37530423e-07 
 3.01995172e+04  3.34286133e-07 
 3.09029543e+04  3.31073233e-07 
 3.16227766e+04  3.27891420e-07 
 3.23593657e+04  3.24740396e-07 
 3.31131121e+04  3.21619863e-07 
 3.38844156e+04  3.18529530e-07 
 3.46736850e+04  3.15469104e-07 
 3.54813389e+04  3.12438298e-07 
 3.63078055e+04  3.09436828e-07 
 3.71535229e+04  3.06464410e-07 
 3.80189396e+04  3.03520766e-07 
 3.89045145e+04  3.00605619e-07 
 3.98107171e+04  2.97718694e-07 
 4.07380278e+04  2.94859720e-07 
 4.16869383e+04  2.92028429e-07 
 4.26579519e+04  2.89224553e-07 
 4.36515832e+04  2.86447830e-07 
 4.46683592e+04  2.83697999e-07 
 4.57088190e+04  2.80974800e-07 
 4.67735141e+04  2.78277978e-07 
 4.78630092e+04  2.75607279e-07 
 4.89778819e+04  2.72962452e-07 
 5.01187234e+04  2.70343249e-07 
 5.12861384e+04  2.67749423e-07 
 5.24807460e+04  2.65180731e-07 
 5.37031796e+04  2.62636930e-07 
 5.49540874e+04  2.60117783e-07 
 5.62341325e+04  2.57623051e-07 
 5.75439937e+04  2.55152501e-07 
 5.88843655e+04  2.52705900e-07 
 6.02559586e+04  2.50283019e-07 
 6.16595002e+04  2.47883629e-07 
 6.30957344e+04  2.45507505e-07 
 6.45654229e+04  2.43154424e-07 
 6.60693448e+04  2.40824164e-07 
 6.76082975e+04  2.38516506e-07 
 6.91830971e+04  2.36231235e-07 
 7.07945784e+04  2.33968133e-07 
 7.24435960e+04  2.31726990e-07 
 7.41310241e+04  2.29507595e-07 
 7.58577575e+04  2.27309738e-07 
 7.76247117e+04  2.25133213e-07 
 7.94328235e+04  2.22977816e-07 
 8.12830516e+04  2.20843344e-07 
 8.31763771e+04  2.18729597e-07 
 8.51138038e+04  2.16636375e-07 
 8.70963590e+04  2.14563483e-07 
 8.91250938e+04  2.12510724e-07 
 9.12010839e+04  2.10477908e-07 
 9.33254301e+04  2.08464841e-07 
 9.54992586e+04  2.06471336e-07 
 9.77237221e+04  2.04497204e-07 
 1.00000000e+05  2.02542261e-07 
 1.02329299e+05  2.00606322e-07 
 1.04712855e+05  1.98689206e-07 
 1.07151931e+05  1.96790733e-07 
 1.09647820e+05  1.94910723e-07 
 1.12201845e+05  1.93049001e-07 
 1.14815362e+05  1.91205392e-07 
 1.17489755e+05  1.89379721e-07 
 1.20226443e+05  1.87571819e-07 
 1.23026877e+05  1.85781514e-07 
 1.25892541e+05  1.84008639e-07 
 1.28824955e+05  1.82253026e-07 
 1.31825674e+05  1.80514512e-07 
 1.34896288e+05  1.78792932e-07 
 1.38038426e+05  1.77088125e-07 
 1.41253754e+05  1.75399931e-07 
 1.44543977e+05  1.73728191e-07 
 1.47910839e+05  1.72072747e-07 
 1.51356125e+05  1.70433446e-07 
 1.54881662e+05  1.68810131e-07 
 1.58489319e+05  1.67202651e-07 
 1.62181010e+05  1.65610855e-07 
 1.65958691e+05  1.64034593e-07 
 1.69824365e+05  1.62473718e-07 
 1.73780083e+05  1.60928081e-07 
 1.77827941e+05  1.59397539e-07 
 1.81970086e+05  1.57881947e-07 
 1.86208714e+05  1.56381163e-07 
 1.90546072e+05  1.54895046e-07 
 1.94984460e+05  1.53423456e-07 
 1.99526231e+05  1.51966255e-07 
 2.04173794e+05  1.50523306e-07 
 2.08929613e+05  1.49094474e-07 
 2.13796209e+05  1.47679624e-07 
 2.18776162e+05  1.46278623e-07 
 2.23872114e+05  1.44891339e-07 
 2.29086765e+05  1.43517642e-07 
 2.34422882e+05  1.42157404e-07 
 2.39883292e+05  1.40810496e-07 
 2.45470892e+05  1.39476792e-07 
 2.51188643e+05  1.38156165e-07 
 2.57039578e+05  1.36848493e-07 
 2.63026799e+05  1.35553653e-07 
 2.69153480e+05  1.34271521e-07 
 2.75422870e+05  1.33001979e-07 
 2.81838293e+05  1.31744907e-07 
 2.88403150e+05  1.30500186e-07 
 2.95120923e+05  1.29267700e-07 
 3.01995172e+05  1.28047333e-07 
 3.09029543e+05  1.26838969e-07 
 3.16227766e+05  1.25642496e-07 
 3.23593657e+05  1.24457801e-07 
 3.31131121e+05  1.23284773e-07 
 3.38844156e+05  1.22123300e-07 
 3.46736850e+05  1.20973275e-07 
 3.54813389e+05  1.19834589e-07 
 3.63078055e+05  1.18707134e-07 
 3.71535229e+05  1.17590806e-07 
 3.80189396e+05  1.16485498e-07 
 3.89045145e+05  1.15391107e-07 
 3.98107171e+05  1.14307530e-07 
 4.07380278e+05  1.13234665e-07 
 4.16869383e+05  1.12172412e-07 
 4.26579519e+05  1.11120669e-07 
 4.36515832e+05  1.10079339e-07 
 4.46683592e+05  1.09048323e-07 
 4.57088190e+05  1.08027524e-07 
 4.67735141e+05  1.07016847e-07 
 4.78630092e+05  1.06016196e-07 
 4.89778819e+05  1.05025477e-07 
 5.01187234e+05  1.04044596e-07 
 5.12861384e+05  1.03073462e-07 
 5.24807460e+05  1.02111983e-07 
 5.37031796e+05  1.01160068e-07 
 5.49540874e+05  1.00217629e-07 
 5.62341325e+05  9.92845749e-08 
 5.75439937e+05  9.83608193e-08 
 5.88843655e+05  9.74462750e-08 
 6.02559586e+05  9.65408557e-08 
 6.16595002e+05  9.56444762e-08 
 6.30957344e+05  9.47570520e-08 
 6.45654229e+05  9.38784995e-08 
 6.60693448e+05  9.30087358e-08 
 6.76082975e+05  9.21476790e-08 
 6.91830971e+05  9.12952479e-08 
 7.07945784e+05  9.04513621e-08 
 7.24435960e+05  8.96159421e-08 
 7.41310241e+05  8.87889090e-08 
 7.58577575e+05  8.79701847e-08 
 7.76247117e+05  8.71596922e-08 
 7.94328235e+05  8.63573548e-08 
 8.12830516e+05  8.55630968e-08 
 8.31763771e+05  8.47768432e-08 
 8.51138038e+05  8.39985197e-08 
 8.70963590e+05  8.32280530e-08 
 8.91250938e+05  8.24653701e-08 
 9.12010839e+05  8.17103989e-08 
 9.33254301e+05  8.09630681e-08 
 9.54992586e+05  8.02233071e-08 
 9.77237221e+05  7.94910458e-08 
 1.00000000e+06  7.87662150e-08 
 1.02329299e+06  7.80487461e-08 
 1.04712855e+06  7.73385712e-08 
 1.07151931e+06  7.66356230e-08 
 1.09647820e+06  7.59398350e-08 
 1.12201845e+06  7.52511411e-08 
 1.14815362e+06  7.45694761e-08 
 1.17489755e+06  7.38947754e-08 
 1.20226443e+06  7.32269750e-08 
 1.23026877e+06  7.25660114e-08 
 1.25892541e+06  7.19118220e-08 
 1.28824955e+06  7.12643446e-08 
 1.31825674e+06  7.06235176e-08 
 1.34896288e+06  6.99892802e-08 
 1.38038426e+06  6.93615721e-08 
 1.41253754e+06  6.87403334e-08 
 1.44543977e+06  6.81255050e-08 
 1.47910839e+06  6.75170284e-08 
 1.51356125e+06  6.69148456e-08 
 1.54881662e+06  6.63188992e-08 
 1.58489319e+06  6.57291322e-08 
 1.62181010e+06  6.51454884e-08 
 1.65958691e+06  6.45679121e-08 
 1.69824365e+06  6.39963479e-08 
 1.73780083e+06  6.34307413e-08 
 1.77827941e+06  6.28710381e-08 
 1.81970086e+06  6.23171846e-08 
 1.86208714e+06  6.17691279e-08 
 1.90546072e+06  6.12268152e-08 
 1.94984460e+06  6.06901945e-08 
 1.99526231e+06  6.01592143e-08 
 2.04173794e+06  5.96338235e-08 
 2.08929613e+06  5.91139715e-08 
 2.13796209e+06  5.85996082e-08 
 2.18776162e+06  5.80906840e-08 
 2.23872114e+06  5.75871499e-08 
 2.29086765e+06  5.70889571e-08 
 2.34422882e+06  5.65960575e-08 
 2.39883292e+06  5.61084033e-08 
 2.45470892e+06  5.56259473e-08 
 2.51188643e+06  5.51486426e-08 
 2.57039578e+06  5.46764429e-08 
 2.63026799e+06  5.42093022e-08 
 2.69153480e+06  5.37471752e-08 
 2.75422870e+06  5.32900166e-08 
 2.81838293e+06  5.28377818e-08 
 2.88403150e+06  5.23904267e-08 
 2.95120923e+06  5.19479075e-08 
 3.01995172e+06  5.15101807e-08 
 3.09029543e+06  5.10772033e-08 
 3.16227766e+06  5.06489328e-08 
 3.23593657e+06  5.02253271e-08 
 3.31131121e+06  4.98063442e-08 
 3.38844156e+06  4.93919428e-08 
 3.46736850e+06  4.89820819e-08 
 3.54813389e+06  4.85767208e-08 
 3.63078055e+06  4.81758192e-08 
 3.71535229e+06  4.77793373e-08 
 3.80189396e+06  4.73872355e-08 
 3.89045145e+06  4.69994745e-08 
 3.98107171e+06  4.66160157e-08 
 4.07380278e+06  4.62368205e-08 
 4.16869383e+06  4.58618507e-08 
 4.26579519e+06  4.54910686e-08 
 4.36515832e+06  4.51244368e-08 
 4.46683592e+06  4.47619180e-08 
 4.57088190e+06  4.44034755e-08 
 4.67735141e+06  4.40490729e-08 
 4.78630092e+06  4.36986739e-08 
 4.89778819e+06  4.33522428e-08 
 5.01187234e+06  4.30097440e-08 
 5.12861384e+06  4.26711423e-08 
 5.24807460e+06  4.23364028e-08 
 5.37031796e+06  4.20054909e-08 
 5.49540874e+06  4.16783722e-08 
 5.62341325e+06  4.13550128e-08 
 5.75439937e+06  4.10353788e-08 
 5.88843655e+06  4.07194369e-08 
 6.02559586e+06  4.04071537e-08 
 6.16595002e+06  4.00984966e-08 
 6.30957344e+06  3.97934327e-08 
 6.45654229e+06  3.94919297e-08 
 6.60693448e+06  3.91939556e-08 
 6.76082975e+06  3.88994785e-08 
 6.91830971e+06  3.86084667e-08 
 7.07945784e+06  3.83208891e-08 
 7.24435960e+06  3.80367144e-08 
 7.41310241e+06  3.77559119e-08 
 7.58577575e+06  3.74784509e-08 
 7.76247117e+06  3.72043011e-08 
 7.94328235e+06  3.69334325e-08 
 8.12830516e+06  3.66658150e-08 
 8.31763771e+06  3.64014190e-08 
 8.51138038e+06  3.61402152e-08 
 8.70963590e+06  3.58821742e-08 
 8.91250938e+06  3.56272672e-08 
 9.12010839e+06  3.53754653e-08 
 9.33254301e+06  3.51267400e-08 
 9.54992586e+06  3.48810629e-08 
 9.77237221e+06  3.46384059e-08 
 1.00000000e+07  3.43987411e-08 
 1.02329299e+07  3.41620408e-08 
 1.04712855e+07  3.39282774e-08 
 1.07151931e+07  3.36974235e-08 
 1.09647820e+07  3.34694521e-08 
 1.12201845e+07  3.32443362e-08 
 1.14815362e+07  3.30220491e-08 
 1.17489755e+07  3.28025641e-08 
 1.20226443e+07  3.25858550e-08 
 1.23026877e+07  3.23718955e-08 
 1.25892541e+07  3.21606596e-08 
 1.28824955e+07  3.19521214e-08 
 1.31825674e+07  3.17462553e-08 
 1.34896288e+07  3.15430359e-08 
 1.38038426e+07  3.13424378e-08 
 1.41253754e+07  3.11444359e-08 
 1.44543977e+07  3.09490052e-08 
 1.47910839e+07  3.07561209e-08 
 1.51356125e+07  3.05657584e-08 
 1.54881662e+07  3.03778932e-08 
 1.58489319e+07  3.01925011e-08 
 1.62181010e+07  3.00095579e-08 
 1.65958691e+07  2.98290395e-08 
 1.69824365e+07  2.96509223e-08 
 1.73780083e+07  2.94751826e-08 
 1.77827941e+07  2.93017968e-08 
 1.81970086e+07  2.91307417e-08 
 1.86208714e+07  2.89619940e-08 
 1.90546072e+07  2.87955307e-08 
 1.94984460e+07  2.86313291e-08 
 1.99526231e+07  2.84693663e-08 
 2.04173794e+07  2.83096199e-08 
 2.08929613e+07  2.81520673e-08 
 2.13796209e+07  2.79966865e-08 
 2.18776162e+07  2.78434553e-08 
 2.23872114e+07  2.76923518e-08 
 2.29086765e+07  2.75433543e-08 
 2.34422882e+07  2.73964410e-08 
 2.39883292e+07  2.72515906e-08 
 2.45470892e+07  2.71087818e-08 
 2.51188643e+07  2.69679934e-08 
 2.57039578e+07  2.68292044e-08 
 2.63026799e+07  2.66923941e-08 
 2.69153480e+07  2.65575417e-08 
 2.75422870e+07  2.64246267e-08 
 2.81838293e+07  2.62936289e-08 
 2.88403150e+07  2.61645280e-08 
 2.95120923e+07  2.60373040e-08 
 3.01995172e+07  2.59119372e-08 
 3.09029543e+07  2.57884077e-08 
 3.16227766e+07  2.56666962e-08 
 3.23593657e+07  2.55467832e-08 
 3.31131121e+07  2.54286497e-08 
 3.38844156e+07  2.53122765e-08 
 3.46736850e+07  2.51976451e-08 
 3.54813389e+07  2.50847366e-08 
 3.63078055e+07  2.49735326e-08 
 3.71535229e+07  2.48640150e-08 
 3.80189396e+07  2.47561656e-08 
 3.89045145e+07  2.46499666e-08 
 3.98107171e+07  2.45454002e-08 
 4.07380278e+07  2.44424491e-08 
 4.16869383e+07  2.43410958e-08 
 4.26579519e+07  2.42413234e-08 
 4.36515832e+07  2.41431150e-08 
 4.46683592e+07  2.40464538e-08 
 4.57088190e+07  2.39513235e-08 
 4.67735141e+07  2.38577078e-08 
 4.78630092e+07  2.37655907e-08 
 4.89778819e+07  2.36749565e-08 
 5.01187234e+07  2.35857896e-08 
 5.12861384e+07  2.34980748e-08 
 5.24807460e+07  2.34117969e-08 
 5.37031796e+07  2.33269412e-08 
 5.49540874e+07  2.32434931e-08 
 5.62341325e+07  2.31614383e-08 
 5.75439937e+07  2.30807628e-08 
 5.88843655e+07  2.30014528e-08 
 6.02559586e+07  2.29234950e-08 
 6.16595002e+07  2.28468760e-08 
 6.30957344e+07  2.27715830e-08 
 6.45654229e+07  2.26976034e-08 
 6.60693448e+07  2.26249249e-08 
 6.76082975e+07  2.25535355e-08 
 6.91830971e+07  2.24834236e-08 
 7.07945784e+07  2.24145778e-08 
 7.24435960e+07  2.23469872e-08 
 7.41310241e+07  2.22806412e-08 
 7.58577575e+07  2.22155294e-08 
 7.76247117e+07  2.21516419e-08 
 7.94328235e+07  2.20889693e-08 
 8.12830516e+07  2.20275023e-08 
 8.31763771e+07  2.19672323e-08 
 8.51138038e+07  2.19081508e-08 
 8.70963590e+07  2.18502501e-08 
 8.91250938e+07  2.17935225e-08 
 9.12010839e+07  2.17379610e-08 
 9.33254301e+07  2.16835591e-08 
 9.54992586e+07  2.16303106e-08 
 9.77237221e+07  2.15782098e-08 
 1.00000000e+08  2.15272516e-08 
 1.02329299e+08  2.14774315e-08 
 1.04712855e+08  2.14287452e-08 
 1.07151931e+08  2.13811892e-08 
 1.09647820e+08  2.13347605e-08 
 1.12201845e+08  2.12894566e-08 
 1.14815362e+08  2.12452756e-08 
 1.17489755e+08  2.12022163e-08 
 1.20226443e+08  2.11602780e-08 
 1.23026877e+08  2.11194606e-08 
 1.25892541e+08  2.10797648e-08 
 1.28824955e+08  2.10411920e-08 
 1.31825674e+08  2.10037440e-08 
 1.34896288e+08  2.09674235e-08 
 1.38038426e+08  2.09322340e-08 
 1.41253754e+08  2.08981795e-08 
 1.44543977e+08  2.08652651e-08 
 1.47910839e+08  2.08334963e-08 
 1.51356125e+08  2.08028796e-08 
 1.54881662e+08  2.07734223e-08 
 1.58489319e+08  2.07451325e-08 
 1.62181010e+08  2.07180193e-08 
 1.65958691e+08  2.06920923e-08 
 1.69824365e+08  2.06673623e-08 
 1.73780083e+08  2.06438409e-08 
 1.77827941e+08  2.06215406e-08 
 1.81970086e+08  2.06004750e-08 
 1.86208714e+08  2.05806583e-08 
 1.90546072e+08  2.05621059e-08 
 1.94984460e+08  2.05448342e-08 
 1.99526231e+08  2.05288605e-08 
 2.04173794e+08  2.05142029e-08 
 2.08929613e+08  2.05008809e-08 
 2.13796209e+08  2.04889147e-08 
 2.18776162e+08  2.04783256e-08 
 2.23872114e+08  2.04691358e-08 
 2.29086765e+08  2.04613687e-08 
 2.34422882e+08  2.04550484e-08 
 2.39883292e+08  2.04502002e-08 
 2.45470892e+08  2.04468504e-08 
 2.51188643e+08  2.04450258e-08 
 2.57039578e+08  2.04447548e-08 
 2.63026799e+08  2.04460662e-08 
 2.69153480e+08  2.04489897e-08 
 2.75422870e+08  2.04535560e-08 
 2.81838293e+08  2.04597964e-08 
 2.88403150e+08  2.04677430e-08 
 2.95120923e+08  2.04774284e-08 
 3.01995172e+08  2.04888860e-08 
 3.09029543e+08  2.05021495e-08 
 3.16227766e+08  2.05172530e-08 
 3.23593657e+08  2.05342311e-08 
 3.31131121e+08  2.05531186e-08 
 3.38844156e+08  2.05739502e-08 
 3.46736850e+08  2.05967607e-08 
 3.54813389e+08  2.06215847e-08 
 3.63078055e+08  2.06484564e-08 
 3.71535229e+08  2.06774096e-08 
 3.80189396e+08  2.07084777e-08 
 3.89045145e+08  2.07416928e-08 
 3.98107171e+08  2.07770863e-08 
 4.07380278e+08  2.08146883e-08 
 4.16869383e+08  2.08545273e-08 
 4.26579519e+08  2.08966305e-08 
 4.36515832e+08  2.09410230e-08 
 4.46683592e+08  2.09877275e-08 
 4.57088190e+08  2.10367647e-08 
 4.67735141e+08  2.10881522e-08 
 4.78630092e+08  2.11419050e-08 
 4.89778819e+08  2.11980350e-08 
 5.01187234e+08  2.12565501e-08 
 5.12861384e+08  2.13174548e-08 
 5.24807460e+08  2.13807492e-08 
 5.37031796e+08  2.14464291e-08 
 5.49540874e+08  2.15144863e-08 
 5.62341325e+08  2.15849066e-08 
 5.75439937e+08  2.16576707e-08 
 5.88843655e+08  2.17327552e-08 
 6.02559586e+08  2.18101295e-08 
 6.16595002e+08  2.18897576e-08 
 6.30957344e+08  2.19715968e-08 
 6.45654229e+08  2.20555992e-08 
 6.60693448e+08  2.21417093e-08 
 6.76082975e+08  2.22298656e-08 
 6.91830971e+08  2.23199992e-08 
 7.07945784e+08  2.24120348e-08 
 7.24435960e+08  2.25058902e-08 
 7.41310241e+08  2.26014762e-08 
 7.58577575e+08  2.26986972e-08 
 7.76247117e+08  2.27974495e-08 
 7.94328235e+08  2.28976253e-08 
 8.12830516e+08  2.29991082e-08 
 8.31763771e+08  2.31017760e-08 
 8.51138038e+08  2.32055026e-08 
 8.70963590e+08  2.33101537e-08 
 8.91250938e+08  2.34155911e-08 
 9.12010839e+08  2.35216729e-08 
 9.33254301e+08  2.36282515e-08 
 9.54992586e+08  2.37351762e-08 
 9.77237221e+08  2.38422941e-08 
 1.00000000e+09  2.39494486e-08 
