 1.00000000e+00  2.58832149e-05 
 1.02329299e+00  2.56320106e-05 
 1.04712855e+00  2.53832517e-05 
 1.07151931e+00  2.51369142e-05 
 1.09647820e+00  2.48929745e-05 
 1.12201845e+00  2.46514091e-05 
 1.14815362e+00  2.44121948e-05 
 1.17489755e+00  2.41753086e-05 
 1.20226443e+00  2.39407279e-05 
 1.23026877e+00  2.37084300e-05 
 1.25892541e+00  2.34783927e-05 
 1.28824955e+00  2.32505939e-05 
 1.31825674e+00  2.30250117e-05 
 1.34896288e+00  2.28016245e-05 
 1.38038426e+00  2.25804108e-05 
 1.41253754e+00  2.23613494e-05 
 1.44543977e+00  2.21444193e-05 
 1.47910839e+00  2.19295996e-05 
 1.51356125e+00  2.17168698e-05 
 1.54881662e+00  2.15062095e-05 
 1.58489319e+00  2.12975984e-05 
 1.62181010e+00  2.10910165e-05 
 1.65958691e+00  2.08864440e-05 
 1.69824365e+00  2.06838614e-05 
 1.73780083e+00  2.04832491e-05 
 1.77827941e+00  2.02845879e-05 
 1.81970086e+00  2.00878589e-05 
 1.86208714e+00  1.98930430e-05 
 1.90546072e+00  1.97001218e-05 
 1.94984460e+00  1.95090765e-05 
 1.99526231e+00  1.93198891e-05 
 2.04173794e+00  1.91325412e-05 
 2.08929613e+00  1.89470151e-05 
 2.13796209e+00  1.87632928e-05 
 2.18776162e+00  1.85813568e-05 
 2.23872114e+00  1.84011897e-05 
 2.29086765e+00  1.82227741e-05 
 2.34422882e+00  1.80460931e-05 
 2.39883292e+00  1.78711297e-05 
 2.45470892e+00  1.76978671e-05 
 2.51188643e+00  1.75262887e-05 
 2.57039578e+00  1.73563781e-05 
 2.63026799e+00  1.71881191e-05 
 2.69153480e+00  1.70214955e-05 
 2.75422870e+00  1.68564914e-05 
 2.81838293e+00  1.66930910e-05 
 2.88403150e+00  1.65312786e-05 
 2.95120923e+00  1.63710388e-05 
 3.01995172e+00  1.62123562e-05 
 3.09029543e+00  1.60552156e-05 
 3.16227766e+00  1.58996020e-05 
 3.23593657e+00  1.57455006e-05 
 3.31131121e+00  1.55928965e-05 
 3.38844156e+00  1.54417751e-05 
 3.46736850e+00  1.52921221e-05 
 3.54813389e+00  1.51439231e-05 
 3.63078055e+00  1.49971639e-05 
 3.71535229e+00  1.48518305e-05 
 3.80189396e+00  1.47079090e-05 
 3.89045145e+00  1.45653856e-05 
 3.98107171e+00  1.44242467e-05 
 4.07380278e+00  1.42844788e-05 
 4.16869383e+00  1.41460686e-05 
 4.26579519e+00  1.40090028e-05 
 4.36515832e+00  1.38732683e-05 
 4.46683592e+00  1.37388521e-05 
 4.57088190e+00  1.36057414e-05 
 4.67735141e+00  1.34739235e-05 
 4.78630092e+00  1.33433858e-05 
 4.89778819e+00  1.32141158e-05 
 5.01187234e+00  1.30861012e-05 
 5.12861384e+00  1.29593296e-05 
 5.24807460e+00  1.28337891e-05 
 5.37031796e+00  1.27094676e-05 
 5.49540874e+00  1.25863532e-05 
 5.62341325e+00  1.24644343e-05 
 5.75439937e+00  1.23436991e-05 
 5.88843655e+00  1.22241361e-05 
 6.02559586e+00  1.21057339e-05 
 6.16595002e+00  1.19884812e-05 
 6.30957344e+00  1.18723668e-05 
 6.45654229e+00  1.17573796e-05 
 6.60693448e+00  1.16435087e-05 
 6.76082975e+00  1.15307431e-05 
 6.91830971e+00  1.14190721e-05 
 7.07945784e+00  1.13084851e-05 
 7.24435960e+00  1.11989715e-05 
 7.41310241e+00  1.10905208e-05 
 7.58577575e+00  1.09831227e-05 
 7.76247117e+00  1.08767670e-05 
 7.94328235e+00  1.07714435e-05 
 8.12830516e+00  1.06671421e-05 
 8.31763771e+00  1.05638530e-05 
 8.51138038e+00  1.04615662e-05 
 8.70963590e+00  1.03602720e-05 
 8.91250938e+00  1.02599607e-05 
 9.12010839e+00  1.01606228e-05 
 9.33254301e+00  1.00622489e-05 
 9.54992586e+00  9.96482939e-06 
 9.77237221e+00  9.86835514e-06 
 1.00000000e+01  9.77281693e-06 
 1.02329299e+01  9.67820565e-06 
 1.04712855e+01  9.58451227e-06 
 1.07151931e+01  9.49172786e-06 
 1.09647820e+01  9.39984359e-06 
 1.12201845e+01  9.30885069e-06 
 1.14815362e+01  9.21874049e-06 
 1.17489755e+01  9.12950440e-06 
 1.20226443e+01  9.04113392e-06 
 1.23026877e+01  8.95362064e-06 
 1.25892541e+01  8.86695621e-06 
 1.28824955e+01  8.78113237e-06 
 1.31825674e+01  8.69614095e-06 
 1.34896288e+01  8.61197386e-06 
 1.38038426e+01  8.52862307e-06 
 1.41253754e+01  8.44608066e-06 
 1.44543977e+01  8.36433874e-06 
 1.47910839e+01  8.28338955e-06 
 1.51356125e+01  8.20322538e-06 
 1.54881662e+01  8.12383858e-06 
 1.58489319e+01  8.04522160e-06 
 1.62181010e+01  7.96736696e-06 
 1.65958691e+01  7.89026724e-06 
 1.69824365e+01  7.81391510e-06 
 1.73780083e+01  7.73830329e-06 
 1.77827941e+01  7.66342458e-06 
 1.81970086e+01  7.58927187e-06 
 1.86208714e+01  7.51583810e-06 
 1.90546072e+01  7.44311626e-06 
 1.94984460e+01  7.37109945e-06 
 1.99526231e+01  7.29978082e-06 
 2.04173794e+01  7.22915357e-06 
 2.08929613e+01  7.15921098e-06 
 2.13796209e+01  7.08994640e-06 
 2.18776162e+01  7.02135325e-06 
 2.23872114e+01  6.95342499e-06 
 2.29086765e+01  6.88615517e-06 
 2.34422882e+01  6.81953738e-06 
 2.39883292e+01  6.75356529e-06 
 2.45470892e+01  6.68823263e-06 
 2.51188643e+01  6.62353318e-06 
 2.57039578e+01  6.55946079e-06 
 2.63026799e+01  6.49600937e-06 
 2.69153480e+01  6.43317288e-06 
 2.75422870e+01  6.37094535e-06 
 2.81838293e+01  6.30932086e-06 
 2.88403150e+01  6.24829356e-06 
 2.95120923e+01  6.18785764e-06 
 3.01995172e+01  6.12800736e-06 
 3.09029543e+01  6.06873703e-06 
 3.16227766e+01  6.01004101e-06 
 3.23593657e+01  5.95191374e-06 
 3.31131121e+01  5.89434967e-06 
 3.38844156e+01  5.83734335e-06 
 3.46736850e+01  5.78088935e-06 
 3.54813389e+01  5.72498232e-06 
 3.63078055e+01  5.66961694e-06 
 3.71535229e+01  5.61478794e-06 
 3.80189396e+01  5.56049013e-06 
 3.89045145e+01  5.50671833e-06 
 3.98107171e+01  5.45346746e-06 
 4.07380278e+01  5.40073243e-06 
 4.16869383e+01  5.34850826e-06 
 4.26579519e+01  5.29678997e-06 
 4.36515832e+01  5.24557266e-06 
 4.46683592e+01  5.19485146e-06 
 4.57088190e+01  5.14462155e-06 
 4.67735141e+01  5.09487817e-06 
 4.78630092e+01  5.04561659e-06 
 4.89778819e+01  4.99683214e-06 
 5.01187234e+01  4.94852018e-06 
 5.12861384e+01  4.90067612e-06 
 5.24807460e+01  4.85329543e-06 
 5.37031796e+01  4.80637361e-06 
 5.49540874e+01  4.75990619e-06 
 5.62341325e+01  4.71388878e-06 
 5.75439937e+01  4.66831701e-06 
 5.88843655e+01  4.62318654e-06 
 6.02559586e+01  4.57849310e-06 
 6.16595002e+01  4.53423245e-06 
 6.30957344e+01  4.49040038e-06 
 6.45654229e+01  4.44699273e-06 
 6.60693448e+01  4.40400540e-06 
 6.76082975e+01  4.36143429e-06 
 6.91830971e+01  4.31927537e-06 
 7.07945784e+01  4.27752464e-06 
 7.24435960e+01  4.23617814e-06 
 7.41310241e+01  4.19523195e-06 
 7.58577575e+01  4.15468219e-06 
 7.76247117e+01  4.11452500e-06 
 7.94328235e+01  4.07475658e-06 
 8.12830516e+01  4.03537316e-06 
 8.31763771e+01  3.99637099e-06 
 8.51138038e+01  3.95774640e-06 
 8.70963590e+01  3.91949570e-06 
 8.91250938e+01  3.88161528e-06 
 9.12010839e+01  3.84410154e-06 
 9.33254301e+01  3.80695093e-06 
 9.54992586e+01  3.77015992e-06 
 9.77237221e+01  3.73372502e-06 
 1.00000000e+02  3.69764279e-06 
 1.02329299e+02  3.66190980e-06 
 1.04712855e+02  3.62652266e-06 
 1.07151931e+02  3.59147802e-06 
 1.09647820e+02  3.55677256e-06 
 1.12201845e+02  3.52240299e-06 
 1.14815362e+02  3.48836605e-06 
 1.17489755e+02  3.45465852e-06 
 1.20226443e+02  3.42127720e-06 
 1.23026877e+02  3.38821892e-06 
 1.25892541e+02  3.35548057e-06 
 1.28824955e+02  3.32305903e-06 
 1.31825674e+02  3.29095123e-06 
 1.34896288e+02  3.25915413e-06 
 1.38038426e+02  3.22766472e-06 
 1.41253754e+02  3.19648002e-06 
 1.44543977e+02  3.16559707e-06 
 1.47910839e+02  3.13501294e-06 
 1.51356125e+02  3.10472474e-06 
 1.54881662e+02  3.07472961e-06 
 1.58489319e+02  3.04502469e-06 
 1.62181010e+02  3.01560718e-06 
 1.65958691e+02  2.98647429e-06 
 1.69824365e+02  2.95762326e-06 
 1.73780083e+02  2.92905136e-06 
 1.77827941e+02  2.90075588e-06 
 1.81970086e+02  2.87273415e-06 
 1.86208714e+02  2.84498351e-06 
 1.90546072e+02  2.81750134e-06 
 1.94984460e+02  2.79028503e-06 
 1.99526231e+02  2.76333200e-06 
 2.04173794e+02  2.73663971e-06 
 2.08929613e+02  2.71020562e-06 
 2.13796209e+02  2.68402724e-06 
 2.18776162e+02  2.65810209e-06 
 2.23872114e+02  2.63242772e-06 
 2.29086765e+02  2.60700168e-06 
 2.34422882e+02  2.58182159e-06 
 2.39883292e+02  2.55688505e-06 
 2.45470892e+02  2.53218970e-06 
 2.51188643e+02  2.50773321e-06 
 2.57039578e+02  2.48351327e-06 
 2.63026799e+02  2.45952758e-06 
 2.69153480e+02  2.43577387e-06 
 2.75422870e+02  2.41224989e-06 
 2.81838293e+02  2.38895343e-06 
 2.88403150e+02  2.36588227e-06 
 2.95120923e+02  2.34303423e-06 
 3.01995172e+02  2.32040715e-06 
 3.09029543e+02  2.29799890e-06 
 3.16227766e+02  2.27580735e-06 
 3.23593657e+02  2.25383040e-06 
 3.31131121e+02  2.23206597e-06 
 3.38844156e+02  2.21051201e-06 
 3.46736850e+02  2.18916648e-06 
 3.54813389e+02  2.16802736e-06 
 3.63078055e+02  2.14709264e-06 
 3.71535229e+02  2.12636035e-06 
 3.80189396e+02  2.10582854e-06 
 3.89045145e+02  2.08549525e-06 
 3.98107171e+02  2.06535857e-06 
 4.07380278e+02  2.04541659e-06 
 4.16869383e+02  2.02566742e-06 
 4.26579519e+02  2.00610920e-06 
 4.36515832e+02  1.98674009e-06 
 4.46683592e+02  1.96755824e-06 
 4.57088190e+02  1.94856184e-06 
 4.67735141e+02  1.92974911e-06 
 4.78630092e+02  1.91111826e-06 
 4.89778819e+02  1.89266753e-06 
 5.01187234e+02  1.87439517e-06 
 5.12861384e+02  1.85629947e-06 
 5.24807460e+02  1.83837870e-06 
 5.37031796e+02  1.82063118e-06 
 5.49540874e+02  1.80305523e-06 
 5.62341325e+02  1.78564919e-06 
 5.75439937e+02  1.76841141e-06 
 5.88843655e+02  1.75134027e-06 
 6.02559586e+02  1.73443414e-06 
 6.16595002e+02  1.71769144e-06 
 6.30957344e+02  1.70111058e-06 
 6.45654229e+02  1.68469000e-06 
 6.60693448e+02  1.66842814e-06 
 6.76082975e+02  1.65232347e-06 
 6.91830971e+02  1.63637446e-06 
 7.07945784e+02  1.62057962e-06 
 7.24435960e+02  1.60493744e-06 
 7.41310241e+02  1.58944645e-06 
 7.58577575e+02  1.57410519e-06 
 7.76247117e+02  1.55891221e-06 
 7.94328235e+02  1.54386607e-06 
 8.12830516e+02  1.52896536e-06 
 8.31763771e+02  1.51420865e-06 
 8.51138038e+02  1.49959457e-06 
 8.70963590e+02  1.48512173e-06 
 8.91250938e+02  1.47078877e-06 
 9.12010839e+02  1.45659433e-06 
 9.33254301e+02  1.44253706e-06 
 9.54992586e+02  1.42861565e-06 
 9.77237221e+02  1.41482878e-06 
 1.00000000e+03  1.40117515e-06 
 1.02329299e+03  1.38765347e-06 
 1.04712855e+03  1.37426245e-06 
 1.07151931e+03  1.36100085e-06 
 1.09647820e+03  1.34786740e-06 
 1.12201845e+03  1.33486086e-06 
 1.14815362e+03  1.32198002e-06 
 1.17489755e+03  1.30922365e-06 
 1.20226443e+03  1.29659054e-06 
 1.23026877e+03  1.28407951e-06 
 1.25892541e+03  1.27168938e-06 
 1.28824955e+03  1.25941897e-06 
 1.31825674e+03  1.24726712e-06 
 1.34896288e+03  1.23523270e-06 
 1.38038426e+03  1.22331457e-06 
 1.41253754e+03  1.21151159e-06 
 1.44543977e+03  1.19982266e-06 
 1.47910839e+03  1.18824668e-06 
 1.51356125e+03  1.17678254e-06 
 1.54881662e+03  1.16542918e-06 
 1.58489319e+03  1.15418551e-06 
 1.62181010e+03  1.14305048e-06 
 1.65958691e+03  1.13202304e-06 
 1.69824365e+03  1.12110214e-06 
 1.73780083e+03  1.11028676e-06 
 1.77827941e+03  1.09957587e-06 
 1.81970086e+03  1.08896847e-06 
 1.86208714e+03  1.07846356e-06 
 1.90546072e+03  1.06806014e-06 
 1.94984460e+03  1.05775723e-06 
 1.99526231e+03  1.04755387e-06 
 2.04173794e+03  1.03744908e-06 
 2.08929613e+03  1.02744191e-06 
 2.13796209e+03  1.01753143e-06 
 2.18776162e+03  1.00771670e-06 
 2.23872114e+03  9.97996782e-07 
 2.29086765e+03  9.88370772e-07 
 2.34422882e+03  9.78837759e-07 
 2.39883292e+03  9.69396844e-07 
 2.45470892e+03  9.60047137e-07 
 2.51188643e+03  9.50787755e-07 
 2.57039578e+03  9.41617826e-07 
 2.63026799e+03  9.32536485e-07 
 2.69153480e+03  9.23542876e-07 
 2.75422870e+03  9.14636151e-07 
 2.81838293e+03  9.05815470e-07 
 2.88403150e+03  8.97080002e-07 
 2.95120923e+03  8.88428922e-07 
 3.01995172e+03  8.79861417e-07 
 3.09029543e+03  8.71376676e-07 
 3.16227766e+03  8.62973902e-07 
 3.23593657e+03  8.54652302e-07 
 3.31131121e+03  8.46411091e-07 
 3.38844156e+03  8.38249493e-07 
 3.46736850e+03  8.30166738e-07 
 3.54813389e+03  8.22162064e-07 
 3.63078055e+03  8.14234718e-07 
 3.71535229e+03  8.06383951e-07 
 3.80189396e+03  7.98609024e-07 
 3.89045145e+03  7.90909205e-07 
 3.98107171e+03  7.83283767e-07 
 4.07380278e+03  7.75731992e-07 
 4.16869383e+03  7.68253168e-07 
 4.26579519e+03  7.60846591e-07 
 4.36515832e+03  7.53511562e-07 
 4.46683592e+03  7.46247391e-07 
 4.57088190e+03  7.39053393e-07 
 4.67735141e+03  7.31928889e-07 
 4.78630092e+03  7.24873210e-07 
 4.89778819e+03  7.17885690e-07 
 5.01187234e+03  7.10965670e-07 
 5.12861384e+03  7.04112499e-07 
 5.24807460e+03  6.97325531e-07 
 5.37031796e+03  6.90604127e-07 
 5.49540874e+03  6.83947653e-07 
 5.62341325e+03  6.77355482e-07 
 5.75439937e+03  6.70826994e-07 
 5.88843655e+03  6.64361574e-07 
 6.02559586e+03  6.57958612e-07 
 6.16595002e+03  6.51617505e-07 
 6.30957344e+03  6.45337656e-07 
 6.45654229e+03  6.39118473e-07 
 6.60693448e+03  6.32959372e-07 
 6.76082975e+03  6.26859771e-07 
 6.91830971e+03  6.20819096e-07 
 7.07945784e+03  6.14836778e-07 
 7.24435960e+03  6.08912254e-07 
 7.41310241e+03  6.03044967e-07 
 7.58577575e+03  5.97234362e-07 
 7.76247117e+03  5.91479894e-07 
 7.94328235e+03  5.85781020e-07 
 8.12830516e+03  5.80137203e-07 
 8.31763771e+03  5.74547913e-07 
 8.51138038e+03  5.69012623e-07 
 8.70963590e+03  5.63530811e-07 
 8.91250938e+03  5.58101962e-07 
 9.12010839e+03  5.52725564e-07 
 9.33254301e+03  5.47401111e-07 
 9.54992586e+03  5.42128103e-07 
 9.77237221e+03  5.36906042e-07 
 1.00000000e+04  5.31734436e-07 
 1.02329299e+04  5.26612800e-07 
 1.04712855e+04  5.21540650e-07 
 1.07151931e+04  5.16517510e-07 
 1.09647820e+04  5.11542906e-07 
 1.12201845e+04  5.06616370e-07 
 1.14815362e+04  5.01737438e-07 
 1.17489755e+04  4.96905652e-07 
 1.20226443e+04  4.92120556e-07 
 1.23026877e+04  4.87381700e-07 
 1.25892541e+04  4.82688638e-07 
 1.28824955e+04  4.78040928e-07 
 1.31825674e+04  4.73438133e-07 
 1.34896288e+04  4.68879819e-07 
 1.38038426e+04  4.64365558e-07 
 1.41253754e+04  4.59894924e-07 
 1.44543977e+04  4.55467498e-07 
 1.47910839e+04  4.51082861e-07 
 1.51356125e+04  4.46740602e-07 
 1.54881662e+04  4.42440313e-07 
 1.58489319e+04  4.38181587e-07 
 1.62181010e+04  4.33964026e-07 
 1.65958691e+04  4.29787230e-07 
 1.69824365e+04  4.25650809e-07 
 1.73780083e+04  4.21554372e-07 
 1.77827941e+04  4.17497534e-07 
 1.81970086e+04  4.13479914e-07 
 1.86208714e+04  4.09501133e-07 
 1.90546072e+04  4.05560816e-07 
 1.94984460e+04  4.01658594e-07 
 1.99526231e+04  3.97794099e-07 
 2.04173794e+04  3.93966968e-07 
 2.08929613e+04  3.90176840e-07 
 2.13796209e+04  3.86423359e-07 
 2.18776162e+04  3.82706172e-07 
 2.23872114e+04  3.79024928e-07 
 2.29086765e+04  3.75379283e-07 
 2.34422882e+04  3.71768893e-07 
 2.39883292e+04  3.68193417e-07 
 2.45470892e+04  3.64652521e-07 
 2.51188643e+04  3.61145871e-07 
 2.57039578e+04  3.57673136e-07 
 2.63026799e+04  3.54233991e-07 
 2.69153480e+04  3.50828112e-07 
 2.75422870e+04  3.47455178e-07 
 2.81838293e+04  3.44114873e-07 
 2.88403150e+04  3.40806882e-07 
 2.95120923e+04  3.37530893e-07 
 3.01995172e+04  3.34286600e-07 
 3.09029543e+04  3.31073697e-07 
 3.16227766e+04  3.27891881e-07 
 3.23593657e+04  3.24740853e-07 
 3.31131121e+04  3.21620318e-07 
 3.38844156e+04  3.18529981e-07 
 3.46736850e+04  3.15469552e-07 
 3.54813389e+04  3.12438744e-07 
 3.63078055e+04  3.09437270e-07 
 3.71535229e+04  3.06464850e-07 
 3.80189396e+04  3.03521203e-07 
 3.89045145e+04  3.00606052e-07 
 3.98107171e+04  2.97719125e-07 
 4.07380278e+04  2.94860148e-07 
 4.16869383e+04  2.92028854e-07 
 4.26579519e+04  2.89224976e-07 
 4.36515832e+04  2.86448250e-07 
 4.46683592e+04  2.83698416e-07 
 4.57088190e+04  2.80975214e-07 
 4.67735141e+04  2.78278390e-07 
 4.78630092e+04  2.75607688e-07 
 4.89778819e+04  2.72962859e-07 
 5.01187234e+04  2.70343654e-07 
 5.12861384e+04  2.67749826e-07 
 5.24807460e+04  2.65181131e-07 
 5.37031796e+04  2.62637328e-07 
 5.49540874e+04  2.60118178e-07 
 5.62341325e+04  2.57623444e-07 
 5.75439937e+04  2.55152892e-07 
 5.88843655e+04  2.52706289e-07 
 6.02559586e+04  2.50283406e-07 
 6.16595002e+04  2.47884014e-07 
 6.30957344e+04  2.45507888e-07 
 6.45654229e+04  2.43154804e-07 
 6.60693448e+04  2.40824543e-07 
 6.76082975e+04  2.38516883e-07 
 6.91830971e+04  2.36231610e-07 
 7.07945784e+04  2.33968507e-07 
 7.24435960e+04  2.31727362e-07 
 7.41310241e+04  2.29507964e-07 
 7.58577575e+04  2.27310106e-07 
 7.76247117e+04  2.25133579e-07 
 7.94328235e+04  2.22978181e-07 
 8.12830516e+04  2.20843707e-07 
 8.31763771e+04  2.18729958e-07 
 8.51138038e+04  2.16636735e-07 
 8.70963590e+04  2.14563841e-07 
 8.91250938e+04  2.12511081e-07 
 9.12010839e+04  2.10478263e-07 
 9.33254301e+04  2.08465195e-07 
 9.54992586e+04  2.06471688e-07 
 9.77237221e+04  2.04497555e-07 
 1.00000000e+05  2.02542611e-07 
 1.02329299e+05  2.00606671e-07 
 1.04712855e+05  1.98689554e-07 
 1.07151931e+05  1.96791079e-07 
 1.09647820e+05  1.94911068e-07 
 1.12201845e+05  1.93049345e-07 
 1.14815362e+05  1.91205734e-07 
 1.17489755e+05  1.89380063e-07 
 1.20226443e+05  1.87572159e-07 
 1.23026877e+05  1.85781853e-07 
 1.25892541e+05  1.84008977e-07 
 1.28824955e+05  1.82253364e-07 
 1.31825674e+05  1.80514848e-07 
 1.34896288e+05  1.78793268e-07 
 1.38038426e+05  1.77088460e-07 
 1.41253754e+05  1.75400265e-07 
 1.44543977e+05  1.73728524e-07 
 1.47910839e+05  1.72073080e-07 
 1.51356125e+05  1.70433777e-07 
 1.54881662e+05  1.68810462e-07 
 1.58489319e+05  1.67202981e-07 
 1.62181010e+05  1.65611185e-07 
 1.65958691e+05  1.64034922e-07 
 1.69824365e+05  1.62474046e-07 
 1.73780083e+05  1.60928409e-07 
 1.77827941e+05  1.59397866e-07 
 1.81970086e+05  1.57882274e-07 
 1.86208714e+05  1.56381489e-07 
 1.90546072e+05  1.54895372e-07 
 1.94984460e+05  1.53423781e-07 
 1.99526231e+05  1.51966580e-07 
 2.04173794e+05  1.50523631e-07 
 2.08929613e+05  1.49094798e-07 
 2.13796209e+05  1.47679947e-07 
 2.18776162e+05  1.46278946e-07 
 2.23872114e+05  1.44891662e-07 
 2.29086765e+05  1.43517966e-07 
 2.34422882e+05  1.42157727e-07 
 2.39883292e+05  1.40810819e-07 
 2.45470892e+05  1.39477114e-07 
 2.51188643e+05  1.38156488e-07 
 2.57039578e+05  1.36848816e-07 
 2.63026799e+05  1.35553975e-07 
 2.69153480e+05  1.34271844e-07 
 2.75422870e+05  1.33002301e-07 
 2.81838293e+05  1.31745229e-07 
 2.88403150e+05  1.30500508e-07 
 2.95120923e+05  1.29268022e-07 
 3.01995172e+05  1.28047655e-07 
 3.09029543e+05  1.26839292e-07 
 3.16227766e+05  1.25642819e-07 
 3.23593657e+05  1.24458124e-07 
 3.31131121e+05  1.23285095e-07 
 3.38844156e+05  1.22123623e-07 
 3.46736850e+05  1.20973598e-07 
 3.54813389e+05  1.19834912e-07 
 3.63078055e+05  1.18707458e-07 
 3.71535229e+05  1.17591130e-07 
 3.80189396e+05  1.16485822e-07 
 3.89045145e+05  1.15391431e-07 
 3.98107171e+05  1.14307855e-07 
 4.07380278e+05  1.13234990e-07 
 4.16869383e+05  1.12172737e-07 
 4.26579519e+05  1.11120995e-07 
 4.36515832e+05  1.10079665e-07 
 4.46683592e+05  1.09048650e-07 
 4.57088190e+05  1.08027852e-07 
 4.67735141e+05  1.07017175e-07 
 4.78630092e+05  1.06016524e-07 
 4.89778819e+05  1.05025806e-07 
 5.01187234e+05  1.04044926e-07 
 5.12861384e+05  1.03073792e-07 
 5.24807460e+05  1.02112314e-07 
 5.37031796e+05  1.01160400e-07 
 5.49540874e+05  1.00217960e-07 
 5.62341325e+05  9.92849072e-08 
 5.75439937e+05  9.83611523e-08 
 5.88843655e+05  9.74466086e-08 
 6.02559586e+05  9.65411900e-08 
 6.16595002e+05  9.56448112e-08 
 6.30957344e+05  9.47573876e-08 
 6.45654229e+05  9.38788358e-08 
 6.60693448e+05  9.30090728e-08 
 6.76082975e+05  9.21480167e-08 
 6.91830971e+05  9.12955864e-08 
 7.07945784e+05  9.04517013e-08 
 7.24435960e+05  8.96162820e-08 
 7.41310241e+05  8.87892496e-08 
 7.58577575e+05  8.79705262e-08 
 7.76247117e+05  8.71600343e-08 
 7.94328235e+05  8.63576977e-08 
 8.12830516e+05  8.55634404e-08 
 8.31763771e+05  8.47771876e-08 
 8.51138038e+05  8.39988650e-08 
 8.70963590e+05  8.32283990e-08 
 8.91250938e+05  8.24657168e-08 
 9.12010839e+05  8.17107464e-08 
 9.33254301e+05  8.09634164e-08 
 9.54992586e+05  8.02236561e-08 
 9.77237221e+05  7.94913956e-08 
 1.00000000e+06  7.87665656e-08 
 1.02329299e+06  7.80490974e-08 
 1.04712855e+06  7.73389232e-08 
 1.07151931e+06  7.66359758e-08 
 1.09647820e+06  7.59401884e-08 
 1.12201845e+06  7.52514952e-08 
 1.14815362e+06  7.45698309e-08 
 1.17489755e+06  7.38951308e-08 
 1.20226443e+06  7.32273310e-08 
 1.23026877e+06  7.25663681e-08 
 1.25892541e+06  7.19121792e-08 
 1.28824955e+06  7.12647024e-08 
 1.31825674e+06  7.06238759e-08 
 1.34896288e+06  6.99896390e-08 
 1.38038426e+06  6.93619313e-08 
 1.41253754e+06  6.87406930e-08 
 1.44543977e+06  6.81258650e-08 
 1.47910839e+06  6.75173888e-08 
 1.51356125e+06  6.69152063e-08 
 1.54881662e+06  6.63192601e-08 
 1.58489319e+06  6.57294933e-08 
 1.62181010e+06  6.51458497e-08 
 1.65958691e+06  6.45682734e-08 
 1.69824365e+06  6.39967093e-08 
 1.73780083e+06  6.34311027e-08 
 1.77827941e+06  6.28713993e-08 
 1.81970086e+06  6.23175457e-08 
 1.86208714e+06  6.17694887e-08 
 1.90546072e+06  6.12271756e-08 
 1.94984460e+06  6.06905545e-08 
 1.99526231e+06  6.01595738e-08 
 2.04173794e+06  5.96341824e-08 
 2.08929613e+06  5.91143297e-08 
 2.13796209e+06  5.85999656e-08 
 2.18776162e+06  5.80910406e-08 
 2.23872114e+06  5.75875054e-08 
 2.29086765e+06  5.70893115e-08 
 2.34422882e+06  5.65964106e-08 
 2.39883292e+06  5.61087550e-08 
 2.45470892e+06  5.56262974e-08 
 2.51188643e+06  5.51489911e-08 
 2.57039578e+06  5.46767896e-08 
 2.63026799e+06  5.42096469e-08 
 2.69153480e+06  5.37475177e-08 
 2.75422870e+06  5.32903568e-08 
 2.81838293e+06  5.28381195e-08 
 2.88403150e+06  5.23907617e-08 
 2.95120923e+06  5.19482395e-08 
 3.01995172e+06  5.15105096e-08 
 3.09029543e+06  5.10775289e-08 
 3.16227766e+06  5.06492549e-08 
 3.23593657e+06  5.02256453e-08 
 3.31131121e+06  4.98066584e-08 
 3.38844156e+06  4.93922527e-08 
 3.46736850e+06  4.89823872e-08 
 3.54813389e+06  4.85770212e-08 
 3.63078055e+06  4.81761145e-08 
 3.71535229e+06  4.77796271e-08 
 3.80189396e+06  4.73875195e-08 
 3.89045145e+06  4.69997524e-08 
 3.98107171e+06  4.66162871e-08 
 4.07380278e+06  4.62370850e-08 
 4.16869383e+06  4.58621079e-08 
 4.26579519e+06  4.54913182e-08 
 4.36515832e+06  4.51246783e-08 
 4.46683592e+06  4.47621510e-08 
 4.57088190e+06  4.44036995e-08 
 4.67735141e+06  4.40492875e-08 
 4.78630092e+06  4.36988785e-08 
 4.89778819e+06  4.33524370e-08 
 5.01187234e+06  4.30099272e-08 
 5.12861384e+06  4.26713139e-08 
 5.24807460e+06  4.23365623e-08 
 5.37031796e+06  4.20056376e-08 
 5.49540874e+06  4.16785055e-08 
 5.62341325e+06  4.13551319e-08 
 5.75439937e+06  4.10354832e-08 
 5.88843655e+06  4.07195257e-08 
 6.02559586e+06  4.04072263e-08 
 6.16595002e+06  4.00985521e-08 
 6.30957344e+06  3.97934703e-08 
 6.45654229e+06  3.94919486e-08 
 6.60693448e+06  3.91939549e-08 
 6.76082975e+06  3.88994572e-08 
 6.91830971e+06  3.86084239e-08 
 7.07945784e+06  3.83208236e-08 
 7.24435960e+06  3.80366253e-08 
 7.41310241e+06  3.77557981e-08 
 7.58577575e+06  3.74783112e-08 
 7.76247117e+06  3.72041344e-08 
 7.94328235e+06  3.69332373e-08 
 8.12830516e+06  3.66655902e-08 
 8.31763771e+06  3.64011632e-08 
 8.51138038e+06  3.61399270e-08 
 8.70963590e+06  3.58818521e-08 
 8.91250938e+06  3.56269096e-08 
 9.12010839e+06  3.53750707e-08 
 9.33254301e+06  3.51263066e-08 
 9.54992586e+06  3.48805891e-08 
 9.77237221e+06  3.46378898e-08 
 1.00000000e+07  3.43981808e-08 
 1.02329299e+07  3.41614343e-08 
 1.04712855e+07  3.39276226e-08 
 1.07151931e+07  3.36967183e-08 
 1.09647820e+07  3.34686942e-08 
 1.12201845e+07  3.32435233e-08 
 1.14815362e+07  3.30211787e-08 
 1.17489755e+07  3.28016337e-08 
 1.20226443e+07  3.25848619e-08 
 1.23026877e+07  3.23708369e-08 
 1.25892541e+07  3.21595327e-08 
 1.28824955e+07  3.19509231e-08 
 1.31825674e+07  3.17449826e-08 
 1.34896288e+07  3.15416853e-08 
 1.38038426e+07  3.13410060e-08 
 1.41253754e+07  3.11429193e-08 
 1.44543977e+07  3.09474000e-08 
 1.47910839e+07  3.07544233e-08 
 1.51356125e+07  3.05639643e-08 
 1.54881662e+07  3.03759985e-08 
 1.58489319e+07  3.01905012e-08 
 1.62181010e+07  3.00074482e-08 
 1.65958691e+07  2.98268153e-08 
 1.69824365e+07  2.96485785e-08 
 1.73780083e+07  2.94727140e-08 
 1.77827941e+07  2.92991979e-08 
 1.81970086e+07  2.91280068e-08 
 1.86208714e+07  2.89591172e-08 
 1.90546072e+07  2.87925058e-08 
 1.94984460e+07  2.86281495e-08 
 1.99526231e+07  2.84660254e-08 
 2.04173794e+07  2.83061105e-08 
 2.08929613e+07  2.81483822e-08 
 2.13796209e+07  2.79928178e-08 
 2.18776162e+07  2.78393951e-08 
 2.23872114e+07  2.76880917e-08 
 2.29086765e+07  2.75388855e-08 
 2.34422882e+07  2.73917545e-08 
 2.39883292e+07  2.72466767e-08 
 2.45470892e+07  2.71036306e-08 
 2.51188643e+07  2.69625946e-08 
 2.57039578e+07  2.68235471e-08 
 2.63026799e+07  2.66864669e-08 
 2.69153480e+07  2.65513328e-08 
 2.75422870e+07  2.64181238e-08 
 2.81838293e+07  2.62868191e-08 
 2.88403150e+07  2.61573978e-08 
 2.95120923e+07  2.60298395e-08 
 3.01995172e+07  2.59041235e-08 
 3.09029543e+07  2.57802296e-08 
 3.16227766e+07  2.56581376e-08 
 3.23593657e+07  2.55378274e-08 
 3.31131121e+07  2.54192792e-08 
 3.38844156e+07  2.53024732e-08 
 3.46736850e+07  2.51873898e-08 
 3.54813389e+07  2.50740095e-08 
 3.63078055e+07  2.49623129e-08 
 3.71535229e+07  2.48522810e-08 
 3.80189396e+07  2.47438946e-08 
 3.89045145e+07  2.46371349e-08 
 3.98107171e+07  2.45319831e-08 
 4.07380278e+07  2.44284207e-08 
 4.16869383e+07  2.43264292e-08 
 4.26579519e+07  2.42259904e-08 
 4.36515832e+07  2.41270860e-08 
 4.46683592e+07  2.40296982e-08 
 4.57088190e+07  2.39338091e-08 
 4.67735141e+07  2.38394010e-08 
 4.78630092e+07  2.37464565e-08 
 4.89778819e+07  2.36549582e-08 
 5.01187234e+07  2.35648890e-08 
 5.12861384e+07  2.34762318e-08 
 5.24807460e+07  2.33889697e-08 
 5.37031796e+07  2.33030862e-08 
 5.49540874e+07  2.32185648e-08 
 5.62341325e+07  2.31353890e-08 
 5.75439937e+07  2.30535428e-08 
 5.88843655e+07  2.29730101e-08 
 6.02559586e+07  2.28937752e-08 
 6.16595002e+07  2.28158225e-08 
 6.30957344e+07  2.27391365e-08 
 6.45654229e+07  2.26637020e-08 
 6.60693448e+07  2.25895040e-08 
 6.76082975e+07  2.25165276e-08 
 6.91830971e+07  2.24447581e-08 
 7.07945784e+07  2.23741810e-08 
 7.24435960e+07  2.23047822e-08 
 7.41310241e+07  2.22365475e-08 
 7.58577575e+07  2.21694632e-08 
 7.76247117e+07  2.21035155e-08 
 7.94328235e+07  2.20386910e-08 
 8.12830516e+07  2.19749767e-08 
 8.31763771e+07  2.19123593e-08 
 8.51138038e+07  2.18508263e-08 
 8.70963590e+07  2.17903652e-08 
 8.91250938e+07  2.17309635e-08 
 9.12010839e+07  2.16726092e-08 
 9.33254301e+07  2.16152907e-08 
 9.54992586e+07  2.15589962e-08 
 9.77237221e+07  2.15037145e-08 
 1.00000000e+08  2.14494346e-08 
 1.02329299e+08  2.13961456e-08 
 1.04712855e+08  2.13438371e-08 
 1.07151931e+08  2.12924987e-08 
 1.09647820e+08  2.12421206e-08 
 1.12201845e+08  2.11926931e-08 
 1.14815362e+08  2.11442067e-08 
 1.17489755e+08  2.10966525e-08 
 1.20226443e+08  2.10500215e-08 
 1.23026877e+08  2.10043054e-08 
 1.25892541e+08  2.09594960e-08 
 1.28824955e+08  2.09155855e-08 
 1.31825674e+08  2.08725663e-08 
 1.34896288e+08  2.08304314e-08 
 1.38038426e+08  2.07891739e-08 
 1.41253754e+08  2.07487875e-08 
 1.44543977e+08  2.07092660e-08 
 1.47910839e+08  2.06706038e-08 
 1.51356125e+08  2.06327956e-08 
 1.54881662e+08  2.05958364e-08 
 1.58489319e+08  2.05597219e-08 
 1.62181010e+08  2.05244479e-08 
 1.65958691e+08  2.04900109e-08 
 1.69824365e+08  2.04564075e-08 
 1.73780083e+08  2.04236352e-08 
 1.77827941e+08  2.03916915e-08 
 1.81970086e+08  2.03605749e-08 
 1.86208714e+08  2.03302838e-08 
 1.90546072e+08  2.03008177e-08 
 1.94984460e+08  2.02721761e-08 
 1.99526231e+08  2.02443595e-08 
 2.04173794e+08  2.02173687e-08 
 2.08929613e+08  2.01912049e-08 
 2.13796209e+08  2.01658703e-08 
 2.18776162e+08  2.01413675e-08 
 2.23872114e+08  2.01176996e-08 
 2.29086765e+08  2.00948704e-08 
 2.34422882e+08  2.00728846e-08 
 2.39883292e+08  2.00517472e-08 
 2.45470892e+08  2.00314641e-08 
 2.51188643e+08  2.00120419e-08 
 2.57039578e+08  1.99934879e-08 
 2.63026799e+08  1.99758101e-08 
 2.69153480e+08  1.99590173e-08 
 2.75422870e+08  1.99431192e-08 
 2.81838293e+08  1.99281261e-08 
 2.88403150e+08  1.99140493e-08 
 2.95120923e+08  1.99009009e-08 
 3.01995172e+08  1.98886938e-08 
 3.09029543e+08  1.98774418e-08 
 3.16227766e+08  1.98671597e-08 
 3.23593657e+08  1.98578632e-08 
 3.31131121e+08  1.98495688e-08 
 3.38844156e+08  1.98422942e-08 
 3.46736850e+08  1.98360578e-08 
 3.54813389e+08  1.98308793e-08 
 3.63078055e+08  1.98267793e-08 
 3.71535229e+08  1.98237792e-08 
 3.80189396e+08  1.98219017e-08 
 3.89045145e+08  1.98211706e-08 
 3.98107171e+08  1.98216104e-08 
 4.07380278e+08  1.98232471e-08 
 4.16869383e+08  1.98261076e-08 
 4.26579519e+08  1.98302196e-08 
 4.36515832e+08  1.98356124e-08 
 4.46683592e+08  1.98423159e-08 
 4.57088190e+08  1.98503613e-08 
 4.67735141e+08  1.98597808e-08 
 4.78630092e+08  1.98706076e-08 
 4.89778819e+08  1.98828759e-08 
 5.01187234e+08  1.98966210e-08 
 5.12861384e+08  1.99118790e-08 
 5.24807460e+08  1.99286870e-08 
 5.37031796e+08  1.99470830e-08 
 5.49540874e+08  1.99671057e-08 
 5.62341325e+08  1.99887947e-08 
 5.75439937e+08  2.00121901e-08 
 5.88843655e+08  2.00373329e-08 
 6.02559586e+08  2.00642644e-08 
 6.16595002e+08  2.00930265e-08 
 6.30957344e+08  2.01236613e-08 
 6.45654229e+08  2.01562112e-08 
 6.60693448e+08  2.01907187e-08 
 6.76082975e+08  2.02272263e-08 
 6.91830971e+08  2.02657764e-08 
 7.07945784e+08  2.03064108e-08 
 7.24435960e+08  2.03491712e-08 
 7.41310241e+08  2.03940983e-08 
 7.58577575e+08  2.04412320e-08 
 7.76247117e+08  2.04906114e-08 
 7.94328235e+08  2.05422740e-08 
 8.12830516e+08  2.05962558e-08 
 8.31763771e+08  2.06525914e-08 
 8.51138038e+08  2.07113131e-08 
 8.70963590e+08  2.07724509e-08 
 8.91250938e+08  2.08360327e-08 
 9.12010839e+08  2.09020832e-08 
 9.33254301e+08  2.09706243e-08 
 9.54992586e+08  2.10416743e-08 
 9.77237221e+08  2.11152482e-08 
 1.00000000e+09  2.11913569e-08 
