 1.00000000e+00 -1.41949549e-04 
 1.25892541e+00 -1.78703895e-04 
 1.58489319e+00 -2.24974874e-04 
 1.99526231e+00 -2.83226586e-04 
 2.51188643e+00 -3.56561147e-04 
 3.16227766e+00 -4.48883888e-04 
 3.98107171e+00 -5.65111334e-04 
 5.01187234e+00 -7.11433019e-04 
 6.30957344e+00 -8.95641106e-04 
 7.94328235e+00 -1.12754535e-03 
 1.00000000e+01 -1.41949549e-03 
 1.25892541e+01 -1.78703895e-03 
 1.58489319e+01 -2.24974874e-03 
 1.99526231e+01 -2.83226586e-03 
 2.51188643e+01 -3.56561146e-03 
 3.16227766e+01 -4.48883887e-03 
 3.98107171e+01 -5.65111332e-03 
 5.01187234e+01 -7.11433015e-03 
 6.30957344e+01 -8.95641099e-03 
 7.94328235e+01 -1.12754533e-02 
 1.00000000e+02 -1.41949546e-02 
 1.25892541e+02 -1.78703889e-02 
 1.58489319e+02 -2.24974863e-02 
 1.99526231e+02 -2.83226563e-02 
 2.51188643e+02 -3.56561101e-02 
 3.16227766e+02 -4.48883797e-02 
 3.98107171e+02 -5.65111151e-02 
 5.01187234e+02 -7.11432654e-02 
 6.30957344e+02 -8.95640377e-02 
 7.94328235e+02 -1.12754389e-01 
 1.00000000e+03 -1.41949259e-01 
 1.25892541e+03 -1.78703316e-01 
 1.58489319e+03 -2.24973719e-01 
 1.99526231e+03 -2.83224281e-01 
 2.51188643e+03 -3.56556547e-01 
 3.16227766e+03 -4.48874710e-01 
 3.98107171e+03 -5.65093022e-01 
 5.01187234e+03 -7.11396482e-01 
 6.30957344e+03 -8.95568210e-01 
 7.94328235e+03 -1.12739991e+00 
 1.00000000e+04 -1.41920535e+00 
 1.25892541e+04 -1.78646016e+00 
 1.58489319e+04 -2.24859430e+00 
 1.99526231e+04 -2.82996370e+00 
 2.51188643e+04 -3.56102197e+00 
 3.16227766e+04 -4.47969401e+00 
 3.98107171e+04 -5.63290592e+00 
 5.01187234e+04 -7.07812409e+00 
 6.30957344e+04 -8.88455375e+00 
 7.94328235e+04 -1.11332720e+01 
 1.00000000e+05 -1.39149428e+01 
 1.25892541e+05 -1.73228707e+01 
 1.58489319e+05 -2.14383207e+01 
 1.99526231e+05 -2.63053995e+01 
 2.51188643e+05 -3.18967006e+01 
 3.16227766e+05 -3.80803796e+01 
 3.98107171e+05 -4.46106077e+01 
 5.01187234e+05 -5.11622321e+01 
 6.30957344e+05 -5.74050578e+01 
 7.94328235e+05 -6.30808807e+01 
 1.00000000e+06 -6.80439422e+01 
 1.25892541e+06 -7.22559254e+01 
 1.58489319e+06 -7.57545449e+01 
 1.99526231e+06 -7.86185698e+01 
 2.51188643e+06 -8.09414089e+01 
 3.16227766e+06 -8.28153043e+01 
 3.98107171e+06 -8.43236610e+01 
 5.01187234e+06 -8.55383867e+01 
 6.30957344e+06 -8.65198839e+01 
 7.94328235e+06 -8.73182509e+01 
 1.00000000e+07 -8.79749085e+01 
 1.25892541e+07 -8.85242731e+01 
 1.58489319e+07 -8.89953192e+01 
 1.99526231e+07 -8.94129837e+01 
 2.51188643e+07 -8.97994206e+01 
 3.16227766e+07 -9.01751376e+01 
 3.98107171e+07 -9.05600524e+01 
 5.01187234e+07 -9.09745087e+01 
 6.30957344e+07 -9.14402836e+01 
 7.94328235e+07 -9.19816023e+01 
 1.00000000e+08 -9.26261461e+01 
 1.25892541e+08 -9.34059714e+01 
 1.58489319e+08 -9.43581375e+01 
 1.99526231e+08 -9.55246027e+01 
 2.51188643e+08 -9.69505484e+01 
 3.16227766e+08 -9.86796743e+01 
 3.98107171e+08 -1.00744294e+02 
 5.01187234e+08 -1.03147875e+02 
 6.30957344e+08 -1.05839640e+02 
 7.94328235e+08 -1.08687551e+02 
 1.00000000e+09 -1.11467787e+02 
