 1.00000000e+00 -1.42236977e-04 
 1.25892541e+00 -1.79065745e-04 
 1.58489319e+00 -2.25430417e-04 
 1.99526231e+00 -2.83800080e-04 
 2.51188643e+00 -3.57283133e-04 
 3.16227766e+00 -4.49792815e-04 
 3.98107171e+00 -5.66255605e-04 
 5.01187234e+00 -7.12873571e-04 
 6.30957344e+00 -8.97454654e-04 
 7.94328235e+00 -1.12982847e-03 
 1.00000000e+01 -1.42236977e-03 
 1.25892541e+01 -1.79065745e-03 
 1.58489319e+01 -2.25430417e-03 
 1.99526231e+01 -2.83800080e-03 
 2.51188643e+01 -3.57283132e-03 
 3.16227766e+01 -4.49792814e-03 
 3.98107171e+01 -5.66255603e-03 
 5.01187234e+01 -7.12873567e-03 
 6.30957344e+01 -8.97454646e-03 
 7.94328235e+01 -1.12982845e-02 
 1.00000000e+02 -1.42236974e-02 
 1.25892541e+02 -1.79065739e-02 
 1.58489319e+02 -2.25430405e-02 
 1.99526231e+02 -2.83800057e-02 
 2.51188643e+02 -3.57283087e-02 
 3.16227766e+02 -4.49792723e-02 
 3.98107171e+02 -5.66255421e-02 
 5.01187234e+02 -7.12873203e-02 
 6.30957344e+02 -8.97453921e-02 
 7.94328235e+02 -1.12982701e-01 
 1.00000000e+03 -1.42236685e-01 
 1.25892541e+03 -1.79065163e-01 
 1.58489319e+03 -2.25429255e-01 
 1.99526231e+03 -2.83797762e-01 
 2.51188643e+03 -3.57278507e-01 
 3.16227766e+03 -4.49783585e-01 
 3.98107171e+03 -5.66237190e-01 
 5.01187234e+03 -7.12836828e-01 
 6.30957344e+03 -8.97381347e-01 
 7.94328235e+03 -1.12968222e+00 
 1.00000000e+04 -1.42207800e+00 
 1.25892541e+04 -1.79007541e+00 
 1.58489319e+04 -2.25314324e+00 
 1.99526231e+04 -2.83568570e+00 
 2.51188643e+04 -3.56821606e+00 
 3.16227766e+04 -4.48873197e+00 
 3.98107171e+04 -5.64424660e+00 
 5.01187234e+04 -7.09232719e+00 
 6.30957344e+04 -8.90228891e+00 
 7.94328235e+04 -1.11553155e+01 
 1.00000000e+05 -1.39421475e+01 
 1.25892541e+05 -1.73560873e+01 
 1.58489319e+05 -2.14782445e+01 
 1.99526231e+05 -2.63523297e+01 
 2.51188643e+05 -3.19502543e+01 
 3.16227766e+05 -3.81392973e+01 
 3.98107171e+05 -4.46728548e+01 
 5.01187234e+05 -5.12254939e+01 
 6.30957344e+05 -5.74674415e+01 
 7.94328235e+05 -6.31414601e+01 
 1.00000000e+06 -6.81029260e+01 
 1.25892541e+06 -7.23145226e+01 
 1.58489319e+06 -7.58147322e+01 
 1.99526231e+06 -7.86829119e+01 
 2.51188643e+06 -8.10129870e+01 
 3.16227766e+06 -8.28977487e+01 
 3.98107171e+06 -8.44212679e+01 
 5.01187234e+06 -8.56563045e+01 
 6.30957344e+06 -8.66643647e+01 
 7.94328235e+06 -8.74969704e+01 
 1.00000000e+07 -8.81973651e+01 
 1.25892541e+07 -8.88022852e+01 
 1.58489319e+07 -8.93436399e+01 
 1.99526231e+07 -8.98500608e+01 
 2.51188643e+07 -9.03483291e+01 
 3.16227766e+07 -9.08647089e+01 
 3.98107171e+07 -9.14262125e+01 
 5.01187234e+07 -9.20618012e+01 
 6.30957344e+07 -9.28034702e+01 
 7.94328235e+07 -9.36870656e+01 
 1.00000000e+08 -9.47524821e+01 
 1.25892541e+08 -9.60425412e+01 
 1.58489319e+08 -9.75992964e+01 
 1.99526231e+08 -9.94557843e+01 
 2.51188643e+08 -1.01620774e+02 
 3.16227766e+08 -1.04055133e+02 
 3.98107171e+08 -1.06643463e+02 
 5.01187234e+08 -1.09175421e+02 
 6.30957344e+08 -1.11362457e+02 
 7.94328235e+08 -1.12910815e+02 
 1.00000000e+09 -1.13636600e+02 
