 1.00000000e+00  1.74206063e+01 
 1.25892541e+00  1.74206063e+01 
 1.58489319e+00  1.74206063e+01 
 1.99526231e+00  1.74206063e+01 
 2.51188643e+00  1.74206063e+01 
 3.16227766e+00  1.74206063e+01 
 3.98107171e+00  1.74206063e+01 
 5.01187234e+00  1.74206063e+01 
 6.30957344e+00  1.74206063e+01 
 7.94328235e+00  1.74206063e+01 
 1.00000000e+01  1.74206063e+01 
 1.25892541e+01  1.74206063e+01 
 1.58489319e+01  1.74206063e+01 
 1.99526231e+01  1.74206063e+01 
 2.51188643e+01  1.74206063e+01 
 3.16227766e+01  1.74206063e+01 
 3.98107171e+01  1.74206063e+01 
 5.01187234e+01  1.74206063e+01 
 6.30957344e+01  1.74206063e+01 
 7.94328235e+01  1.74206063e+01 
 1.00000000e+02  1.74206063e+01 
 1.25892541e+02  1.74206062e+01 
 1.58489319e+02  1.74206062e+01 
 1.99526231e+02  1.74206061e+01 
 2.51188643e+02  1.74206060e+01 
 3.16227766e+02  1.74206058e+01 
 3.98107171e+02  1.74206055e+01 
 5.01187234e+02  1.74206050e+01 
 6.30957344e+02  1.74206043e+01 
 7.94328235e+02  1.74206031e+01 
 1.00000000e+03  1.74206013e+01 
 1.25892541e+03  1.74205983e+01 
 1.58489319e+03  1.74205936e+01 
 1.99526231e+03  1.74205862e+01 
 2.51188643e+03  1.74205744e+01 
 3.16227766e+03  1.74205558e+01 
 3.98107171e+03  1.74205262e+01 
 5.01187234e+03  1.74204794e+01 
 6.30957344e+03  1.74204052e+01 
 7.94328235e+03  1.74202875e+01 
 1.00000000e+04  1.74201010e+01 
 1.25892541e+04  1.74198055e+01 
 1.58489319e+04  1.74193372e+01 
 1.99526231e+04  1.74185951e+01 
 2.51188643e+04  1.74174192e+01 
 3.16227766e+04  1.74155562e+01 
 3.98107171e+04  1.74126052e+01 
 5.01187234e+04  1.74079322e+01 
 6.30957344e+04  1.74005363e+01 
 7.94328235e+04  1.73888404e+01 
 1.00000000e+05  1.73703678e+01 
 1.25892541e+05  1.73412508e+01 
 1.58489319e+05  1.72954996e+01 
 1.99526231e+05  1.72239619e+01 
 2.51188643e+05  1.71129421e+01 
 3.16227766e+05  1.69426022e+01 
 3.98107171e+05  1.66856133e+01 
 5.01187234e+05  1.63071133e+01 
 6.30957344e+05  1.57675750e+01 
 7.94328235e+05  1.50298156e+01 
 1.00000000e+06  1.40690340e+01 
 1.25892541e+06  1.28812695e+01 
 1.58489319e+06  1.14848796e+01 
 1.99526231e+06  9.91398345e+00 
 2.51188643e+06  8.20830404e+00 
 3.16227766e+06  6.40481735e+00 
 3.98107171e+06  4.53353358e+00 
 5.01187234e+06  2.61673578e+00 
 6.30957344e+06  6.70032815e-01 
 7.94328235e+06 -1.29605076e+00 
 1.00000000e+07 -3.27459573e+00 
 1.25892541e+07 -5.26113396e+00 
 1.58489319e+07 -7.25282535e+00 
 1.99526231e+07 -9.24790274e+00 
 2.51188643e+07 -1.12453139e+01 
 3.16227766e+07 -1.32445040e+01 
 3.98107171e+07 -1.52452986e+01 
 5.01187234e+07 -1.72478674e+01 
 6.30957344e+07 -1.92527585e+01 
 7.94328235e+07 -2.12610111e+01 
 1.00000000e+08 -2.32743654e+01 
 1.25892541e+08 -2.52956010e+01 
 1.58489319e+08 -2.73290477e+01 
 1.99526231e+08 -2.93813025e+01 
 2.51188643e+08 -3.14621410e+01 
 3.16227766e+08 -3.35854576e+01 
 3.98107171e+08 -3.57697354e+01 
 5.01187234e+08 -3.80369951e+01 
 6.30957344e+08 -4.04086756e+01 
 7.94328235e+08 -4.28973495e+01 
 1.00000000e+09 -4.54957635e+01 
