 1.00000000e+00  1.74205466e+01 
 1.25892541e+00  1.74205466e+01 
 1.58489319e+00  1.74205466e+01 
 1.99526231e+00  1.74205466e+01 
 2.51188643e+00  1.74205466e+01 
 3.16227766e+00  1.74205466e+01 
 3.98107171e+00  1.74205466e+01 
 5.01187234e+00  1.74205466e+01 
 6.30957344e+00  1.74205466e+01 
 7.94328235e+00  1.74205466e+01 
 1.00000000e+01  1.74205466e+01 
 1.25892541e+01  1.74205466e+01 
 1.58489319e+01  1.74205466e+01 
 1.99526231e+01  1.74205466e+01 
 2.51188643e+01  1.74205466e+01 
 3.16227766e+01  1.74205466e+01 
 3.98107171e+01  1.74205466e+01 
 5.01187234e+01  1.74205466e+01 
 6.30957344e+01  1.74205466e+01 
 7.94328235e+01  1.74205466e+01 
 1.00000000e+02  1.74205465e+01 
 1.25892541e+02  1.74205465e+01 
 1.58489319e+02  1.74205465e+01 
 1.99526231e+02  1.74205464e+01 
 2.51188643e+02  1.74205463e+01 
 3.16227766e+02  1.74205461e+01 
 3.98107171e+02  1.74205458e+01 
 5.01187234e+02  1.74205453e+01 
 6.30957344e+02  1.74205446e+01 
 7.94328235e+02  1.74205434e+01 
 1.00000000e+03  1.74205416e+01 
 1.25892541e+03  1.74205386e+01 
 1.58489319e+03  1.74205339e+01 
 1.99526231e+03  1.74205265e+01 
 2.51188643e+03  1.74205148e+01 
 3.16227766e+03  1.74204962e+01 
 3.98107171e+03  1.74204668e+01 
 5.01187234e+03  1.74204201e+01 
 6.30957344e+03  1.74203461e+01 
 7.94328235e+03  1.74202289e+01 
 1.00000000e+04  1.74200430e+01 
 1.25892541e+04  1.74197485e+01 
 1.58489319e+04  1.74192818e+01 
 1.99526231e+04  1.74185422e+01 
 2.51188643e+04  1.74173702e+01 
 3.16227766e+04  1.74155135e+01 
 3.98107171e+04  1.74125723e+01 
 5.01187234e+04  1.74079150e+01 
 6.30957344e+04  1.74005439e+01 
 7.94328235e+04  1.73888870e+01 
 1.00000000e+05  1.73704760e+01 
 1.25892541e+05  1.73414554e+01 
 1.58489319e+05  1.72958544e+01 
 1.99526231e+05  1.72245484e+01 
 2.51188643e+05  1.71138808e+01 
 3.16227766e+05  1.69440642e+01 
 3.98107171e+05  1.66878269e+01 
 5.01187234e+05  1.63103562e+01 
 6.30957344e+05  1.57721389e+01 
 7.94328235e+05  1.50359403e+01 
 1.00000000e+06  1.40768323e+01 
 1.25892541e+06  1.28906862e+01 
 1.58489319e+06  1.14957120e+01 
 1.99526231e+06  9.92595029e+00 
 2.51188643e+06  8.22111828e+00 
 3.16227766e+06  6.41823317e+00 
 3.98107171e+06  4.54736317e+00 
 5.01187234e+06  2.63084697e+00 
 6.30957344e+06  6.84339355e-01 
 7.94328235e+06 -1.28159932e+00 
 1.00000000e+07 -3.26002123e+00 
 1.25892541e+07 -5.24643275e+00 
 1.58489319e+07 -7.23796687e+00 
 1.99526231e+07 -9.23282273e+00 
 2.51188643e+07 -1.12299005e+01 
 3.16227766e+07 -1.32285734e+01 
 3.98107171e+07 -1.52285564e+01 
 5.01187234e+07 -1.72298453e+01 
 6.30957344e+07 -1.92327159e+01 
 7.94328235e+07 -2.12377812e+01 
 1.00000000e+08 -2.32461178e+01 
 1.25892541e+08 -2.52594829e+01 
 1.58489319e+08 -2.72806569e+01 
 1.99526231e+08 -2.93139516e+01 
 2.51188643e+08 -3.13659203e+01 
 3.16227766e+08 -3.34462516e+01 
 3.98107171e+08 -3.55686748e+01 
 5.01187234e+08 -3.77513660e+01 
 6.30957344e+08 -4.00157969e+01 
 7.94328235e+08 -4.23825018e+01 
 1.00000000e+09 -4.48627613e+01 
