 1.00000000e+00  1.25696092e-05 
 1.02329299e+00  1.24464766e-05 
 1.04712855e+00  1.23245573e-05 
 1.07151931e+00  1.22038392e-05 
 1.09647820e+00  1.20843106e-05 
 1.12201845e+00  1.19659595e-05 
 1.14815362e+00  1.18487743e-05 
 1.17489755e+00  1.17327434e-05 
 1.20226443e+00  1.16178553e-05 
 1.23026877e+00  1.15040988e-05 
 1.25892541e+00  1.13914625e-05 
 1.28824955e+00  1.12799354e-05 
 1.31825674e+00  1.11695065e-05 
 1.34896288e+00  1.10601648e-05 
 1.38038426e+00  1.09518996e-05 
 1.41253754e+00  1.08447003e-05 
 1.44543977e+00  1.07385561e-05 
 1.47910839e+00  1.06334568e-05 
 1.51356125e+00  1.05293919e-05 
 1.54881662e+00  1.04263511e-05 
 1.58489319e+00  1.03243244e-05 
 1.62181010e+00  1.02233016e-05 
 1.65958691e+00  1.01232729e-05 
 1.69824365e+00  1.00242283e-05 
 1.73780083e+00  9.92615809e-06 
 1.77827941e+00  9.82905266e-06 
 1.81970086e+00  9.73290243e-06 
 1.86208714e+00  9.63769793e-06 
 1.90546072e+00  9.54342980e-06 
 1.94984460e+00  9.45008876e-06 
 1.99526231e+00  9.35766563e-06 
 2.04173794e+00  9.26615133e-06 
 2.08929613e+00  9.17553684e-06 
 2.13796209e+00  9.08581327e-06 
 2.18776162e+00  8.99697179e-06 
 2.23872114e+00  8.90900367e-06 
 2.29086765e+00  8.82190026e-06 
 2.34422882e+00  8.73565301e-06 
 2.39883292e+00  8.65025344e-06 
 2.45470892e+00  8.56569317e-06 
 2.51188643e+00  8.48196388e-06 
 2.57039578e+00  8.39905737e-06 
 2.63026799e+00  8.31696548e-06 
 2.69153480e+00  8.23568015e-06 
 2.75422870e+00  8.15519342e-06 
 2.81838293e+00  8.07549738e-06 
 2.88403150e+00  7.99658421e-06 
 2.95120923e+00  7.91844617e-06 
 3.01995172e+00  7.84107559e-06 
 3.09029543e+00  7.76446490e-06 
 3.16227766e+00  7.68860656e-06 
 3.23593657e+00  7.61349315e-06 
 3.31131121e+00  7.53911730e-06 
 3.38844156e+00  7.46547173e-06 
 3.46736850e+00  7.39254921e-06 
 3.54813389e+00  7.32034260e-06 
 3.63078055e+00  7.24884482e-06 
 3.71535229e+00  7.17804888e-06 
 3.80189396e+00  7.10794783e-06 
 3.89045145e+00  7.03853481e-06 
 3.98107171e+00  6.96980303e-06 
 4.07380278e+00  6.90174576e-06 
 4.16869383e+00  6.83435633e-06 
 4.26579519e+00  6.76762814e-06 
 4.36515832e+00  6.70155468e-06 
 4.46683592e+00  6.63612947e-06 
 4.57088190e+00  6.57134612e-06 
 4.67735141e+00  6.50719828e-06 
 4.78630092e+00  6.44367968e-06 
 4.89778819e+00  6.38078411e-06 
 5.01187234e+00  6.31850543e-06 
 5.12861384e+00  6.25683754e-06 
 5.24807460e+00  6.19577441e-06 
 5.37031796e+00  6.13531009e-06 
 5.49540874e+00  6.07543865e-06 
 5.62341325e+00  6.01615425e-06 
 5.75439937e+00  5.95745110e-06 
 5.88843655e+00  5.89932346e-06 
 6.02559586e+00  5.84176566e-06 
 6.16595002e+00  5.78477208e-06 
 6.30957344e+00  5.72833715e-06 
 6.45654229e+00  5.67245536e-06 
 6.60693448e+00  5.61712127e-06 
 6.76082975e+00  5.56232945e-06 
 6.91830971e+00  5.50807459e-06 
 7.07945784e+00  5.45435136e-06 
 7.24435960e+00  5.40115455e-06 
 7.41310241e+00  5.34847895e-06 
 7.58577575e+00  5.29631944e-06 
 7.76247117e+00  5.24467091e-06 
 7.94328235e+00  5.19352835e-06 
 8.12830516e+00  5.14288676e-06 
 8.31763771e+00  5.09274120e-06 
 8.51138038e+00  5.04308680e-06 
 8.70963590e+00  4.99391870e-06 
 8.91250938e+00  4.94523213e-06 
 9.12010839e+00  4.89702233e-06 
 9.33254301e+00  4.84928461e-06 
 9.54992586e+00  4.80201432e-06 
 9.77237221e+00  4.75520686e-06 
 1.00000000e+01  4.70885767e-06 
 1.02329299e+01  4.66296223e-06 
 1.04712855e+01  4.61751609e-06 
 1.07151931e+01  4.57251481e-06 
 1.09647820e+01  4.52795401e-06 
 1.12201845e+01  4.48382937e-06 
 1.14815362e+01  4.44013659e-06 
 1.17489755e+01  4.39687141e-06 
 1.20226443e+01  4.35402963e-06 
 1.23026877e+01  4.31160708e-06 
 1.25892541e+01  4.26959964e-06 
 1.28824955e+01  4.22800321e-06 
 1.31825674e+01  4.18681377e-06 
 1.34896288e+01  4.14602730e-06 
 1.38038426e+01  4.10563984e-06 
 1.41253754e+01  4.06564747e-06 
 1.44543977e+01  4.02604629e-06 
 1.47910839e+01  3.98683246e-06 
 1.51356125e+01  3.94800218e-06 
 1.54881662e+01  3.90955166e-06 
 1.58489319e+01  3.87147718e-06 
 1.62181010e+01  3.83377504e-06 
 1.65958691e+01  3.79644157e-06 
 1.69824365e+01  3.75947316e-06 
 1.73780083e+01  3.72286621e-06 
 1.77827941e+01  3.68661717e-06 
 1.81970086e+01  3.65072252e-06 
 1.86208714e+01  3.61517879e-06 
 1.90546072e+01  3.57998251e-06 
 1.94984460e+01  3.54513028e-06 
 1.99526231e+01  3.51061871e-06 
 2.04173794e+01  3.47644447e-06 
 2.08929613e+01  3.44260422e-06 
 2.13796209e+01  3.40909470e-06 
 2.18776162e+01  3.37591265e-06 
 2.23872114e+01  3.34305486e-06 
 2.29086765e+01  3.31051814e-06 
 2.34422882e+01  3.27829934e-06 
 2.39883292e+01  3.24639533e-06 
 2.45470892e+01  3.21480303e-06 
 2.51188643e+01  3.18351937e-06 
 2.57039578e+01  3.15254132e-06 
 2.63026799e+01  3.12186588e-06 
 2.69153480e+01  3.09149009e-06 
 2.75422870e+01  3.06141099e-06 
 2.81838293e+01  3.03162568e-06 
 2.88403150e+01  3.00213128e-06 
 2.95120923e+01  2.97292492e-06 
 3.01995172e+01  2.94400378e-06 
 3.09029543e+01  2.91536506e-06 
 3.16227766e+01  2.88700599e-06 
 3.23593657e+01  2.85892383e-06 
 3.31131121e+01  2.83111585e-06 
 3.38844156e+01  2.80357937e-06 
 3.46736850e+01  2.77631173e-06 
 3.54813389e+01  2.74931028e-06 
 3.63078055e+01  2.72257242e-06 
 3.71535229e+01  2.69609556e-06 
 3.80189396e+01  2.66987714e-06 
 3.89045145e+01  2.64391463e-06 
 3.98107171e+01  2.61820551e-06 
 4.07380278e+01  2.59274730e-06 
 4.16869383e+01  2.56753754e-06 
 4.26579519e+01  2.54257379e-06 
 4.36515832e+01  2.51785365e-06 
 4.46683592e+01  2.49337472e-06 
 4.57088190e+01  2.46913464e-06 
 4.67735141e+01  2.44513106e-06 
 4.78630092e+01  2.42136168e-06 
 4.89778819e+01  2.39782419e-06 
 5.01187234e+01  2.37451632e-06 
 5.12861384e+01  2.35143582e-06 
 5.24807460e+01  2.32858046e-06 
 5.37031796e+01  2.30594803e-06 
 5.49540874e+01  2.28353636e-06 
 5.62341325e+01  2.26134328e-06 
 5.75439937e+01  2.23936664e-06 
 5.88843655e+01  2.21760433e-06 
 6.02559586e+01  2.19605424e-06 
 6.16595002e+01  2.17471431e-06 
 6.30957344e+01  2.15358246e-06 
 6.45654229e+01  2.13265666e-06 
 6.60693448e+01  2.11193490e-06 
 6.76082975e+01  2.09141517e-06 
 6.91830971e+01  2.07109549e-06 
 7.07945784e+01  2.05097391e-06 
 7.24435960e+01  2.03104849e-06 
 7.41310241e+01  2.01131731e-06 
 7.58577575e+01  1.99177846e-06 
 7.76247117e+01  1.97243006e-06 
 7.94328235e+01  1.95327025e-06 
 8.12830516e+01  1.93429719e-06 
 8.31763771e+01  1.91550903e-06 
 8.51138038e+01  1.89690398e-06 
 8.70963590e+01  1.87848024e-06 
 8.91250938e+01  1.86023604e-06 
 9.12010839e+01  1.84216961e-06 
 9.33254301e+01  1.82427923e-06 
 9.54992586e+01  1.80656316e-06 
 9.77237221e+01  1.78901971e-06 
 1.00000000e+02  1.77164718e-06 
 1.02329299e+02  1.75444390e-06 
 1.04712855e+02  1.73740821e-06 
 1.07151931e+02  1.72053849e-06 
 1.09647820e+02  1.70383309e-06 
 1.12201845e+02  1.68729042e-06 
 1.14815362e+02  1.67090888e-06 
 1.17489755e+02  1.65468690e-06 
 1.20226443e+02  1.63862292e-06 
 1.23026877e+02  1.62271538e-06 
 1.25892541e+02  1.60696277e-06 
 1.28824955e+02  1.59136357e-06 
 1.31825674e+02  1.57591628e-06 
 1.34896288e+02  1.56061940e-06 
 1.38038426e+02  1.54547148e-06 
 1.41253754e+02  1.53047106e-06 
 1.44543977e+02  1.51561668e-06 
 1.47910839e+02  1.50090694e-06 
 1.51356125e+02  1.48634040e-06 
 1.54881662e+02  1.47191568e-06 
 1.58489319e+02  1.45763139e-06 
 1.62181010e+02  1.44348614e-06 
 1.65958691e+02  1.42947860e-06 
 1.69824365e+02  1.41560740e-06 
 1.73780083e+02  1.40187122e-06 
 1.77827941e+02  1.38826874e-06 
 1.81970086e+02  1.37479865e-06 
 1.86208714e+02  1.36145966e-06 
 1.90546072e+02  1.34825049e-06 
 1.94984460e+02  1.33516987e-06 
 1.99526231e+02  1.32221654e-06 
 2.04173794e+02  1.30938926e-06 
 2.08929613e+02  1.29668680e-06 
 2.13796209e+02  1.28410794e-06 
 2.18776162e+02  1.27165148e-06 
 2.23872114e+02  1.25931621e-06 
 2.29086765e+02  1.24710096e-06 
 2.34422882e+02  1.23500455e-06 
 2.39883292e+02  1.22302582e-06 
 2.45470892e+02  1.21116362e-06 
 2.51188643e+02  1.19941682e-06 
 2.57039578e+02  1.18778429e-06 
 2.63026799e+02  1.17626491e-06 
 2.69153480e+02  1.16485758e-06 
 2.75422870e+02  1.15356121e-06 
 2.81838293e+02  1.14237471e-06 
 2.88403150e+02  1.13129701e-06 
 2.95120923e+02  1.12032704e-06 
 3.01995172e+02  1.10946376e-06 
 3.09029543e+02  1.09870613e-06 
 3.16227766e+02  1.08805311e-06 
 3.23593657e+02  1.07750369e-06 
 3.31131121e+02  1.06705684e-06 
 3.38844156e+02  1.05671158e-06 
 3.46736850e+02  1.04646691e-06 
 3.54813389e+02  1.03632185e-06 
 3.63078055e+02  1.02627543e-06 
 3.71535229e+02  1.01632668e-06 
 3.80189396e+02  1.00647465e-06 
 3.89045145e+02  9.96718408e-07 
 3.98107171e+02  9.87057007e-07 
 4.07380278e+02  9.77489526e-07 
 4.16869383e+02  9.68015049e-07 
 4.26579519e+02  9.58632670e-07 
 4.36515832e+02  9.49341489e-07 
 4.46683592e+02  9.40140617e-07 
 4.57088190e+02  9.31029175e-07 
 4.67735141e+02  9.22006290e-07 
 4.78630092e+02  9.13071099e-07 
 4.89778819e+02  9.04222746e-07 
 5.01187234e+02  8.95460386e-07 
 5.12861384e+02  8.86783179e-07 
 5.24807460e+02  8.78190297e-07 
 5.37031796e+02  8.69680915e-07 
 5.49540874e+02  8.61254222e-07 
 5.62341325e+02  8.52909412e-07 
 5.75439937e+02  8.44645685e-07 
 5.88843655e+02  8.36462252e-07 
 6.02559586e+02  8.28358331e-07 
 6.16595002e+02  8.20333145e-07 
 6.30957344e+02  8.12385929e-07 
 6.45654229e+02  8.04515923e-07 
 6.60693448e+02  7.96722374e-07 
 6.76082975e+02  7.89004538e-07 
 6.91830971e+02  7.81361676e-07 
 7.07945784e+02  7.73793059e-07 
 7.24435960e+02  7.66297962e-07 
 7.41310241e+02  7.58875671e-07 
 7.58577575e+02  7.51525476e-07 
 7.76247117e+02  7.44246674e-07 
 7.94328235e+02  7.37038570e-07 
 8.12830516e+02  7.29900476e-07 
 8.31763771e+02  7.22831710e-07 
 8.51138038e+02  7.15831596e-07 
 8.70963590e+02  7.08899467e-07 
 8.91250938e+02  7.02034660e-07 
 9.12010839e+02  6.95236519e-07 
 9.33254301e+02  6.88504396e-07 
 9.54992586e+02  6.81837648e-07 
 9.77237221e+02  6.75235638e-07 
 1.00000000e+03  6.68697736e-07 
 1.02329299e+03  6.62223319e-07 
 1.04712855e+03  6.55811767e-07 
 1.07151931e+03  6.49462470e-07 
 1.09647820e+03  6.43174820e-07 
 1.12201845e+03  6.36948219e-07 
 1.14815362e+03  6.30782072e-07 
 1.17489755e+03  6.24675791e-07 
 1.20226443e+03  6.18628792e-07 
 1.23026877e+03  6.12640500e-07 
 1.25892541e+03  6.06710342e-07 
 1.28824955e+03  6.00837754e-07 
 1.31825674e+03  5.95022175e-07 
 1.34896288e+03  5.89263051e-07 
 1.38038426e+03  5.83559831e-07 
 1.41253754e+03  5.77911973e-07 
 1.44543977e+03  5.72318938e-07 
 1.47910839e+03  5.66780192e-07 
 1.51356125e+03  5.61295208e-07 
 1.54881662e+03  5.55863462e-07 
 1.58489319e+03  5.50484436e-07 
 1.62181010e+03  5.45157619e-07 
 1.65958691e+03  5.39882501e-07 
 1.69824365e+03  5.34658582e-07 
 1.73780083e+03  5.29485361e-07 
 1.77827941e+03  5.24362347e-07 
 1.81970086e+03  5.19289052e-07 
 1.86208714e+03  5.14264991e-07 
 1.90546072e+03  5.09289687e-07 
 1.94984460e+03  5.04362664e-07 
 1.99526231e+03  4.99483455e-07 
 2.04173794e+03  4.94651593e-07 
 2.08929613e+03  4.89866619e-07 
 2.13796209e+03  4.85128078e-07 
 2.18776162e+03  4.80435516e-07 
 2.23872114e+03  4.75788489e-07 
 2.29086765e+03  4.71186552e-07 
 2.34422882e+03  4.66629269e-07 
 2.39883292e+03  4.62116205e-07 
 2.45470892e+03  4.57646930e-07 
 2.51188643e+03  4.53221019e-07 
 2.57039578e+03  4.48838050e-07 
 2.63026799e+03  4.44497606e-07 
 2.69153480e+03  4.40199274e-07 
 2.75422870e+03  4.35942646e-07 
 2.81838293e+03  4.31727315e-07 
 2.88403150e+03  4.27552880e-07 
 2.95120923e+03  4.23418945e-07 
 3.01995172e+03  4.19325116e-07 
 3.09029543e+03  4.15271003e-07 
 3.16227766e+03  4.11256221e-07 
 3.23593657e+03  4.07280388e-07 
 3.31131121e+03  4.03343125e-07 
 3.38844156e+03  3.99444057e-07 
 3.46736850e+03  3.95582815e-07 
 3.54813389e+03  3.91759030e-07 
 3.63078055e+03  3.87972339e-07 
 3.71535229e+03  3.84222382e-07 
 3.80189396e+03  3.80508802e-07 
 3.89045145e+03  3.76831246e-07 
 3.98107171e+03  3.73189364e-07 
 4.07380278e+03  3.69582810e-07 
 4.16869383e+03  3.66011242e-07 
 4.26579519e+03  3.62474318e-07 
 4.36515832e+03  3.58971704e-07 
 4.46683592e+03  3.55503066e-07 
 4.57088190e+03  3.52068075e-07 
 4.67735141e+03  3.48666404e-07 
 4.78630092e+03  3.45297729e-07 
 4.89778819e+03  3.41961731e-07 
 5.01187234e+03  3.38658092e-07 
 5.12861384e+03  3.35386499e-07 
 5.24807460e+03  3.32146640e-07 
 5.37031796e+03  3.28938208e-07 
 5.49540874e+03  3.25760898e-07 
 5.62341325e+03  3.22614407e-07 
 5.75439937e+03  3.19498438e-07 
 5.88843655e+03  3.16412694e-07 
 6.02559586e+03  3.13356882e-07 
 6.16595002e+03  3.10330711e-07 
 6.30957344e+03  3.07333895e-07 
 6.45654229e+03  3.04366148e-07 
 6.60693448e+03  3.01427188e-07 
 6.76082975e+03  2.98516738e-07 
 6.91830971e+03  2.95634519e-07 
 7.07945784e+03  2.92780258e-07 
 7.24435960e+03  2.89953686e-07 
 7.41310241e+03  2.87154532e-07 
 7.58577575e+03  2.84382531e-07 
 7.76247117e+03  2.81637421e-07 
 7.94328235e+03  2.78918940e-07 
 8.12830516e+03  2.76226830e-07 
 8.31763771e+03  2.73560836e-07 
 8.51138038e+03  2.70920705e-07 
 8.70963590e+03  2.68306186e-07 
 8.91250938e+03  2.65717032e-07 
 9.12010839e+03  2.63152995e-07 
 9.33254301e+03  2.60613834e-07 
 9.54992586e+03  2.58099306e-07 
 9.77237221e+03  2.55609174e-07 
 1.00000000e+04  2.53143202e-07 
 1.02329299e+04  2.50701154e-07 
 1.04712855e+04  2.48282800e-07 
 1.07151931e+04  2.45887910e-07 
 1.09647820e+04  2.43516256e-07 
 1.12201845e+04  2.41167615e-07 
 1.14815362e+04  2.38841762e-07 
 1.17489755e+04  2.36538478e-07 
 1.20226443e+04  2.34257544e-07 
 1.23026877e+04  2.31998744e-07 
 1.25892541e+04  2.29761863e-07 
 1.28824955e+04  2.27546689e-07 
 1.31825674e+04  2.25353013e-07 
 1.34896288e+04  2.23180625e-07 
 1.38038426e+04  2.21029321e-07 
 1.41253754e+04  2.18898897e-07 
 1.44543977e+04  2.16789149e-07 
 1.47910839e+04  2.14699879e-07 
 1.51356125e+04  2.12630887e-07 
 1.54881662e+04  2.10581979e-07 
 1.58489319e+04  2.08552960e-07 
 1.62181010e+04  2.06543636e-07 
 1.65958691e+04  2.04553819e-07 
 1.69824365e+04  2.02583320e-07 
 1.73780083e+04  2.00631951e-07 
 1.77827941e+04  1.98699527e-07 
 1.81970086e+04  1.96785866e-07 
 1.86208714e+04  1.94890787e-07 
 1.90546072e+04  1.93014109e-07 
 1.94984460e+04  1.91155654e-07 
 1.99526231e+04  1.89315248e-07 
 2.04173794e+04  1.87492715e-07 
 2.08929613e+04  1.85687882e-07 
 2.13796209e+04  1.83900579e-07 
 2.18776162e+04  1.82130637e-07 
 2.23872114e+04  1.80377887e-07 
 2.29086765e+04  1.78642164e-07 
 2.34422882e+04  1.76923302e-07 
 2.39883292e+04  1.75221141e-07 
 2.45470892e+04  1.73535517e-07 
 2.51188643e+04  1.71866273e-07 
 2.57039578e+04  1.70213248e-07 
 2.63026799e+04  1.68576288e-07 
 2.69153480e+04  1.66955236e-07 
 2.75422870e+04  1.65349940e-07 
 2.81838293e+04  1.63760247e-07 
 2.88403150e+04  1.62186007e-07 
 2.95120923e+04  1.60627071e-07 
 3.01995172e+04  1.59083291e-07 
 3.09029543e+04  1.57554521e-07 
 3.16227766e+04  1.56040616e-07 
 3.23593657e+04  1.54541434e-07 
 3.31131121e+04  1.53056831e-07 
 3.38844156e+04  1.51586668e-07 
 3.46736850e+04  1.50130805e-07 
 3.54813389e+04  1.48689105e-07 
 3.63078055e+04  1.47261431e-07 
 3.71535229e+04  1.45847648e-07 
 3.80189396e+04  1.44447622e-07 
 3.89045145e+04  1.43061221e-07 
 3.98107171e+04  1.41688313e-07 
 4.07380278e+04  1.40328769e-07 
 4.16869383e+04  1.38982460e-07 
 4.26579519e+04  1.37649258e-07 
 4.36515832e+04  1.36329037e-07 
 4.46683592e+04  1.35021673e-07 
 4.57088190e+04  1.33727042e-07 
 4.67735141e+04  1.32445021e-07 
 4.78630092e+04  1.31175489e-07 
 4.89778819e+04  1.29918326e-07 
 5.01187234e+04  1.28673413e-07 
 5.12861384e+04  1.27440631e-07 
 5.24807460e+04  1.26219866e-07 
 5.37031796e+04  1.25011000e-07 
 5.49540874e+04  1.23813920e-07 
 5.62341325e+04  1.22628513e-07 
 5.75439937e+04  1.21454666e-07 
 5.88843655e+04  1.20292268e-07 
 6.02559586e+04  1.19141210e-07 
 6.16595002e+04  1.18001382e-07 
 6.30957344e+04  1.16872676e-07 
 6.45654229e+04  1.15754987e-07 
 6.60693448e+04  1.14648208e-07 
 6.76082975e+04  1.13552235e-07 
 6.91830971e+04  1.12466964e-07 
 7.07945784e+04  1.11392292e-07 
 7.24435960e+04  1.10328118e-07 
 7.41310241e+04  1.09274340e-07 
 7.58577575e+04  1.08230861e-07 
 7.76247117e+04  1.07197580e-07 
 7.94328235e+04  1.06174400e-07 
 8.12830516e+04  1.05161224e-07 
 8.31763771e+04  1.04157958e-07 
 8.51138038e+04  1.03164504e-07 
 8.70963590e+04  1.02180771e-07 
 8.91250938e+04  1.01206665e-07 
 9.12010839e+04  1.00242093e-07 
 9.33254301e+04  9.92869642e-08 
 9.54992586e+04  9.83411890e-08 
 9.77237221e+04  9.74046777e-08 
 1.00000000e+05  9.64773416e-08 
 1.02329299e+05  9.55590931e-08 
 1.04712855e+05  9.46498455e-08 
 1.07151931e+05  9.37495127e-08 
 1.09647820e+05  9.28580096e-08 
 1.12201845e+05  9.19752520e-08 
 1.14815362e+05  9.11011565e-08 
 1.17489755e+05  9.02356404e-08 
 1.20226443e+05  8.93786218e-08 
 1.23026877e+05  8.85300199e-08 
 1.25892541e+05  8.76897543e-08 
 1.28824955e+05  8.68577457e-08 
 1.31825674e+05  8.60339154e-08 
 1.34896288e+05  8.52181855e-08 
 1.38038426e+05  8.44104790e-08 
 1.41253754e+05  8.36107194e-08 
 1.44543977e+05  8.28188312e-08 
 1.47910839e+05  8.20347395e-08 
 1.51356125e+05  8.12583703e-08 
 1.54881662e+05  8.04896500e-08 
 1.58489319e+05  7.97285062e-08 
 1.62181010e+05  7.89748667e-08 
 1.65958691e+05  7.82286604e-08 
 1.69824365e+05  7.74898167e-08 
 1.73780083e+05  7.67582658e-08 
 1.77827941e+05  7.60339385e-08 
 1.81970086e+05  7.53167663e-08 
 1.86208714e+05  7.46066815e-08 
 1.90546072e+05  7.39036169e-08 
 1.94984460e+05  7.32075060e-08 
 1.99526231e+05  7.25182830e-08 
 2.04173794e+05  7.18358827e-08 
 2.08929613e+05  7.11602407e-08 
 2.13796209e+05  7.04912931e-08 
 2.18776162e+05  6.98289764e-08 
 2.23872114e+05  6.91732282e-08 
 2.29086765e+05  6.85239865e-08 
 2.34422882e+05  6.78811897e-08 
 2.39883292e+05  6.72447772e-08 
 2.45470892e+05  6.66146887e-08 
 2.51188643e+05  6.59908646e-08 
 2.57039578e+05  6.53732458e-08 
 2.63026799e+05  6.47617741e-08 
 2.69153480e+05  6.41563914e-08 
 2.75422870e+05  6.35570406e-08 
 2.81838293e+05  6.29636649e-08 
 2.88403150e+05  6.23762082e-08 
 2.95120923e+05  6.17946148e-08 
 3.01995172e+05  6.12188297e-08 
 3.09029543e+05  6.06487983e-08 
 3.16227766e+05  6.00844668e-08 
 3.23593657e+05  5.95257817e-08 
 3.31131121e+05  5.89726901e-08 
 3.38844156e+05  5.84251396e-08 
 3.46736850e+05  5.78830783e-08 
 3.54813389e+05  5.73464548e-08 
 3.63078055e+05  5.68152184e-08 
 3.71535229e+05  5.62893187e-08 
 3.80189396e+05  5.57687058e-08 
 3.89045145e+05  5.52533305e-08 
 3.98107171e+05  5.47431437e-08 
 4.07380278e+05  5.42380973e-08 
 4.16869383e+05  5.37381431e-08 
 4.26579519e+05  5.32432340e-08 
 4.36515832e+05  5.27533228e-08 
 4.46683592e+05  5.22683630e-08 
 4.57088190e+05  5.17883088e-08 
 4.67735141e+05  5.13131144e-08 
 4.78630092e+05  5.08427348e-08 
 4.89778819e+05  5.03771252e-08 
 5.01187234e+05  4.99162415e-08 
 5.12861384e+05  4.94600398e-08 
 5.24807460e+05  4.90084767e-08 
 5.37031796e+05  4.85615095e-08 
 5.49540874e+05  4.81190954e-08 
 5.62341325e+05  4.76811925e-08 
 5.75439937e+05  4.72477590e-08 
 5.88843655e+05  4.68187537e-08 
 6.02559586e+05  4.63941357e-08 
 6.16595002e+05  4.59738646e-08 
 6.30957344e+05  4.55579003e-08 
 6.45654229e+05  4.51462032e-08 
 6.60693448e+05  4.47387340e-08 
 6.76082975e+05  4.43354538e-08 
 6.91830971e+05  4.39363241e-08 
 7.07945784e+05  4.35413067e-08 
 7.24435960e+05  4.31503641e-08 
 7.41310241e+05  4.27634587e-08 
 7.58577575e+05  4.23805536e-08 
 7.76247117e+05  4.20016121e-08 
 7.94328235e+05  4.16265980e-08 
 8.12830516e+05  4.12554753e-08 
 8.31763771e+05  4.08882084e-08 
 8.51138038e+05  4.05247622e-08 
 8.70963590e+05  4.01651017e-08 
 8.91250938e+05  3.98091924e-08 
 9.12010839e+05  3.94570002e-08 
 9.33254301e+05  3.91084911e-08 
 9.54992586e+05  3.87636316e-08 
 9.77237221e+05  3.84223885e-08 
 1.00000000e+06  3.80847289e-08 
 1.02329299e+06  3.77506203e-08 
 1.04712855e+06  3.74200303e-08 
 1.07151931e+06  3.70929272e-08 
 1.09647820e+06  3.67692792e-08 
 1.12201845e+06  3.64490550e-08 
 1.14815362e+06  3.61322236e-08 
 1.17489755e+06  3.58187543e-08 
 1.20226443e+06  3.55086166e-08 
 1.23026877e+06  3.52017805e-08 
 1.25892541e+06  3.48982161e-08 
 1.28824955e+06  3.45978937e-08 
 1.31825674e+06  3.43007843e-08 
 1.34896288e+06  3.40068587e-08 
 1.38038426e+06  3.37160883e-08 
 1.41253754e+06  3.34284446e-08 
 1.44543977e+06  3.31438994e-08 
 1.47910839e+06  3.28624248e-08 
 1.51356125e+06  3.25839933e-08 
 1.54881662e+06  3.23085773e-08 
 1.58489319e+06  3.20361497e-08 
 1.62181010e+06  3.17666839e-08 
 1.65958691e+06  3.15001529e-08 
 1.69824365e+06  3.12365306e-08 
 1.73780083e+06  3.09757908e-08 
 1.77827941e+06  3.07179076e-08 
 1.81970086e+06  3.04628553e-08 
 1.86208714e+06  3.02106086e-08 
 1.90546072e+06  2.99611423e-08 
 1.94984460e+06  2.97144313e-08 
 1.99526231e+06  2.94704511e-08 
 2.04173794e+06  2.92291771e-08 
 2.08929613e+06  2.89905850e-08 
 2.13796209e+06  2.87546509e-08 
 2.18776162e+06  2.85213507e-08 
 2.23872114e+06  2.82906611e-08 
 2.29086765e+06  2.80625584e-08 
 2.34422882e+06  2.78370195e-08 
 2.39883292e+06  2.76140215e-08 
 2.45470892e+06  2.73935414e-08 
 2.51188643e+06  2.71755568e-08 
 2.57039578e+06  2.69600452e-08 
 2.63026799e+06  2.67469844e-08 
 2.69153480e+06  2.65363524e-08 
 2.75422870e+06  2.63281274e-08 
 2.81838293e+06  2.61222877e-08 
 2.88403150e+06  2.59188119e-08 
 2.95120923e+06  2.57176787e-08 
 3.01995172e+06  2.55188670e-08 
 3.09029543e+06  2.53223558e-08 
 3.16227766e+06  2.51281245e-08 
 3.23593657e+06  2.49361525e-08 
 3.31131121e+06  2.47464194e-08 
 3.38844156e+06  2.45589048e-08 
 3.46736850e+06  2.43735888e-08 
 3.54813389e+06  2.41904515e-08 
 3.63078055e+06  2.40094731e-08 
 3.71535229e+06  2.38306339e-08 
 3.80189396e+06  2.36539146e-08 
 3.89045145e+06  2.34792958e-08 
 3.98107171e+06  2.33067585e-08 
 4.07380278e+06  2.31362836e-08 
 4.16869383e+06  2.29678524e-08 
 4.26579519e+06  2.28014460e-08 
 4.36515832e+06  2.26370459e-08 
 4.46683592e+06  2.24746338e-08 
 4.57088190e+06  2.23141914e-08 
 4.67735141e+06  2.21557004e-08 
 4.78630092e+06  2.19991430e-08 
 4.89778819e+06  2.18445012e-08 
 5.01187234e+06  2.16917572e-08 
 5.12861384e+06  2.15408936e-08 
 5.24807460e+06  2.13918926e-08 
 5.37031796e+06  2.12447371e-08 
 5.49540874e+06  2.10994098e-08 
 5.62341325e+06  2.09558935e-08 
 5.75439937e+06  2.08141712e-08 
 5.88843655e+06  2.06742261e-08 
 6.02559586e+06  2.05360413e-08 
 6.16595002e+06  2.03996003e-08 
 6.30957344e+06  2.02648864e-08 
 6.45654229e+06  2.01318833e-08 
 6.60693448e+06  2.00005747e-08 
 6.76082975e+06  1.98709442e-08 
 6.91830971e+06  1.97429759e-08 
 7.07945784e+06  1.96166537e-08 
 7.24435960e+06  1.94919617e-08 
 7.41310241e+06  1.93688841e-08 
 7.58577575e+06  1.92474053e-08 
 7.76247117e+06  1.91275097e-08 
 7.94328235e+06  1.90091817e-08 
 8.12830516e+06  1.88924060e-08 
 8.31763771e+06  1.87771673e-08 
 8.51138038e+06  1.86634504e-08 
 8.70963590e+06  1.85512401e-08 
 8.91250938e+06  1.84405216e-08 
 9.12010839e+06  1.83312799e-08 
 9.33254301e+06  1.82235001e-08 
 9.54992586e+06  1.81171675e-08 
 9.77237221e+06  1.80122676e-08 
 1.00000000e+07  1.79087857e-08 
 1.02329299e+07  1.78067074e-08 
 1.04712855e+07  1.77060184e-08 
 1.07151931e+07  1.76067043e-08 
 1.09647820e+07  1.75087510e-08 
 1.12201845e+07  1.74121444e-08 
 1.14815362e+07  1.73168704e-08 
 1.17489755e+07  1.72229152e-08 
 1.20226443e+07  1.71302649e-08 
 1.23026877e+07  1.70389057e-08 
 1.25892541e+07  1.69488240e-08 
 1.28824955e+07  1.68600062e-08 
 1.31825674e+07  1.67724388e-08 
 1.34896288e+07  1.66861084e-08 
 1.38038426e+07  1.66010017e-08 
 1.41253754e+07  1.65171053e-08 
 1.44543977e+07  1.64344063e-08 
 1.47910839e+07  1.63528914e-08 
 1.51356125e+07  1.62725477e-08 
 1.54881662e+07  1.61933623e-08 
 1.58489319e+07  1.61153224e-08 
 1.62181010e+07  1.60384152e-08 
 1.65958691e+07  1.59626281e-08 
 1.69824365e+07  1.58879486e-08 
 1.73780083e+07  1.58143640e-08 
 1.77827941e+07  1.57418622e-08 
 1.81970086e+07  1.56704307e-08 
 1.86208714e+07  1.56000573e-08 
 1.90546072e+07  1.55307298e-08 
 1.94984460e+07  1.54624363e-08 
 1.99526231e+07  1.53951648e-08 
 2.04173794e+07  1.53289034e-08 
 2.08929613e+07  1.52636403e-08 
 2.13796209e+07  1.51993638e-08 
 2.18776162e+07  1.51360623e-08 
 2.23872114e+07  1.50737242e-08 
 2.29086765e+07  1.50123382e-08 
 2.34422882e+07  1.49518929e-08 
 2.39883292e+07  1.48923771e-08 
 2.45470892e+07  1.48337795e-08 
 2.51188643e+07  1.47760892e-08 
 2.57039578e+07  1.47192951e-08 
 2.63026799e+07  1.46633864e-08 
 2.69153480e+07  1.46083523e-08 
 2.75422870e+07  1.45541821e-08 
 2.81838293e+07  1.45008651e-08 
 2.88403150e+07  1.44483909e-08 
 2.95120923e+07  1.43967491e-08 
 3.01995172e+07  1.43459294e-08 
 3.09029543e+07  1.42959215e-08 
 3.16227766e+07  1.42467154e-08 
 3.23593657e+07  1.41983011e-08 
 3.31131121e+07  1.41506685e-08 
 3.38844156e+07  1.41038080e-08 
 3.46736850e+07  1.40577098e-08 
 3.54813389e+07  1.40123644e-08 
 3.63078055e+07  1.39677621e-08 
 3.71535229e+07  1.39238937e-08 
 3.80189396e+07  1.38807498e-08 
 3.89045145e+07  1.38383213e-08 
 3.98107171e+07  1.37965991e-08 
 4.07380278e+07  1.37555741e-08 
 4.16869383e+07  1.37152377e-08 
 4.26579519e+07  1.36755810e-08 
 4.36515832e+07  1.36365954e-08 
 4.46683592e+07  1.35982724e-08 
 4.57088190e+07  1.35606036e-08 
 4.67735141e+07  1.35235807e-08 
 4.78630092e+07  1.34871956e-08 
 4.89778819e+07  1.34514402e-08 
 5.01187234e+07  1.34163065e-08 
 5.12861384e+07  1.33817868e-08 
 5.24807460e+07  1.33478734e-08 
 5.37031796e+07  1.33145587e-08 
 5.49540874e+07  1.32818353e-08 
 5.62341325e+07  1.32496959e-08 
 5.75439937e+07  1.32181333e-08 
 5.88843655e+07  1.31871404e-08 
 6.02559586e+07  1.31567104e-08 
 6.16595002e+07  1.31268364e-08 
 6.30957344e+07  1.30975119e-08 
 6.45654229e+07  1.30687302e-08 
 6.60693448e+07  1.30404851e-08 
 6.76082975e+07  1.30127703e-08 
 6.91830971e+07  1.29855797e-08 
 7.07945784e+07  1.29589074e-08 
 7.24435960e+07  1.29327476e-08 
 7.41310241e+07  1.29070947e-08 
 7.58577575e+07  1.28819431e-08 
 7.76247117e+07  1.28572875e-08 
 7.94328235e+07  1.28331228e-08 
 8.12830516e+07  1.28094440e-08 
 8.31763771e+07  1.27862461e-08 
 8.51138038e+07  1.27635245e-08 
 8.70963590e+07  1.27412747e-08 
 8.91250938e+07  1.27194925e-08 
 9.12010839e+07  1.26981735e-08 
 9.33254301e+07  1.26773138e-08 
 9.54992586e+07  1.26569096e-08 
 9.77237221e+07  1.26369573e-08 
 1.00000000e+08  1.26174535e-08 
 1.02329299e+08  1.25983949e-08 
 1.04712855e+08  1.25797785e-08 
 1.07151931e+08  1.25616016e-08 
 1.09647820e+08  1.25438615e-08 
 1.12201845e+08  1.25265557e-08 
 1.14815362e+08  1.25096822e-08 
 1.17489755e+08  1.24932389e-08 
 1.20226443e+08  1.24772241e-08 
 1.23026877e+08  1.24616364e-08 
 1.25892541e+08  1.24464744e-08 
 1.28824955e+08  1.24317372e-08 
 1.31825674e+08  1.24174241e-08 
 1.34896288e+08  1.24035345e-08 
 1.38038426e+08  1.23900682e-08 
 1.41253754e+08  1.23770252e-08 
 1.44543977e+08  1.23644059e-08 
 1.47910839e+08  1.23522109e-08 
 1.51356125e+08  1.23404412e-08 
 1.54881662e+08  1.23290978e-08 
 1.58489319e+08  1.23181824e-08 
 1.62181010e+08  1.23076968e-08 
 1.65958691e+08  1.22976431e-08 
 1.69824365e+08  1.22880240e-08 
 1.73780083e+08  1.22788422e-08 
 1.77827941e+08  1.22701008e-08 
 1.81970086e+08  1.22618037e-08 
 1.86208714e+08  1.22539546e-08 
 1.90546072e+08  1.22465579e-08 
 1.94984460e+08  1.22396184e-08 
 1.99526231e+08  1.22331412e-08 
 2.04173794e+08  1.22271318e-08 
 2.08929613e+08  1.22215962e-08 
 2.13796209e+08  1.22165409e-08 
 2.18776162e+08  1.22119726e-08 
 2.23872114e+08  1.22078988e-08 
 2.29086765e+08  1.22043272e-08 
 2.34422882e+08  1.22012661e-08 
 2.39883292e+08  1.21987242e-08 
 2.45470892e+08  1.21967108e-08 
 2.51188643e+08  1.21952357e-08 
 2.57039578e+08  1.21943092e-08 
 2.63026799e+08  1.21939420e-08 
 2.69153480e+08  1.21941456e-08 
 2.75422870e+08  1.21949319e-08 
 2.81838293e+08  1.21963133e-08 
 2.88403150e+08  1.21983029e-08 
 2.95120923e+08  1.22009142e-08 
 3.01995172e+08  1.22041616e-08 
 3.09029543e+08  1.22080596e-08 
 3.16227766e+08  1.22126237e-08 
 3.23593657e+08  1.22178698e-08 
 3.31131121e+08  1.22238145e-08 
 3.38844156e+08  1.22304749e-08 
 3.46736850e+08  1.22378686e-08 
 3.54813389e+08  1.22460139e-08 
 3.63078055e+08  1.22549298e-08 
 3.71535229e+08  1.22646357e-08 
 3.80189396e+08  1.22751515e-08 
 3.89045145e+08  1.22864978e-08 
 3.98107171e+08  1.22986957e-08 
 4.07380278e+08  1.23117667e-08 
 4.16869383e+08  1.23257328e-08 
 4.26579519e+08  1.23406166e-08 
 4.36515832e+08  1.23564410e-08 
 4.46683592e+08  1.23732293e-08 
 4.57088190e+08  1.23910052e-08 
 4.67735141e+08  1.24097926e-08 
 4.78630092e+08  1.24296158e-08 
 4.89778819e+08  1.24504991e-08 
 5.01187234e+08  1.24724671e-08 
 5.12861384e+08  1.24955444e-08 
 5.24807460e+08  1.25197556e-08 
 5.37031796e+08  1.25451253e-08 
 5.49540874e+08  1.25716778e-08 
 5.62341325e+08  1.25994371e-08 
 5.75439937e+08  1.26284270e-08 
 5.88843655e+08  1.26586707e-08 
 6.02559586e+08  1.26901909e-08 
 6.16595002e+08  1.27230096e-08 
 6.30957344e+08  1.27571478e-08 
 6.45654229e+08  1.27926257e-08 
 6.60693448e+08  1.28294623e-08 
 6.76082975e+08  1.28676754e-08 
 6.91830971e+08  1.29072814e-08 
 7.07945784e+08  1.29482949e-08 
 7.24435960e+08  1.29907291e-08 
 7.41310241e+08  1.30345950e-08 
 7.58577575e+08  1.30799016e-08 
 7.76247117e+08  1.31266556e-08 
 7.94328235e+08  1.31748614e-08 
 8.12830516e+08  1.32245204e-08 
 8.31763771e+08  1.32756316e-08 
 8.51138038e+08  1.33281906e-08 
 8.70963590e+08  1.33821900e-08 
 8.91250938e+08  1.34376191e-08 
 9.12010839e+08  1.34944634e-08 
 9.33254301e+08  1.35527047e-08 
 9.54992586e+08  1.36123211e-08 
 9.77237221e+08  1.36732865e-08 
 1.00000000e+09  1.37355707e-08 
