 1.00000000e+00  1.25696138e-05 
 1.02329299e+00  1.24464811e-05 
 1.04712855e+00  1.23245617e-05 
 1.07151931e+00  1.22038436e-05 
 1.09647820e+00  1.20843149e-05 
 1.12201845e+00  1.19659637e-05 
 1.14815362e+00  1.18487785e-05 
 1.17489755e+00  1.17327475e-05 
 1.20226443e+00  1.16178594e-05 
 1.23026877e+00  1.15041028e-05 
 1.25892541e+00  1.13914665e-05 
 1.28824955e+00  1.12799393e-05 
 1.31825674e+00  1.11695103e-05 
 1.34896288e+00  1.10601686e-05 
 1.38038426e+00  1.09519034e-05 
 1.41253754e+00  1.08447040e-05 
 1.44543977e+00  1.07385598e-05 
 1.47910839e+00  1.06334604e-05 
 1.51356125e+00  1.05293955e-05 
 1.54881662e+00  1.04263547e-05 
 1.58489319e+00  1.03243279e-05 
 1.62181010e+00  1.02233051e-05 
 1.65958691e+00  1.01232762e-05 
 1.69824365e+00  1.00242316e-05 
 1.73780083e+00  9.92616138e-06 
 1.77827941e+00  9.82905591e-06 
 1.81970086e+00  9.73290563e-06 
 1.86208714e+00  9.63770109e-06 
 1.90546072e+00  9.54343292e-06 
 1.94984460e+00  9.45009184e-06 
 1.99526231e+00  9.35766867e-06 
 2.04173794e+00  9.26615432e-06 
 2.08929613e+00  9.17553980e-06 
 2.13796209e+00  9.08581619e-06 
 2.18776162e+00  8.99697467e-06 
 2.23872114e+00  8.90900651e-06 
 2.29086765e+00  8.82190306e-06 
 2.34422882e+00  8.73565577e-06 
 2.39883292e+00  8.65025617e-06 
 2.45470892e+00  8.56569586e-06 
 2.51188643e+00  8.48196654e-06 
 2.57039578e+00  8.39905998e-06 
 2.63026799e+00  8.31696806e-06 
 2.69153480e+00  8.23568270e-06 
 2.75422870e+00  8.15519593e-06 
 2.81838293e+00  8.07549986e-06 
 2.88403150e+00  7.99658666e-06 
 2.95120923e+00  7.91844858e-06 
 3.01995172e+00  7.84107797e-06 
 3.09029543e+00  7.76446724e-06 
 3.16227766e+00  7.68860888e-06 
 3.23593657e+00  7.61349544e-06 
 3.31131121e+00  7.53911956e-06 
 3.38844156e+00  7.46547395e-06 
 3.46736850e+00  7.39255140e-06 
 3.54813389e+00  7.32034476e-06 
 3.63078055e+00  7.24884696e-06 
 3.71535229e+00  7.17805098e-06 
 3.80189396e+00  7.10794991e-06 
 3.89045145e+00  7.03853686e-06 
 3.98107171e+00  6.96980505e-06 
 4.07380278e+00  6.90174775e-06 
 4.16869383e+00  6.83435829e-06 
 4.26579519e+00  6.76763009e-06 
 4.36515832e+00  6.70155660e-06 
 4.46683592e+00  6.63613136e-06 
 4.57088190e+00  6.57134798e-06 
 4.67735141e+00  6.50720012e-06 
 4.78630092e+00  6.44368149e-06 
 4.89778819e+00  6.38078590e-06 
 5.01187234e+00  6.31850719e-06 
 5.12861384e+00  6.25683928e-06 
 5.24807460e+00  6.19577613e-06 
 5.37031796e+00  6.13531178e-06 
 5.49540874e+00  6.07544032e-06 
 5.62341325e+00  6.01615590e-06 
 5.75439937e+00  5.95745273e-06 
 5.88843655e+00  5.89932507e-06 
 6.02559586e+00  5.84176725e-06 
 6.16595002e+00  5.78477364e-06 
 6.30957344e+00  5.72833869e-06 
 6.45654229e+00  5.67245689e-06 
 6.60693448e+00  5.61712277e-06 
 6.76082975e+00  5.56233094e-06 
 6.91830971e+00  5.50807605e-06 
 7.07945784e+00  5.45435280e-06 
 7.24435960e+00  5.40115597e-06 
 7.41310241e+00  5.34848035e-06 
 7.58577575e+00  5.29632082e-06 
 7.76247117e+00  5.24467228e-06 
 7.94328235e+00  5.19352970e-06 
 8.12830516e+00  5.14288809e-06 
 8.31763771e+00  5.09274251e-06 
 8.51138038e+00  5.04308809e-06 
 8.70963590e+00  4.99391998e-06 
 8.91250938e+00  4.94523338e-06 
 9.12010839e+00  4.89702357e-06 
 9.33254301e+00  4.84928583e-06 
 9.54992586e+00  4.80201553e-06 
 9.77237221e+00  4.75520805e-06 
 1.00000000e+01  4.70885884e-06 
 1.02329299e+01  4.66296339e-06 
 1.04712855e+01  4.61751723e-06 
 1.07151931e+01  4.57251594e-06 
 1.09647820e+01  4.52795513e-06 
 1.12201845e+01  4.48383047e-06 
 1.14815362e+01  4.44013767e-06 
 1.17489755e+01  4.39687248e-06 
 1.20226443e+01  4.35403068e-06 
 1.23026877e+01  4.31160812e-06 
 1.25892541e+01  4.26960066e-06 
 1.28824955e+01  4.22800423e-06 
 1.31825674e+01  4.18681477e-06 
 1.34896288e+01  4.14602829e-06 
 1.38038426e+01  4.10564081e-06 
 1.41253754e+01  4.06564842e-06 
 1.44543977e+01  4.02604723e-06 
 1.47910839e+01  3.98683340e-06 
 1.51356125e+01  3.94800310e-06 
 1.54881662e+01  3.90955257e-06 
 1.58489319e+01  3.87147808e-06 
 1.62181010e+01  3.83377592e-06 
 1.65958691e+01  3.79644244e-06 
 1.69824365e+01  3.75947402e-06 
 1.73780083e+01  3.72286706e-06 
 1.77827941e+01  3.68661801e-06 
 1.81970086e+01  3.65072335e-06 
 1.86208714e+01  3.61517960e-06 
 1.90546072e+01  3.57998331e-06 
 1.94984460e+01  3.54513107e-06 
 1.99526231e+01  3.51061949e-06 
 2.04173794e+01  3.47644524e-06 
 2.08929613e+01  3.44260498e-06 
 2.13796209e+01  3.40909545e-06 
 2.18776162e+01  3.37591339e-06 
 2.23872114e+01  3.34305559e-06 
 2.29086765e+01  3.31051886e-06 
 2.34422882e+01  3.27830005e-06 
 2.39883292e+01  3.24639603e-06 
 2.45470892e+01  3.21480372e-06 
 2.51188643e+01  3.18352005e-06 
 2.57039578e+01  3.15254199e-06 
 2.63026799e+01  3.12186655e-06 
 2.69153480e+01  3.09149074e-06 
 2.75422870e+01  3.06141164e-06 
 2.81838293e+01  3.03162632e-06 
 2.88403150e+01  3.00213191e-06 
 2.95120923e+01  2.97292554e-06 
 3.01995172e+01  2.94400439e-06 
 3.09029543e+01  2.91536566e-06 
 3.16227766e+01  2.88700659e-06 
 3.23593657e+01  2.85892441e-06 
 3.31131121e+01  2.83111643e-06 
 3.38844156e+01  2.80357995e-06 
 3.46736850e+01  2.77631229e-06 
 3.54813389e+01  2.74931084e-06 
 3.63078055e+01  2.72257297e-06 
 3.71535229e+01  2.69609610e-06 
 3.80189396e+01  2.66987768e-06 
 3.89045145e+01  2.64391515e-06 
 3.98107171e+01  2.61820603e-06 
 4.07380278e+01  2.59274781e-06 
 4.16869383e+01  2.56753804e-06 
 4.26579519e+01  2.54257429e-06 
 4.36515832e+01  2.51785414e-06 
 4.46683592e+01  2.49337521e-06 
 4.57088190e+01  2.46913512e-06 
 4.67735141e+01  2.44513154e-06 
 4.78630092e+01  2.42136215e-06 
 4.89778819e+01  2.39782465e-06 
 5.01187234e+01  2.37451677e-06 
 5.12861384e+01  2.35143626e-06 
 5.24807460e+01  2.32858090e-06 
 5.37031796e+01  2.30594847e-06 
 5.49540874e+01  2.28353679e-06 
 5.62341325e+01  2.26134370e-06 
 5.75439937e+01  2.23936706e-06 
 5.88843655e+01  2.21760474e-06 
 6.02559586e+01  2.19605465e-06 
 6.16595002e+01  2.17471471e-06 
 6.30957344e+01  2.15358286e-06 
 6.45654229e+01  2.13265705e-06 
 6.60693448e+01  2.11193528e-06 
 6.76082975e+01  2.09141555e-06 
 6.91830971e+01  2.07109587e-06 
 7.07945784e+01  2.05097429e-06 
 7.24435960e+01  2.03104886e-06 
 7.41310241e+01  2.01131767e-06 
 7.58577575e+01  1.99177882e-06 
 7.76247117e+01  1.97243042e-06 
 7.94328235e+01  1.95327060e-06 
 8.12830516e+01  1.93429753e-06 
 8.31763771e+01  1.91550937e-06 
 8.51138038e+01  1.89690431e-06 
 8.70963590e+01  1.87848057e-06 
 8.91250938e+01  1.86023636e-06 
 9.12010839e+01  1.84216993e-06 
 9.33254301e+01  1.82427955e-06 
 9.54992586e+01  1.80656348e-06 
 9.77237221e+01  1.78902002e-06 
 1.00000000e+02  1.77164748e-06 
 1.02329299e+02  1.75444420e-06 
 1.04712855e+02  1.73740851e-06 
 1.07151931e+02  1.72053878e-06 
 1.09647820e+02  1.70383338e-06 
 1.12201845e+02  1.68729070e-06 
 1.14815362e+02  1.67090916e-06 
 1.17489755e+02  1.65468718e-06 
 1.20226443e+02  1.63862319e-06 
 1.23026877e+02  1.62271566e-06 
 1.25892541e+02  1.60696304e-06 
 1.28824955e+02  1.59136384e-06 
 1.31825674e+02  1.57591654e-06 
 1.34896288e+02  1.56061966e-06 
 1.38038426e+02  1.54547174e-06 
 1.41253754e+02  1.53047131e-06 
 1.44543977e+02  1.51561693e-06 
 1.47910839e+02  1.50090718e-06 
 1.51356125e+02  1.48634064e-06 
 1.54881662e+02  1.47191592e-06 
 1.58489319e+02  1.45763162e-06 
 1.62181010e+02  1.44348638e-06 
 1.65958691e+02  1.42947883e-06 
 1.69824365e+02  1.41560763e-06 
 1.73780083e+02  1.40187145e-06 
 1.77827941e+02  1.38826896e-06 
 1.81970086e+02  1.37479887e-06 
 1.86208714e+02  1.36145988e-06 
 1.90546072e+02  1.34825070e-06 
 1.94984460e+02  1.33517008e-06 
 1.99526231e+02  1.32221675e-06 
 2.04173794e+02  1.30938947e-06 
 2.08929613e+02  1.29668700e-06 
 2.13796209e+02  1.28410814e-06 
 2.18776162e+02  1.27165167e-06 
 2.23872114e+02  1.25931640e-06 
 2.29086765e+02  1.24710115e-06 
 2.34422882e+02  1.23500474e-06 
 2.39883292e+02  1.22302601e-06 
 2.45470892e+02  1.21116381e-06 
 2.51188643e+02  1.19941701e-06 
 2.57039578e+02  1.18778447e-06 
 2.63026799e+02  1.17626509e-06 
 2.69153480e+02  1.16485776e-06 
 2.75422870e+02  1.15356139e-06 
 2.81838293e+02  1.14237488e-06 
 2.88403150e+02  1.13129718e-06 
 2.95120923e+02  1.12032721e-06 
 3.01995172e+02  1.10946393e-06 
 3.09029543e+02  1.09870630e-06 
 3.16227766e+02  1.08805327e-06 
 3.23593657e+02  1.07750385e-06 
 3.31131121e+02  1.06705700e-06 
 3.38844156e+02  1.05671174e-06 
 3.46736850e+02  1.04646707e-06 
 3.54813389e+02  1.03632201e-06 
 3.63078055e+02  1.02627558e-06 
 3.71535229e+02  1.01632683e-06 
 3.80189396e+02  1.00647480e-06 
 3.89045145e+02  9.96718556e-07 
 3.98107171e+02  9.87057153e-07 
 4.07380278e+02  9.77489671e-07 
 4.16869383e+02  9.68015192e-07 
 4.26579519e+02  9.58632811e-07 
 4.36515832e+02  9.49341628e-07 
 4.46683592e+02  9.40140756e-07 
 4.57088190e+02  9.31029312e-07 
 4.67735141e+02  9.22006425e-07 
 4.78630092e+02  9.13071233e-07 
 4.89778819e+02  9.04222879e-07 
 5.01187234e+02  8.95460517e-07 
 5.12861384e+02  8.86783309e-07 
 5.24807460e+02  8.78190425e-07 
 5.37031796e+02  8.69681043e-07 
 5.49540874e+02  8.61254348e-07 
 5.62341325e+02  8.52909536e-07 
 5.75439937e+02  8.44645808e-07 
 5.88843655e+02  8.36462374e-07 
 6.02559586e+02  8.28358451e-07 
 6.16595002e+02  8.20333265e-07 
 6.30957344e+02  8.12386048e-07 
 6.45654229e+02  8.04516041e-07 
 6.60693448e+02  7.96722491e-07 
 6.76082975e+02  7.89004653e-07 
 6.91830971e+02  7.81361790e-07 
 7.07945784e+02  7.73793172e-07 
 7.24435960e+02  7.66298075e-07 
 7.41310241e+02  7.58875782e-07 
 7.58577575e+02  7.51525586e-07 
 7.76247117e+02  7.44246783e-07 
 7.94328235e+02  7.37038678e-07 
 8.12830516e+02  7.29900583e-07 
 8.31763771e+02  7.22831816e-07 
 8.51138038e+02  7.15831702e-07 
 8.70963590e+02  7.08899571e-07 
 8.91250938e+02  7.02034763e-07 
 9.12010839e+02  6.95236622e-07 
 9.33254301e+02  6.88504498e-07 
 9.54992586e+02  6.81837749e-07 
 9.77237221e+02  6.75235739e-07 
 1.00000000e+03  6.68697836e-07 
 1.02329299e+03  6.62223418e-07 
 1.04712855e+03  6.55811866e-07 
 1.07151931e+03  6.49462567e-07 
 1.09647820e+03  6.43174917e-07 
 1.12201845e+03  6.36948315e-07 
 1.14815362e+03  6.30782168e-07 
 1.17489755e+03  6.24675885e-07 
 1.20226443e+03  6.18628886e-07 
 1.23026877e+03  6.12640593e-07 
 1.25892541e+03  6.06710435e-07 
 1.28824955e+03  6.00837847e-07 
 1.31825674e+03  5.95022267e-07 
 1.34896288e+03  5.89263142e-07 
 1.38038426e+03  5.83559922e-07 
 1.41253754e+03  5.77912063e-07 
 1.44543977e+03  5.72319028e-07 
 1.47910839e+03  5.66780281e-07 
 1.51356125e+03  5.61295296e-07 
 1.54881662e+03  5.55863550e-07 
 1.58489319e+03  5.50484524e-07 
 1.62181010e+03  5.45157706e-07 
 1.65958691e+03  5.39882589e-07 
 1.69824365e+03  5.34658668e-07 
 1.73780083e+03  5.29485447e-07 
 1.77827941e+03  5.24362433e-07 
 1.81970086e+03  5.19289137e-07 
 1.86208714e+03  5.14265076e-07 
 1.90546072e+03  5.09289771e-07 
 1.94984460e+03  5.04362749e-07 
 1.99526231e+03  4.99483539e-07 
 2.04173794e+03  4.94651677e-07 
 2.08929613e+03  4.89866703e-07 
 2.13796209e+03  4.85128161e-07 
 2.18776162e+03  4.80435599e-07 
 2.23872114e+03  4.75788571e-07 
 2.29086765e+03  4.71186635e-07 
 2.34422882e+03  4.66629351e-07 
 2.39883292e+03  4.62116287e-07 
 2.45470892e+03  4.57647012e-07 
 2.51188643e+03  4.53221100e-07 
 2.57039578e+03  4.48838131e-07 
 2.63026799e+03  4.44497687e-07 
 2.69153480e+03  4.40199356e-07 
 2.75422870e+03  4.35942727e-07 
 2.81838293e+03  4.31727396e-07 
 2.88403150e+03  4.27552961e-07 
 2.95120923e+03  4.23419026e-07 
 3.01995172e+03  4.19325197e-07 
 3.09029543e+03  4.15271084e-07 
 3.16227766e+03  4.11256302e-07 
 3.23593657e+03  4.07280468e-07 
 3.31131121e+03  4.03343205e-07 
 3.38844156e+03  3.99444138e-07 
 3.46736850e+03  3.95582895e-07 
 3.54813389e+03  3.91759110e-07 
 3.63078055e+03  3.87972419e-07 
 3.71535229e+03  3.84222462e-07 
 3.80189396e+03  3.80508882e-07 
 3.89045145e+03  3.76831326e-07 
 3.98107171e+03  3.73189445e-07 
 4.07380278e+03  3.69582891e-07 
 4.16869383e+03  3.66011322e-07 
 4.26579519e+03  3.62474399e-07 
 4.36515832e+03  3.58971785e-07 
 4.46683592e+03  3.55503147e-07 
 4.57088190e+03  3.52068156e-07 
 4.67735141e+03  3.48666485e-07 
 4.78630092e+03  3.45297810e-07 
 4.89778819e+03  3.41961812e-07 
 5.01187234e+03  3.38658173e-07 
 5.12861384e+03  3.35386580e-07 
 5.24807460e+03  3.32146722e-07 
 5.37031796e+03  3.28938290e-07 
 5.49540874e+03  3.25760980e-07 
 5.62341325e+03  3.22614490e-07 
 5.75439937e+03  3.19498521e-07 
 5.88843655e+03  3.16412777e-07 
 6.02559586e+03  3.13356965e-07 
 6.16595002e+03  3.10330794e-07 
 6.30957344e+03  3.07333978e-07 
 6.45654229e+03  3.04366231e-07 
 6.60693448e+03  3.01427272e-07 
 6.76082975e+03  2.98516822e-07 
 6.91830971e+03  2.95634603e-07 
 7.07945784e+03  2.92780343e-07 
 7.24435960e+03  2.89953771e-07 
 7.41310241e+03  2.87154617e-07 
 7.58577575e+03  2.84382617e-07 
 7.76247117e+03  2.81637507e-07 
 7.94328235e+03  2.78919026e-07 
 8.12830516e+03  2.76226917e-07 
 8.31763771e+03  2.73560924e-07 
 8.51138038e+03  2.70920793e-07 
 8.70963590e+03  2.68306275e-07 
 8.91250938e+03  2.65717120e-07 
 9.12010839e+03  2.63153084e-07 
 9.33254301e+03  2.60613923e-07 
 9.54992586e+03  2.58099396e-07 
 9.77237221e+03  2.55609265e-07 
 1.00000000e+04  2.53143292e-07 
 1.02329299e+04  2.50701245e-07 
 1.04712855e+04  2.48282891e-07 
 1.07151931e+04  2.45888002e-07 
 1.09647820e+04  2.43516349e-07 
 1.12201845e+04  2.41167708e-07 
 1.14815362e+04  2.38841856e-07 
 1.17489755e+04  2.36538572e-07 
 1.20226443e+04  2.34257639e-07 
 1.23026877e+04  2.31998839e-07 
 1.25892541e+04  2.29761959e-07 
 1.28824955e+04  2.27546786e-07 
 1.31825674e+04  2.25353110e-07 
 1.34896288e+04  2.23180723e-07 
 1.38038426e+04  2.21029420e-07 
 1.41253754e+04  2.18898995e-07 
 1.44543977e+04  2.16789249e-07 
 1.47910839e+04  2.14699979e-07 
 1.51356125e+04  2.12630988e-07 
 1.54881662e+04  2.10582081e-07 
 1.58489319e+04  2.08553062e-07 
 1.62181010e+04  2.06543739e-07 
 1.65958691e+04  2.04553923e-07 
 1.69824365e+04  2.02583424e-07 
 1.73780083e+04  2.00632056e-07 
 1.77827941e+04  1.98699633e-07 
 1.81970086e+04  1.96785973e-07 
 1.86208714e+04  1.94890894e-07 
 1.90546072e+04  1.93014217e-07 
 1.94984460e+04  1.91155763e-07 
 1.99526231e+04  1.89315357e-07 
 2.04173794e+04  1.87492825e-07 
 2.08929613e+04  1.85687993e-07 
 2.13796209e+04  1.83900691e-07 
 2.18776162e+04  1.82130749e-07 
 2.23872114e+04  1.80378000e-07 
 2.29086765e+04  1.78642278e-07 
 2.34422882e+04  1.76923418e-07 
 2.39883292e+04  1.75221257e-07 
 2.45470892e+04  1.73535635e-07 
 2.51188643e+04  1.71866391e-07 
 2.57039578e+04  1.70213367e-07 
 2.63026799e+04  1.68576408e-07 
 2.69153480e+04  1.66955357e-07 
 2.75422870e+04  1.65350062e-07 
 2.81838293e+04  1.63760370e-07 
 2.88403150e+04  1.62186131e-07 
 2.95120923e+04  1.60627196e-07 
 3.01995172e+04  1.59083417e-07 
 3.09029543e+04  1.57554648e-07 
 3.16227766e+04  1.56040744e-07 
 3.23593657e+04  1.54541563e-07 
 3.31131121e+04  1.53056961e-07 
 3.38844156e+04  1.51586799e-07 
 3.46736850e+04  1.50130937e-07 
 3.54813389e+04  1.48689238e-07 
 3.63078055e+04  1.47261565e-07 
 3.71535229e+04  1.45847784e-07 
 3.80189396e+04  1.44447759e-07 
 3.89045145e+04  1.43061359e-07 
 3.98107171e+04  1.41688452e-07 
 4.07380278e+04  1.40328909e-07 
 4.16869383e+04  1.38982601e-07 
 4.26579519e+04  1.37649400e-07 
 4.36515832e+04  1.36329181e-07 
 4.46683592e+04  1.35021818e-07 
 4.57088190e+04  1.33727188e-07 
 4.67735141e+04  1.32445169e-07 
 4.78630092e+04  1.31175638e-07 
 4.89778819e+04  1.29918476e-07 
 5.01187234e+04  1.28673564e-07 
 5.12861384e+04  1.27440784e-07 
 5.24807460e+04  1.26220020e-07 
 5.37031796e+04  1.25011155e-07 
 5.49540874e+04  1.23814077e-07 
 5.62341325e+04  1.22628671e-07 
 5.75439937e+04  1.21454825e-07 
 5.88843655e+04  1.20292429e-07 
 6.02559586e+04  1.19141372e-07 
 6.16595002e+04  1.18001545e-07 
 6.30957344e+04  1.16872842e-07 
 6.45654229e+04  1.15755154e-07 
 6.60693448e+04  1.14648377e-07 
 6.76082975e+04  1.13552405e-07 
 6.91830971e+04  1.12467135e-07 
 7.07945784e+04  1.11392464e-07 
 7.24435960e+04  1.10328292e-07 
 7.41310241e+04  1.09274516e-07 
 7.58577575e+04  1.08231038e-07 
 7.76247117e+04  1.07197759e-07 
 7.94328235e+04  1.06174581e-07 
 8.12830516e+04  1.05161407e-07 
 8.31763771e+04  1.04158141e-07 
 8.51138038e+04  1.03164690e-07 
 8.70963590e+04  1.02180958e-07 
 8.91250938e+04  1.01206853e-07 
 9.12010839e+04  1.00242283e-07 
 9.33254301e+04  9.92871566e-08 
 9.54992586e+04  9.83413831e-08 
 9.77237221e+04  9.74048735e-08 
 1.00000000e+05  9.64775392e-08 
 1.02329299e+05  9.55592926e-08 
 1.04712855e+05  9.46500467e-08 
 1.07151931e+05  9.37497157e-08 
 1.09647820e+05  9.28582145e-08 
 1.12201845e+05  9.19754588e-08 
 1.14815362e+05  9.11013652e-08 
 1.17489755e+05  9.02358510e-08 
 1.20226443e+05  8.93788344e-08 
 1.23026877e+05  8.85302344e-08 
 1.25892541e+05  8.76899708e-08 
 1.28824955e+05  8.68579641e-08 
 1.31825674e+05  8.60341358e-08 
 1.34896288e+05  8.52184080e-08 
 1.38038426e+05  8.44107034e-08 
 1.41253754e+05  8.36109459e-08 
 1.44543977e+05  8.28190598e-08 
 1.47910839e+05  8.20349702e-08 
 1.51356125e+05  8.12586031e-08 
 1.54881662e+05  8.04898850e-08 
 1.58489319e+05  7.97287433e-08 
 1.62181010e+05  7.89751060e-08 
 1.65958691e+05  7.82289019e-08 
 1.69824365e+05  7.74900604e-08 
 1.73780083e+05  7.67585117e-08 
 1.77827941e+05  7.60341867e-08 
 1.81970086e+05  7.53170168e-08 
 1.86208714e+05  7.46069342e-08 
 1.90546072e+05  7.39038719e-08 
 1.94984460e+05  7.32077634e-08 
 1.99526231e+05  7.25185427e-08 
 2.04173794e+05  7.18361449e-08 
 2.08929613e+05  7.11605053e-08 
 2.13796209e+05  7.04915600e-08 
 2.18776162e+05  6.98292458e-08 
 2.23872114e+05  6.91735001e-08 
 2.29086765e+05  6.85242608e-08 
 2.34422882e+05  6.78814666e-08 
 2.39883292e+05  6.72450566e-08 
 2.45470892e+05  6.66149706e-08 
 2.51188643e+05  6.59911491e-08 
 2.57039578e+05  6.53735329e-08 
 2.63026799e+05  6.47620638e-08 
 2.69153480e+05  6.41566838e-08 
 2.75422870e+05  6.35573356e-08 
 2.81838293e+05  6.29639626e-08 
 2.88403150e+05  6.23765086e-08 
 2.95120923e+05  6.17949179e-08 
 3.01995172e+05  6.12191355e-08 
 3.09029543e+05  6.06491070e-08 
 3.16227766e+05  6.00847783e-08 
 3.23593657e+05  5.95260960e-08 
 3.31131121e+05  5.89730072e-08 
 3.38844156e+05  5.84254595e-08 
 3.46736850e+05  5.78834011e-08 
 3.54813389e+05  5.73467805e-08 
 3.63078055e+05  5.68155471e-08 
 3.71535229e+05  5.62896503e-08 
 3.80189396e+05  5.57690404e-08 
 3.89045145e+05  5.52536680e-08 
 3.98107171e+05  5.47434843e-08 
 4.07380278e+05  5.42384409e-08 
 4.16869383e+05  5.37384898e-08 
 4.26579519e+05  5.32435837e-08 
 4.36515832e+05  5.27536756e-08 
 4.46683592e+05  5.22687190e-08 
 4.57088190e+05  5.17886679e-08 
 4.67735141e+05  5.13134767e-08 
 4.78630092e+05  5.08431003e-08 
 4.89778819e+05  5.03774939e-08 
 5.01187234e+05  4.99166134e-08 
 5.12861384e+05  4.94604150e-08 
 5.24807460e+05  4.90088553e-08 
 5.37031796e+05  4.85618913e-08 
 5.49540874e+05  4.81194805e-08 
 5.62341325e+05  4.76815810e-08 
 5.75439937e+05  4.72481508e-08 
 5.88843655e+05  4.68191489e-08 
 6.02559586e+05  4.63945344e-08 
 6.16595002e+05  4.59742667e-08 
 6.30957344e+05  4.55583059e-08 
 6.45654229e+05  4.51466122e-08 
 6.60693448e+05  4.47391465e-08 
 6.76082975e+05  4.43358698e-08 
 6.91830971e+05  4.39367436e-08 
 7.07945784e+05  4.35417299e-08 
 7.24435960e+05  4.31507908e-08 
 7.41310241e+05  4.27638890e-08 
 7.58577575e+05  4.23809874e-08 
 7.76247117e+05  4.20020496e-08 
 7.94328235e+05  4.16270391e-08 
 8.12830516e+05  4.12559200e-08 
 8.31763771e+05  4.08886569e-08 
 8.51138038e+05  4.05252143e-08 
 8.70963590e+05  4.01655576e-08 
 8.91250938e+05  3.98096520e-08 
 9.12010839e+05  3.94574635e-08 
 9.33254301e+05  3.91089581e-08 
 9.54992586e+05  3.87641024e-08 
 9.77237221e+05  3.84228631e-08 
 1.00000000e+06  3.80852073e-08 
 1.02329299e+06  3.77511025e-08 
 1.04712855e+06  3.74205164e-08 
 1.07151931e+06  3.70934170e-08 
 1.09647820e+06  3.67697728e-08 
 1.12201845e+06  3.64495525e-08 
 1.14815362e+06  3.61327249e-08 
 1.17489755e+06  3.58192595e-08 
 1.20226443e+06  3.55091257e-08 
 1.23026877e+06  3.52022934e-08 
 1.25892541e+06  3.48987328e-08 
 1.28824955e+06  3.45984144e-08 
 1.31825674e+06  3.43013088e-08 
 1.34896288e+06  3.40073871e-08 
 1.38038426e+06  3.37166206e-08 
 1.41253754e+06  3.34289807e-08 
 1.44543977e+06  3.31444394e-08 
 1.47910839e+06  3.28629687e-08 
 1.51356125e+06  3.25845410e-08 
 1.54881662e+06  3.23091289e-08 
 1.58489319e+06  3.20367052e-08 
 1.62181010e+06  3.17672432e-08 
 1.65958691e+06  3.15007161e-08 
 1.69824365e+06  3.12370976e-08 
 1.73780083e+06  3.09763616e-08 
 1.77827941e+06  3.07184821e-08 
 1.81970086e+06  3.04634336e-08 
 1.86208714e+06  3.02111906e-08 
 1.90546072e+06  2.99617280e-08 
 1.94984460e+06  2.97150208e-08 
 1.99526231e+06  2.94710443e-08 
 2.04173794e+06  2.92297739e-08 
 2.08929613e+06  2.89911855e-08 
 2.13796209e+06  2.87552549e-08 
 2.18776162e+06  2.85219583e-08 
 2.23872114e+06  2.82912721e-08 
 2.29086765e+06  2.80631729e-08 
 2.34422882e+06  2.78376375e-08 
 2.39883292e+06  2.76146429e-08 
 2.45470892e+06  2.73941662e-08 
 2.51188643e+06  2.71761848e-08 
 2.57039578e+06  2.69606765e-08 
 2.63026799e+06  2.67476189e-08 
 2.69153480e+06  2.65369900e-08 
 2.75422870e+06  2.63287681e-08 
 2.81838293e+06  2.61229314e-08 
 2.88403150e+06  2.59194585e-08 
 2.95120923e+06  2.57183281e-08 
 3.01995172e+06  2.55195191e-08 
 3.09029543e+06  2.53230107e-08 
 3.16227766e+06  2.51287820e-08 
 3.23593657e+06  2.49368125e-08 
 3.31131121e+06  2.47470818e-08 
 3.38844156e+06  2.45595696e-08 
 3.46736850e+06  2.43742558e-08 
 3.54813389e+06  2.41911206e-08 
 3.63078055e+06  2.40101441e-08 
 3.71535229e+06  2.38313068e-08 
 3.80189396e+06  2.36545893e-08 
 3.89045145e+06  2.34799722e-08 
 3.98107171e+06  2.33074363e-08 
 4.07380278e+06  2.31369628e-08 
 4.16869383e+06  2.29685327e-08 
 4.26579519e+06  2.28021274e-08 
 4.36515832e+06  2.26377283e-08 
 4.46683592e+06  2.24753169e-08 
 4.57088190e+06  2.23148750e-08 
 4.67735141e+06  2.21563844e-08 
 4.78630092e+06  2.19998271e-08 
 4.89778819e+06  2.18451853e-08 
 5.01187234e+06  2.16924411e-08 
 5.12861384e+06  2.15415770e-08 
 5.24807460e+06  2.13925755e-08 
 5.37031796e+06  2.12454191e-08 
 5.49540874e+06  2.11000906e-08 
 5.62341325e+06  2.09565729e-08 
 5.75439937e+06  2.08148490e-08 
 5.88843655e+06  2.06749020e-08 
 6.02559586e+06  2.05367151e-08 
 6.16595002e+06  2.04002716e-08 
 6.30957344e+06  2.02655550e-08 
 6.45654229e+06  2.01325489e-08 
 6.60693448e+06  2.00012368e-08 
 6.76082975e+06  1.98716026e-08 
 6.91830971e+06  1.97436303e-08 
 7.07945784e+06  1.96173036e-08 
 7.24435960e+06  1.94926069e-08 
 7.41310241e+06  1.93695241e-08 
 7.58577575e+06  1.92480397e-08 
 7.76247117e+06  1.91281381e-08 
 7.94328235e+06  1.90098037e-08 
 8.12830516e+06  1.88930211e-08 
 8.31763771e+06  1.87777751e-08 
 8.51138038e+06  1.86640503e-08 
 8.70963590e+06  1.85518318e-08 
 8.91250938e+06  1.84411044e-08 
 9.12010839e+06  1.83318533e-08 
 9.33254301e+06  1.82240636e-08 
 9.54992586e+06  1.81177206e-08 
 9.77237221e+06  1.80128096e-08 
 1.00000000e+07  1.79093160e-08 
 1.02329299e+07  1.78072254e-08 
 1.04712855e+07  1.77065234e-08 
 1.07151931e+07  1.76071956e-08 
 1.09647820e+07  1.75092279e-08 
 1.12201845e+07  1.74126062e-08 
 1.14815362e+07  1.73173164e-08 
 1.17489755e+07  1.72233445e-08 
 1.20226443e+07  1.71306767e-08 
 1.23026877e+07  1.70392992e-08 
 1.25892541e+07  1.69491983e-08 
 1.28824955e+07  1.68603604e-08 
 1.31825674e+07  1.67727720e-08 
 1.34896288e+07  1.66864195e-08 
 1.38038426e+07  1.66012898e-08 
 1.41253754e+07  1.65173694e-08 
 1.44543977e+07  1.64346452e-08 
 1.47910839e+07  1.63531040e-08 
 1.51356125e+07  1.62727329e-08 
 1.54881662e+07  1.61935189e-08 
 1.58489319e+07  1.61154491e-08 
 1.62181010e+07  1.60385108e-08 
 1.65958691e+07  1.59626912e-08 
 1.69824365e+07  1.58879777e-08 
 1.73780083e+07  1.58143579e-08 
 1.77827941e+07  1.57418192e-08 
 1.81970086e+07  1.56703494e-08 
 1.86208714e+07  1.55999360e-08 
 1.90546072e+07  1.55305670e-08 
 1.94984460e+07  1.54622302e-08 
 1.99526231e+07  1.53949136e-08 
 2.04173794e+07  1.53286053e-08 
 2.08929613e+07  1.52632933e-08 
 2.13796209e+07  1.51989660e-08 
 2.18776162e+07  1.51356117e-08 
 2.23872114e+07  1.50732187e-08 
 2.29086765e+07  1.50117755e-08 
 2.34422882e+07  1.49512707e-08 
 2.39883292e+07  1.48916931e-08 
 2.45470892e+07  1.48330313e-08 
 2.51188643e+07  1.47752741e-08 
 2.57039578e+07  1.47184106e-08 
 2.63026799e+07  1.46624296e-08 
 2.69153480e+07  1.46073205e-08 
 2.75422870e+07  1.45530722e-08 
 2.81838293e+07  1.44996742e-08 
 2.88403150e+07  1.44471158e-08 
 2.95120923e+07  1.43953865e-08 
 3.01995172e+07  1.43444759e-08 
 3.09029543e+07  1.42943736e-08 
 3.16227766e+07  1.42450694e-08 
 3.23593657e+07  1.41965530e-08 
 3.31131121e+07  1.41488146e-08 
 3.38844156e+07  1.41018441e-08 
 3.46736850e+07  1.40556316e-08 
 3.54813389e+07  1.40101674e-08 
 3.63078055e+07  1.39654419e-08 
 3.71535229e+07  1.39214454e-08 
 3.80189396e+07  1.38781685e-08 
 3.89045145e+07  1.38356018e-08 
 3.98107171e+07  1.37937360e-08 
 4.07380278e+07  1.37525620e-08 
 4.16869383e+07  1.37120708e-08 
 4.26579519e+07  1.36722532e-08 
 4.36515832e+07  1.36331006e-08 
 4.46683592e+07  1.35946041e-08 
 4.57088190e+07  1.35567551e-08 
 4.67735141e+07  1.35195450e-08 
 4.78630092e+07  1.34829654e-08 
 4.89778819e+07  1.34470079e-08 
 5.01187234e+07  1.34116644e-08 
 5.12861384e+07  1.33769268e-08 
 5.24807460e+07  1.33427869e-08 
 5.37031796e+07  1.33092370e-08 
 5.49540874e+07  1.32762692e-08 
 5.62341325e+07  1.32438759e-08 
 5.75439937e+07  1.32120496e-08 
 5.88843655e+07  1.31807827e-08 
 6.02559586e+07  1.31500679e-08 
 6.16595002e+07  1.31198981e-08 
 6.30957344e+07  1.30902662e-08 
 6.45654229e+07  1.30611652e-08 
 6.60693448e+07  1.30325881e-08 
 6.76082975e+07  1.30045284e-08 
 6.91830971e+07  1.29769794e-08 
 7.07945784e+07  1.29499346e-08 
 7.24435960e+07  1.29233877e-08 
 7.41310241e+07  1.28973324e-08 
 7.58577575e+07  1.28717626e-08 
 7.76247117e+07  1.28466723e-08 
 7.94328235e+07  1.28220558e-08 
 8.12830516e+07  1.27979073e-08 
 8.31763771e+07  1.27742212e-08 
 8.51138038e+07  1.27509920e-08 
 8.70963590e+07  1.27282146e-08 
 8.91250938e+07  1.27058837e-08 
 9.12010839e+07  1.26839944e-08 
 9.33254301e+07  1.26625417e-08 
 9.54992586e+07  1.26415209e-08 
 9.77237221e+07  1.26209275e-08 
 1.00000000e+08  1.26007570e-08 
 1.02329299e+08  1.25810051e-08 
 1.04712855e+08  1.25616678e-08 
 1.07151931e+08  1.25427412e-08 
 1.09647820e+08  1.25242213e-08 
 1.12201845e+08  1.25061047e-08 
 1.14815362e+08  1.24883878e-08 
 1.17489755e+08  1.24710673e-08 
 1.20226443e+08  1.24541402e-08 
 1.23026877e+08  1.24376035e-08 
 1.25892541e+08  1.24214546e-08 
 1.28824955e+08  1.24056907e-08 
 1.31825674e+08  1.23903097e-08 
 1.34896288e+08  1.23753092e-08 
 1.38038426e+08  1.23606874e-08 
 1.41253754e+08  1.23464425e-08 
 1.44543977e+08  1.23325729e-08 
 1.47910839e+08  1.23190772e-08 
 1.51356125e+08  1.23059545e-08 
 1.54881662e+08  1.22932037e-08 
 1.58489319e+08  1.22808242e-08 
 1.62181010e+08  1.22688156e-08 
 1.65958691e+08  1.22571777e-08 
 1.69824365e+08  1.22459106e-08 
 1.73780083e+08  1.22350146e-08 
 1.77827941e+08  1.22244903e-08 
 1.81970086e+08  1.22143385e-08 
 1.86208714e+08  1.22045603e-08 
 1.90546072e+08  1.21951573e-08 
 1.94984460e+08  1.21861310e-08 
 1.99526231e+08  1.21774836e-08 
 2.04173794e+08  1.21692173e-08 
 2.08929613e+08  1.21613348e-08 
 2.13796209e+08  1.21538390e-08 
 2.18776162e+08  1.21467332e-08 
 2.23872114e+08  1.21400211e-08 
 2.29086765e+08  1.21337067e-08 
 2.34422882e+08  1.21277943e-08 
 2.39883292e+08  1.21222887e-08 
 2.45470892e+08  1.21171949e-08 
 2.51188643e+08  1.21125186e-08 
 2.57039578e+08  1.21082655e-08 
 2.63026799e+08  1.21044421e-08 
 2.69153480e+08  1.21010551e-08 
 2.75422870e+08  1.20981117e-08 
 2.81838293e+08  1.20956195e-08 
 2.88403150e+08  1.20935866e-08 
 2.95120923e+08  1.20920216e-08 
 3.01995172e+08  1.20909335e-08 
 3.09029543e+08  1.20903319e-08 
 3.16227766e+08  1.20902268e-08 
 3.23593657e+08  1.20906287e-08 
 3.31131121e+08  1.20915487e-08 
 3.38844156e+08  1.20929984e-08 
 3.46736850e+08  1.20949899e-08 
 3.54813389e+08  1.20975359e-08 
 3.63078055e+08  1.21006496e-08 
 3.71535229e+08  1.21043449e-08 
 3.80189396e+08  1.21086361e-08 
 3.89045145e+08  1.21135381e-08 
 3.98107171e+08  1.21190664e-08 
 4.07380278e+08  1.21252373e-08 
 4.16869383e+08  1.21320672e-08 
 4.26579519e+08  1.21395735e-08 
 4.36515832e+08  1.21477741e-08 
 4.46683592e+08  1.21566874e-08 
 4.57088190e+08  1.21663323e-08 
 4.67735141e+08  1.21767285e-08 
 4.78630092e+08  1.21878960e-08 
 4.89778819e+08  1.21998556e-08 
 5.01187234e+08  1.22126284e-08 
 5.12861384e+08  1.22262360e-08 
 5.24807460e+08  1.22407008e-08 
 5.37031796e+08  1.22560453e-08 
 5.49540874e+08  1.22722926e-08 
 5.62341325e+08  1.22894661e-08 
 5.75439937e+08  1.23075898e-08 
 5.88843655e+08  1.23266877e-08 
 6.02559586e+08  1.23467842e-08 
 6.16595002e+08  1.23679041e-08 
 6.30957344e+08  1.23900719e-08 
 6.45654229e+08  1.24133128e-08 
 6.60693448e+08  1.24376514e-08 
 6.76082975e+08  1.24631127e-08 
 6.91830971e+08  1.24897214e-08 
 7.07945784e+08  1.25175019e-08 
 7.24435960e+08  1.25464785e-08 
 7.41310241e+08  1.25766748e-08 
 7.58577575e+08  1.26081141e-08 
 7.76247117e+08  1.26408190e-08 
 7.94328235e+08  1.26748112e-08 
 8.12830516e+08  1.27101117e-08 
 8.31763771e+08  1.27467404e-08 
 8.51138038e+08  1.27847160e-08 
 8.70963590e+08  1.28240559e-08 
 8.91250938e+08  1.28647760e-08 
 9.12010839e+08  1.29068907e-08 
 9.33254301e+08  1.29504125e-08 
 9.54992586e+08  1.29953520e-08 
 9.77237221e+08  1.30417177e-08 
 1.00000000e+09  1.30895157e-08 
