 1.00000000e+00 -6.18391071e-05 
 1.25892541e+00 -7.78508234e-05 
 1.58489319e+00 -9.80083799e-05 
 1.99526231e+00 -1.23385240e-04 
 2.51188643e+00 -1.55332814e-04 
 3.16227766e+00 -1.95552427e-04 
 3.98107171e+00 -2.46185920e-04 
 5.01187234e+00 -3.09929710e-04 
 6.30957344e+00 -3.90178388e-04 
 7.94328235e+00 -4.91205488e-04 
 1.00000000e+01 -6.18391071e-04 
 1.25892541e+01 -7.78508234e-04 
 1.58489319e+01 -9.80083799e-04 
 1.99526231e+01 -1.23385240e-03 
 2.51188643e+01 -1.55332814e-03 
 3.16227766e+01 -1.95552427e-03 
 3.98107171e+01 -2.46185920e-03 
 5.01187234e+01 -3.09929710e-03 
 6.30957344e+01 -3.90178388e-03 
 7.94328235e+01 -4.91205487e-03 
 1.00000000e+02 -6.18391069e-03 
 1.25892541e+02 -7.78508229e-03 
 1.58489319e+02 -9.80083790e-03 
 1.99526231e+02 -1.23385238e-02 
 2.51188643e+02 -1.55332810e-02 
 3.16227766e+02 -1.95552419e-02 
 3.98107171e+02 -2.46185905e-02 
 5.01187234e+02 -3.09929680e-02 
 6.30957344e+02 -3.90178328e-02 
 7.94328235e+02 -4.91205368e-02 
 1.00000000e+03 -6.18390832e-02 
 1.25892541e+03 -7.78507756e-02 
 1.58489319e+03 -9.80082845e-02 
 1.99526231e+03 -1.23385050e-01 
 2.51188643e+03 -1.55332434e-01 
 3.16227766e+03 -1.95551669e-01 
 3.98107171e+03 -2.46184407e-01 
 5.01187234e+03 -3.09926693e-01 
 6.30957344e+03 -3.90172368e-01 
 7.94328235e+03 -4.91193476e-01 
 1.00000000e+04 -6.18367104e-01 
 1.25892541e+04 -7.78460415e-01 
 1.58489319e+04 -9.79988393e-01 
 1.99526231e+04 -1.23366206e+00 
 2.51188643e+04 -1.55294842e+00 
 3.16227766e+04 -1.95476683e+00 
 3.98107171e+04 -2.46034852e+00 
 5.01187234e+04 -3.09628486e+00 
 6.30957344e+04 -3.89577981e+00 
 7.94328235e+04 -4.90009454e+00 
 1.00000000e+05 -6.16010761e+00 
 1.25892541e+05 -7.73778006e+00 
 1.58489319e+05 -9.70705460e+00 
 1.99526231e+05 -1.21532534e+01 
 2.51188643e+05 -1.51693002e+01 
 3.16227766e+05 -1.88461544e+01 
 3.98107171e+05 -2.32542835e+01 
 5.01187234e+05 -2.84144137e+01 
 6.30957344e+05 -3.42617842e+01 
 7.94328235e+05 -4.06193163e+01 
 1.00000000e+06 -4.72036849e+01 
 1.25892541e+06 -5.36780071e+01 
 1.58489319e+06 -5.97326853e+01 
 1.99526231e+06 -6.51516344e+01 
 2.51188643e+06 -6.98341057e+01 
 3.16227766e+06 -7.37764170e+01 
 3.98107171e+06 -7.70369388e+01 
 5.01187234e+06 -7.97037261e+01 
 6.30957344e+06 -8.18724166e+01 
 7.94328235e+06 -8.36340503e+01 
 1.00000000e+07 -8.50697803e+01 
 1.25892541e+07 -8.62495833e+01 
 1.58489319e+07 -8.72329905e+01 
 1.99526231e+07 -8.80706922e+01 
 2.51188643e+07 -8.88064265e+01 
 3.16227766e+07 -8.94788831e+01 
 3.98107171e+07 -9.01235221e+01 
 5.01187234e+07 -9.07742896e+01 
 6.30957344e+07 -9.14652370e+01 
 7.94328235e+07 -9.22320382e+01 
 1.00000000e+08 -9.31133466e+01 
 1.25892541e+08 -9.41518123e+01 
 1.58489319e+08 -9.53943569e+01 
 1.99526231e+08 -9.68909106e+01 
 2.51188643e+08 -9.86902038e+01 
 3.16227766e+08 -1.00830477e+02 
 3.98107171e+08 -1.03322675e+02 
 5.01187234e+08 -1.06125390e+02 
 6.30957344e+08 -1.09117067e+02 
 7.94328235e+08 -1.12082652e+02 
 1.00000000e+09 -1.14741282e+02 
