 1.00000000e+00 -6.17283326e-05 
 1.25892541e+00 -7.77113666e-05 
 1.58489319e+00 -9.78328142e-05 
 1.99526231e+00 -1.23164216e-04 
 2.51188643e+00 -1.55054561e-04 
 3.16227766e+00 -1.95202127e-04 
 3.98107171e+00 -2.45744918e-04 
 5.01187234e+00 -3.09374523e-04 
 6.30957344e+00 -3.89479448e-04 
 7.94328235e+00 -4.90325575e-04 
 1.00000000e+01 -6.17283326e-04 
 1.25892541e+01 -7.77113666e-04 
 1.58489319e+01 -9.78328142e-04 
 1.99526231e+01 -1.23164216e-03 
 2.51188643e+01 -1.55054561e-03 
 3.16227766e+01 -1.95202127e-03 
 3.98107171e+01 -2.45744918e-03 
 5.01187234e+01 -3.09374522e-03 
 6.30957344e+01 -3.89479448e-03 
 7.94328235e+01 -4.90325574e-03 
 1.00000000e+02 -6.17283324e-03 
 1.25892541e+02 -7.77113661e-03 
 1.58489319e+02 -9.78328132e-03 
 1.99526231e+02 -1.23164214e-02 
 2.51188643e+02 -1.55054557e-02 
 3.16227766e+02 -1.95202120e-02 
 3.98107171e+02 -2.45744903e-02 
 5.01187234e+02 -3.09374493e-02 
 6.30957344e+02 -3.89479388e-02 
 7.94328235e+02 -4.90325455e-02 
 1.00000000e+03 -6.17283088e-02 
 1.25892541e+03 -7.77113190e-02 
 1.58489319e+03 -9.78327192e-02 
 1.99526231e+03 -1.23164026e-01 
 2.51188643e+03 -1.55054183e-01 
 3.16227766e+03 -1.95201373e-01 
 3.98107171e+03 -2.45743414e-01 
 5.01187234e+03 -3.09371520e-01 
 6.30957344e+03 -3.89473458e-01 
 7.94328235e+03 -4.90313623e-01 
 1.00000000e+04 -6.17259480e-01 
 1.25892541e+04 -7.77066087e-01 
 1.58489319e+04 -9.78233217e-01 
 1.99526231e+04 -1.23145278e+00 
 2.51188643e+04 -1.55016781e+00 
 3.16227766e+04 -1.95126765e+00 
 3.98107171e+04 -2.45594611e+00 
 5.01187234e+04 -3.09074814e+00 
 6.30957344e+04 -3.88882060e+00 
 7.94328235e+04 -4.89135547e+00 
 1.00000000e+05 -6.14914951e+00 
 1.25892541e+05 -7.72407092e+00 
 1.58489319e+05 -9.68996505e+00 
 1.99526231e+05 -1.21320677e+01 
 2.51188643e+05 -1.51432577e+01 
 3.16227766e+05 -1.88145451e+01 
 3.98107171e+05 -2.32166168e+01 
 5.01187234e+05 -2.83706613e+01 
 6.30957344e+05 -3.42126278e+01 
 7.94328235e+05 -4.05662438e+01 
 1.00000000e+06 -4.71487658e+01 
 1.25892541e+06 -5.36233450e+01 
 1.58489319e+06 -5.96798073e+01 
 1.99526231e+06 -6.51011277e+01 
 2.51188643e+06 -6.97855967e+01 
 3.16227766e+06 -7.37287576e+01 
 3.98107171e+06 -7.69884208e+01 
 5.01187234e+06 -7.96522229e+01 
 6.30957344e+06 -8.18154296e+01 
 7.94328235e+06 -8.35686726e+01 
 1.00000000e+07 -8.49925977e+01 
 1.25892541e+07 -8.61565233e+01 
 1.58489319e+07 -8.71191228e+01 
 1.99526231e+07 -8.79299787e+01 
 2.51188643e+07 -8.86314128e+01 
 3.16227766e+07 -8.92603204e+01 
 3.98107171e+07 -8.98499101e+01 
 5.01187234e+07 -9.04313327e+01 
 6.30957344e+07 -9.10352181e+01 
 7.94328235e+07 -9.16931427e+01 
 1.00000000e+08 -9.24390258e+01 
 1.25892541e+08 -9.33103955e+01 
 1.58489319e+08 -9.43493413e+01 
 1.99526231e+08 -9.56027475e+01 
 2.51188643e+08 -9.71210071e+01 
 3.16227766e+08 -9.89538124e+01 
 3.98107171e+08 -1.01140906e+02 
 5.01187234e+08 -1.03695435e+02 
 6.30957344e+08 -1.06579375e+02 
 7.94328235e+08 -1.09676877e+02 
 1.00000000e+09 -1.12783033e+02 
