 1.00000000e+00  3.79447197e+01 
 1.25892541e+00  3.79447197e+01 
 1.58489319e+00  3.79447197e+01 
 1.99526231e+00  3.79447197e+01 
 2.51188643e+00  3.79447197e+01 
 3.16227766e+00  3.79447196e+01 
 3.98107171e+00  3.79447196e+01 
 5.01187234e+00  3.79447195e+01 
 6.30957344e+00  3.79447194e+01 
 7.94328235e+00  3.79447193e+01 
 1.00000000e+01  3.79447191e+01 
 1.25892541e+01  3.79447187e+01 
 1.58489319e+01  3.79447181e+01 
 1.99526231e+01  3.79447172e+01 
 2.51188643e+01  3.79447157e+01 
 3.16227766e+01  3.79447133e+01 
 3.98107171e+01  3.79447095e+01 
 5.01187234e+01  3.79447036e+01 
 6.30957344e+01  3.79446942e+01 
 7.94328235e+01  3.79446792e+01 
 1.00000000e+02  3.79446555e+01 
 1.25892541e+02  3.79446180e+01 
 1.58489319e+02  3.79445584e+01 
 1.99526231e+02  3.79444641e+01 
 2.51188643e+02  3.79443146e+01 
 3.16227766e+02  3.79440777e+01 
 3.98107171e+02  3.79437023e+01 
 5.01187234e+02  3.79431073e+01 
 6.30957344e+02  3.79421645e+01 
 7.94328235e+02  3.79406707e+01 
 1.00000000e+03  3.79383041e+01 
 1.25892541e+03  3.79345561e+01 
 1.58489319e+03  3.79286225e+01 
 1.99526231e+03  3.79192349e+01 
 2.51188643e+03  3.79043980e+01 
 3.16227766e+03  3.78809865e+01 
 3.98107171e+03  3.78441383e+01 
 5.01187234e+03  3.77863709e+01 
 6.30957344e+03  3.76963611e+01 
 7.94328235e+03  3.75574197e+01 
 1.00000000e+04  3.73459318e+01 
 1.25892541e+04  3.70305129e+01 
 1.58489319e+04  3.65732674e+01 
 1.99526231e+04  3.59347528e+01 
 2.51188643e+04  3.50829301e+01 
 3.16227766e+04  3.40031244e+01 
 3.98107171e+04  3.27033576e+01 
 5.01187234e+04  3.12113742e+01 
 6.30957344e+04  2.95654615e+01 
 7.94328235e+04  2.78047062e+01 
 1.00000000e+05  2.59627352e+01 
 1.25892541e+05  2.40654870e+01 
 1.58489319e+05  2.21315925e+01 
 1.99526231e+05  2.01738258e+01 
 2.51188643e+05  1.82006858e+01 
 3.16227766e+05  1.62177188e+01 
 3.98107171e+05  1.42284996e+01 
 5.01187234e+05  1.22353145e+01 
 6.30957344e+05  1.02396181e+01 
 7.94328235e+05  8.24233282e+00 
 1.00000000e+06  6.24404203e+00 
 1.25892541e+06  4.24511362e+00 
 1.58489319e+06  2.24577847e+00 
 1.99526231e+06  2.46179935e-01 
 2.51188643e+06 -1.75359541e+00 
 3.16227766e+06 -3.75349909e+00 
 3.98107171e+06 -5.75351032e+00 
 5.01187234e+06 -7.75363156e+00 
 6.30957344e+06 -9.75388899e+00 
 7.94328235e+06 -1.17543382e+01 
 1.00000000e+07 -1.37550764e+01 
 1.25892541e+07 -1.57562632e+01 
 1.58489319e+07 -1.77581556e+01 
 1.99526231e+07 -1.97611645e+01 
 2.51188643e+07 -2.17659447e+01 
 3.16227766e+07 -2.37735422e+01 
 3.98107171e+07 -2.57856318e+01 
 5.01187234e+07 -2.78049108e+01 
 6.30957344e+07 -2.98357594e+01 
 7.94328235e+07 -3.18853794e+01 
 1.00000000e+08 -3.39658206e+01 
 1.25892541e+08 -3.60977024e+01 
 1.58489319e+08 -3.83172050e+01 
 1.99526231e+08 -4.06890323e+01 
 2.51188643e+08 -4.33279451e+01 
 3.16227766e+08 -4.64207428e+01 
 3.98107171e+08 -5.01883727e+01 
 5.01187234e+08 -5.46009333e+01 
 6.30957344e+08 -5.87484724e+01 
 7.94328235e+08 -6.14181067e+01 
 1.00000000e+09 -6.31825515e+01 
