 1.00000000e+00  3.79446011e+01 
 1.25892541e+00  3.79446011e+01 
 1.58489319e+00  3.79446011e+01 
 1.99526231e+00  3.79446011e+01 
 2.51188643e+00  3.79446011e+01 
 3.16227766e+00  3.79446011e+01 
 3.98107171e+00  3.79446010e+01 
 5.01187234e+00  3.79446010e+01 
 6.30957344e+00  3.79446009e+01 
 7.94328235e+00  3.79446007e+01 
 1.00000000e+01  3.79446005e+01 
 1.25892541e+01  3.79446001e+01 
 1.58489319e+01  3.79445995e+01 
 1.99526231e+01  3.79445986e+01 
 2.51188643e+01  3.79445971e+01 
 3.16227766e+01  3.79445947e+01 
 3.98107171e+01  3.79445909e+01 
 5.01187234e+01  3.79445850e+01 
 6.30957344e+01  3.79445755e+01 
 7.94328235e+01  3.79445605e+01 
 1.00000000e+02  3.79445367e+01 
 1.25892541e+02  3.79444991e+01 
 1.58489319e+02  3.79444394e+01 
 1.99526231e+02  3.79443448e+01 
 2.51188643e+02  3.79441949e+01 
 3.16227766e+02  3.79439573e+01 
 3.98107171e+02  3.79435807e+01 
 5.01187234e+02  3.79429840e+01 
 6.30957344e+02  3.79420385e+01 
 7.94328235e+02  3.79405403e+01 
 1.00000000e+03  3.79381668e+01 
 1.25892541e+03  3.79344079e+01 
 1.58489319e+03  3.79284570e+01 
 1.99526231e+03  3.79190421e+01 
 2.51188643e+03  3.79041622e+01 
 3.16227766e+03  3.78806832e+01 
 3.98107171e+03  3.78437294e+01 
 5.01187234e+03  3.77857983e+01 
 6.30957344e+03  3.76955377e+01 
 7.94328235e+03  3.75562193e+01 
 1.00000000e+04  3.73441802e+01 
 1.25892541e+04  3.70279877e+01 
 1.58489319e+04  3.65697161e+01 
 1.99526231e+04  3.59299383e+01 
 2.51188643e+04  3.50766955e+01 
 3.16227766e+04  3.39954477e+01 
 3.98107171e+04  3.26943599e+01 
 5.01187234e+04  3.12012759e+01 
 6.30957344e+04  2.95545165e+01 
 7.94328235e+04  2.77931488e+01 
 1.00000000e+05  2.59507545e+01 
 1.25892541e+05  2.40532226e+01 
 1.58489319e+05  2.21191420e+01 
 1.99526231e+05  2.01612548e+01 
 2.51188643e+05  1.81880374e+01 
 3.16227766e+05  1.62050207e+01 
 3.98107171e+05  1.42157697e+01 
 5.01187234e+05  1.22225637e+01 
 6.30957344e+05  1.02268531e+01 
 7.94328235e+05  8.22955720e+00 
 1.00000000e+06  6.23125713e+00 
 1.25892541e+06  4.23231876e+00 
 1.58489319e+06  2.23297085e+00 
 1.99526231e+06  2.33353978e-01 
 2.51188643e+06 -1.76644922e+00 
 3.16227766e+06 -3.76639631e+00 
 3.98107171e+06 -5.76647587e+00 
 5.01187234e+06 -7.76670512e+00 
 6.30957344e+06 -9.76713363e+00 
 7.94328235e+06 -1.17678541e+01 
 1.00000000e+07 -1.37690225e+01 
 1.25892541e+07 -1.57708922e+01 
 1.58489319e+07 -1.77738700e+01 
 1.99526231e+07 -1.97786063e+01 
 2.51188643e+07 -2.17861429e+01 
 3.16227766e+07 -2.37981550e+01 
 3.98107171e+07 -2.58173570e+01 
 5.01187234e+07 -2.78481967e+01 
 6.30957344e+07 -2.98980838e+01 
 7.94328235e+07 -3.19796420e+01 
 1.00000000e+08 -3.41149796e+01 
 1.25892541e+08 -3.63439181e+01 
 1.58489319e+08 -3.87392943e+01 
 1.99526231e+08 -4.14306562e+01 
 2.51188643e+08 -4.46171927e+01 
 3.16227766e+08 -4.84744001e+01 
 3.98107171e+08 -5.27717893e+01 
 5.01187234e+08 -5.65057147e+01 
 6.30957344e+08 -5.90449251e+01 
 7.94328235e+08 -6.10893358e+01 
 1.00000000e+09 -6.32937353e+01 
