 1.00000000e+00  1.76837810e-05 
 1.02329299e+00  1.75112290e-05 
 1.04712855e+00  1.73403686e-05 
 1.07151931e+00  1.71711833e-05 
 1.09647820e+00  1.70036564e-05 
 1.12201845e+00  1.68377717e-05 
 1.14815362e+00  1.66735128e-05 
 1.17489755e+00  1.65108638e-05 
 1.20226443e+00  1.63498088e-05 
 1.23026877e+00  1.61903321e-05 
 1.25892541e+00  1.60324182e-05 
 1.28824955e+00  1.58760515e-05 
 1.31825674e+00  1.57212170e-05 
 1.34896288e+00  1.55678993e-05 
 1.38038426e+00  1.54160838e-05 
 1.41253754e+00  1.52657554e-05 
 1.44543977e+00  1.51168996e-05 
 1.47910839e+00  1.49695018e-05 
 1.51356125e+00  1.48235477e-05 
 1.54881662e+00  1.46790231e-05 
 1.58489319e+00  1.45359139e-05 
 1.62181010e+00  1.43942061e-05 
 1.65958691e+00  1.42538859e-05 
 1.69824365e+00  1.41149397e-05 
 1.73780083e+00  1.39773539e-05 
 1.77827941e+00  1.38411152e-05 
 1.81970086e+00  1.37062102e-05 
 1.86208714e+00  1.35726259e-05 
 1.90546072e+00  1.34403492e-05 
 1.94984460e+00  1.33093673e-05 
 1.99526231e+00  1.31796674e-05 
 2.04173794e+00  1.30512369e-05 
 2.08929613e+00  1.29240634e-05 
 2.13796209e+00  1.27981343e-05 
 2.18776162e+00  1.26734375e-05 
 2.23872114e+00  1.25499609e-05 
 2.29086765e+00  1.24276925e-05 
 2.34422882e+00  1.23066203e-05 
 2.39883292e+00  1.21867326e-05 
 2.45470892e+00  1.20680178e-05 
 2.51188643e+00  1.19504643e-05 
 2.57039578e+00  1.18340607e-05 
 2.63026799e+00  1.17187956e-05 
 2.69153480e+00  1.16046579e-05 
 2.75422870e+00  1.14916365e-05 
 2.81838293e+00  1.13797205e-05 
 2.88403150e+00  1.12688988e-05 
 2.95120923e+00  1.11591609e-05 
 3.01995172e+00  1.10504960e-05 
 3.09029543e+00  1.09428936e-05 
 3.16227766e+00  1.08363432e-05 
 3.23593657e+00  1.07308345e-05 
 3.31131121e+00  1.06263573e-05 
 3.38844156e+00  1.05229014e-05 
 3.46736850e+00  1.04204568e-05 
 3.54813389e+00  1.03190135e-05 
 3.63078055e+00  1.02185618e-05 
 3.71535229e+00  1.01190918e-05 
 3.80189396e+00  1.00205939e-05 
 3.89045145e+00  9.92305861e-06 
 3.98107171e+00  9.82647644e-06 
 4.07380278e+00  9.73083801e-06 
 4.16869383e+00  9.63613407e-06 
 4.26579519e+00  9.54235544e-06 
 4.36515832e+00  9.44949302e-06 
 4.46683592e+00  9.35753783e-06 
 4.57088190e+00  9.26648095e-06 
 4.67735141e+00  9.17631356e-06 
 4.78630092e+00  9.08702694e-06 
 4.89778819e+00  8.99861242e-06 
 5.01187234e+00  8.91106146e-06 
 5.12861384e+00  8.82436557e-06 
 5.24807460e+00  8.73851637e-06 
 5.37031796e+00  8.65350554e-06 
 5.49540874e+00  8.56932485e-06 
 5.62341325e+00  8.48596616e-06 
 5.75439937e+00  8.40342139e-06 
 5.88843655e+00  8.32168258e-06 
 6.02559586e+00  8.24074180e-06 
 6.16595002e+00  8.16059122e-06 
 6.30957344e+00  8.08122310e-06 
 6.45654229e+00  8.00262976e-06 
 6.60693448e+00  7.92480360e-06 
 6.76082975e+00  7.84773709e-06 
 6.91830971e+00  7.77142278e-06 
 7.07945784e+00  7.69585330e-06 
 7.24435960e+00  7.62102134e-06 
 7.41310241e+00  7.54691967e-06 
 7.58577575e+00  7.47354113e-06 
 7.76247117e+00  7.40087863e-06 
 7.94328235e+00  7.32892514e-06 
 8.12830516e+00  7.25767372e-06 
 8.31763771e+00  7.18711748e-06 
 8.51138038e+00  7.11724962e-06 
 8.70963590e+00  7.04806337e-06 
 8.91250938e+00  6.97955207e-06 
 9.12010839e+00  6.91170909e-06 
 9.33254301e+00  6.84452789e-06 
 9.54992586e+00  6.77800198e-06 
 9.77237221e+00  6.71212494e-06 
 1.00000000e+01  6.64689041e-06 
 1.02329299e+01  6.58229210e-06 
 1.04712855e+01  6.51832377e-06 
 1.07151931e+01  6.45497925e-06 
 1.09647820e+01  6.39225244e-06 
 1.12201845e+01  6.33013727e-06 
 1.14815362e+01  6.26862777e-06 
 1.17489755e+01  6.20771799e-06 
 1.20226443e+01  6.14740206e-06 
 1.23026877e+01  6.08767418e-06 
 1.25892541e+01  6.02852857e-06 
 1.28824955e+01  5.96995954e-06 
 1.31825674e+01  5.91196144e-06 
 1.34896288e+01  5.85452868e-06 
 1.38038426e+01  5.79765574e-06 
 1.41253754e+01  5.74133711e-06 
 1.44543977e+01  5.68556739e-06 
 1.47910839e+01  5.63034120e-06 
 1.51356125e+01  5.57565321e-06 
 1.54881662e+01  5.52149816e-06 
 1.58489319e+01  5.46787083e-06 
 1.62181010e+01  5.41476607e-06 
 1.65958691e+01  5.36217875e-06 
 1.69824365e+01  5.31010381e-06 
 1.73780083e+01  5.25853623e-06 
 1.77827941e+01  5.20747107e-06 
 1.81970086e+01  5.15690339e-06 
 1.86208714e+01  5.10682833e-06 
 1.90546072e+01  5.05724107e-06 
 1.94984460e+01  5.00813685e-06 
 1.99526231e+01  4.95951093e-06 
 2.04173794e+01  4.91135864e-06 
 2.08929613e+01  4.86367534e-06 
 2.13796209e+01  4.81645645e-06 
 2.18776162e+01  4.76969743e-06 
 2.23872114e+01  4.72339378e-06 
 2.29086765e+01  4.67754104e-06 
 2.34422882e+01  4.63213481e-06 
 2.39883292e+01  4.58717073e-06 
 2.45470892e+01  4.54264446e-06 
 2.51188643e+01  4.49855173e-06 
 2.57039578e+01  4.45488831e-06 
 2.63026799e+01  4.41164999e-06 
 2.69153480e+01  4.36883261e-06 
 2.75422870e+01  4.32643207e-06 
 2.81838293e+01  4.28444430e-06 
 2.88403150e+01  4.24286524e-06 
 2.95120923e+01  4.20169093e-06 
 3.01995172e+01  4.16091738e-06 
 3.09029543e+01  4.12054070e-06 
 3.16227766e+01  4.08055700e-06 
 3.23593657e+01  4.04096245e-06 
 3.31131121e+01  4.00175324e-06 
 3.38844156e+01  3.96292560e-06 
 3.46736850e+01  3.92447581e-06 
 3.54813389e+01  3.88640018e-06 
 3.63078055e+01  3.84869505e-06 
 3.71535229e+01  3.81135681e-06 
 3.80189396e+01  3.77438187e-06 
 3.89045145e+01  3.73776668e-06 
 3.98107171e+01  3.70150773e-06 
 4.07380278e+01  3.66560154e-06 
 4.16869383e+01  3.63004466e-06 
 4.26579519e+01  3.59483369e-06 
 4.36515832e+01  3.55996525e-06 
 4.46683592e+01  3.52543598e-06 
 4.57088190e+01  3.49124259e-06 
 4.67735141e+01  3.45738180e-06 
 4.78630092e+01  3.42385034e-06 
 4.89778819e+01  3.39064502e-06 
 5.01187234e+01  3.35776264e-06 
 5.12861384e+01  3.32520006e-06 
 5.24807460e+01  3.29295415e-06 
 5.37031796e+01  3.26102182e-06 
 5.49540874e+01  3.22940002e-06 
 5.62341325e+01  3.19808570e-06 
 5.75439937e+01  3.16707588e-06 
 5.88843655e+01  3.13636758e-06 
 6.02559586e+01  3.10595785e-06 
 6.16595002e+01  3.07584379e-06 
 6.30957344e+01  3.04602251e-06 
 6.45654229e+01  3.01649115e-06 
 6.60693448e+01  2.98724689e-06 
 6.76082975e+01  2.95828692e-06 
 6.91830971e+01  2.92960847e-06 
 7.07945784e+01  2.90120880e-06 
 7.24435960e+01  2.87308518e-06 
 7.41310241e+01  2.84523492e-06 
 7.58577575e+01  2.81765537e-06 
 7.76247117e+01  2.79034387e-06 
 7.94328235e+01  2.76329781e-06 
 8.12830516e+01  2.73651461e-06 
 8.31763771e+01  2.70999169e-06 
 8.51138038e+01  2.68372654e-06 
 8.70963590e+01  2.65771662e-06 
 8.91250938e+01  2.63195945e-06 
 9.12010839e+01  2.60645257e-06 
 9.33254301e+01  2.58119354e-06 
 9.54992586e+01  2.55617994e-06 
 9.77237221e+01  2.53140938e-06 
 1.00000000e+02  2.50687949e-06 
 1.02329299e+02  2.48258793e-06 
 1.04712855e+02  2.45853236e-06 
 1.07151931e+02  2.43471050e-06 
 1.09647820e+02  2.41112005e-06 
 1.12201845e+02  2.38775878e-06 
 1.14815362e+02  2.36462444e-06 
 1.17489755e+02  2.34171483e-06 
 1.20226443e+02  2.31902775e-06 
 1.23026877e+02  2.29656103e-06 
 1.25892541e+02  2.27431253e-06 
 1.28824955e+02  2.25228013e-06 
 1.31825674e+02  2.23046171e-06 
 1.34896288e+02  2.20885520e-06 
 1.38038426e+02  2.18745852e-06 
 1.41253754e+02  2.16626963e-06 
 1.44543977e+02  2.14528652e-06 
 1.47910839e+02  2.12450717e-06 
 1.51356125e+02  2.10392961e-06 
 1.54881662e+02  2.08355186e-06 
 1.58489319e+02  2.06337198e-06 
 1.62181010e+02  2.04338804e-06 
 1.65958691e+02  2.02359813e-06 
 1.69824365e+02  2.00400038e-06 
 1.73780083e+02  1.98459289e-06 
 1.77827941e+02  1.96537383e-06 
 1.81970086e+02  1.94634136e-06 
 1.86208714e+02  1.92749365e-06 
 1.90546072e+02  1.90882892e-06 
 1.94984460e+02  1.89034538e-06 
 1.99526231e+02  1.87204126e-06 
 2.04173794e+02  1.85391483e-06 
 2.08929613e+02  1.83596434e-06 
 2.13796209e+02  1.81818809e-06 
 2.18776162e+02  1.80058439e-06 
 2.23872114e+02  1.78315154e-06 
 2.29086765e+02  1.76588790e-06 
 2.34422882e+02  1.74879181e-06 
 2.39883292e+02  1.73186164e-06 
 2.45470892e+02  1.71509578e-06 
 2.51188643e+02  1.69849262e-06 
 2.57039578e+02  1.68205060e-06 
 2.63026799e+02  1.66576813e-06 
 2.69153480e+02  1.64964366e-06 
 2.75422870e+02  1.63367567e-06 
 2.81838293e+02  1.61786262e-06 
 2.88403150e+02  1.60220301e-06 
 2.95120923e+02  1.58669535e-06 
 3.01995172e+02  1.57133815e-06 
 3.09029543e+02  1.55612996e-06 
 3.16227766e+02  1.54106932e-06 
 3.23593657e+02  1.52615480e-06 
 3.31131121e+02  1.51138498e-06 
 3.38844156e+02  1.49675845e-06 
 3.46736850e+02  1.48227382e-06 
 3.54813389e+02  1.46792971e-06 
 3.63078055e+02  1.45372475e-06 
 3.71535229e+02  1.43965759e-06 
 3.80189396e+02  1.42572688e-06 
 3.89045145e+02  1.41193131e-06 
 3.98107171e+02  1.39826956e-06 
 4.07380278e+02  1.38474032e-06 
 4.16869383e+02  1.37134231e-06 
 4.26579519e+02  1.35807425e-06 
 4.36515832e+02  1.34493488e-06 
 4.46683592e+02  1.33192295e-06 
 4.57088190e+02  1.31903722e-06 
 4.67735141e+02  1.30627646e-06 
 4.78630092e+02  1.29363946e-06 
 4.89778819e+02  1.28112502e-06 
 5.01187234e+02  1.26873194e-06 
 5.12861384e+02  1.25645904e-06 
 5.24807460e+02  1.24430517e-06 
 5.37031796e+02  1.23226915e-06 
 5.49540874e+02  1.22034984e-06 
 5.62341325e+02  1.20854612e-06 
 5.75439937e+02  1.19685685e-06 
 5.88843655e+02  1.18528094e-06 
 6.02559586e+02  1.17381726e-06 
 6.16595002e+02  1.16246474e-06 
 6.30957344e+02  1.15122229e-06 
 6.45654229e+02  1.14008885e-06 
 6.60693448e+02  1.12906335e-06 
 6.76082975e+02  1.11814475e-06 
 6.91830971e+02  1.10733201e-06 
 7.07945784e+02  1.09662410e-06 
 7.24435960e+02  1.08602000e-06 
 7.41310241e+02  1.07551871e-06 
 7.58577575e+02  1.06511922e-06 
 7.76247117e+02  1.05482055e-06 
 7.94328235e+02  1.04462171e-06 
 8.12830516e+02  1.03452175e-06 
 8.31763771e+02  1.02451969e-06 
 8.51138038e+02  1.01461459e-06 
 8.70963590e+02  1.00480551e-06 
 8.91250938e+02  9.95091512e-07 
 9.12010839e+02  9.85471674e-07 
 9.33254301e+02  9.75945084e-07 
 9.54992586e+02  9.66510834e-07 
 9.77237221e+02  9.57168030e-07 
 1.00000000e+03  9.47915783e-07 
 1.02329299e+03  9.38753214e-07 
 1.04712855e+03  9.29679454e-07 
 1.07151931e+03  9.20693639e-07 
 1.09647820e+03  9.11794917e-07 
 1.12201845e+03  9.02982442e-07 
 1.14815362e+03  8.94255376e-07 
 1.17489755e+03  8.85612893e-07 
 1.20226443e+03  8.77054169e-07 
 1.23026877e+03  8.68578393e-07 
 1.25892541e+03  8.60184760e-07 
 1.28824955e+03  8.51872473e-07 
 1.31825674e+03  8.43640742e-07 
 1.34896288e+03  8.35488787e-07 
 1.38038426e+03  8.27415832e-07 
 1.41253754e+03  8.19421112e-07 
 1.44543977e+03  8.11503867e-07 
 1.47910839e+03  8.03663347e-07 
 1.51356125e+03  7.95898807e-07 
 1.54881662e+03  7.88209509e-07 
 1.58489319e+03  7.80594725e-07 
 1.62181010e+03  7.73053731e-07 
 1.65958691e+03  7.65585811e-07 
 1.69824365e+03  7.58190258e-07 
 1.73780083e+03  7.50866370e-07 
 1.77827941e+03  7.43613450e-07 
 1.81970086e+03  7.36430812e-07 
 1.86208714e+03  7.29317774e-07 
 1.90546072e+03  7.22273661e-07 
 1.94984460e+03  7.15297804e-07 
 1.99526231e+03  7.08389542e-07 
 2.04173794e+03  7.01548221e-07 
 2.08929613e+03  6.94773189e-07 
 2.13796209e+03  6.88063806e-07 
 2.18776162e+03  6.81419435e-07 
 2.23872114e+03  6.74839445e-07 
 2.29086765e+03  6.68323213e-07 
 2.34422882e+03  6.61870121e-07 
 2.39883292e+03  6.55479557e-07 
 2.45470892e+03  6.49150914e-07 
 2.51188643e+03  6.42883593e-07 
 2.57039578e+03  6.36677000e-07 
 2.63026799e+03  6.30530546e-07 
 2.69153480e+03  6.24443649e-07 
 2.75422870e+03  6.18415731e-07 
 2.81838293e+03  6.12446221e-07 
 2.88403150e+03  6.06534553e-07 
 2.95120923e+03  6.00680167e-07 
 3.01995172e+03  5.94882508e-07 
 3.09029543e+03  5.89141027e-07 
 3.16227766e+03  5.83455179e-07 
 3.23593657e+03  5.77824425e-07 
 3.31131121e+03  5.72248233e-07 
 3.38844156e+03  5.66726073e-07 
 3.46736850e+03  5.61257423e-07 
 3.54813389e+03  5.55841764e-07 
 3.63078055e+03  5.50478583e-07 
 3.71535229e+03  5.45167372e-07 
 3.80189396e+03  5.39907628e-07 
 3.89045145e+03  5.34698852e-07 
 3.98107171e+03  5.29540552e-07 
 4.07380278e+03  5.24432238e-07 
 4.16869383e+03  5.19373427e-07 
 4.26579519e+03  5.14363640e-07 
 4.36515832e+03  5.09402401e-07 
 4.46683592e+03  5.04489242e-07 
 4.57088190e+03  4.99623697e-07 
 4.67735141e+03  4.94805305e-07 
 4.78630092e+03  4.90033610e-07 
 4.89778819e+03  4.85308160e-07 
 5.01187234e+03  4.80628507e-07 
 5.12861384e+03  4.75994210e-07 
 5.24807460e+03  4.71404828e-07 
 5.37031796e+03  4.66859927e-07 
 5.49540874e+03  4.62359078e-07 
 5.62341325e+03  4.57901853e-07 
 5.75439937e+03  4.53487832e-07 
 5.88843655e+03  4.49116596e-07 
 6.02559586e+03  4.44787731e-07 
 6.16595002e+03  4.40500828e-07 
 6.30957344e+03  4.36255482e-07 
 6.45654229e+03  4.32051289e-07 
 6.60693448e+03  4.27887853e-07 
 6.76082975e+03  4.23764779e-07 
 6.91830971e+03  4.19681678e-07 
 7.07945784e+03  4.15638162e-07 
 7.24435960e+03  4.11633849e-07 
 7.41310241e+03  4.07668361e-07 
 7.58577575e+03  4.03741323e-07 
 7.76247117e+03  3.99852361e-07 
 7.94328235e+03  3.96001110e-07 
 8.12830516e+03  3.92187204e-07 
 8.31763771e+03  3.88410282e-07 
 8.51138038e+03  3.84669988e-07 
 8.70963590e+03  3.80965967e-07 
 8.91250938e+03  3.77297869e-07 
 9.12010839e+03  3.73665348e-07 
 9.33254301e+03  3.70068059e-07 
 9.54992586e+03  3.66505663e-07 
 9.77237221e+03  3.62977822e-07 
 1.00000000e+04  3.59484203e-07 
 1.02329299e+04  3.56024475e-07 
 1.04712855e+04  3.52598312e-07 
 1.07151931e+04  3.49205389e-07 
 1.09647820e+04  3.45845386e-07 
 1.12201845e+04  3.42517985e-07 
 1.14815362e+04  3.39222871e-07 
 1.17489755e+04  3.35959732e-07 
 1.20226443e+04  3.32728261e-07 
 1.23026877e+04  3.29528151e-07 
 1.25892541e+04  3.26359101e-07 
 1.28824955e+04  3.23220810e-07 
 1.31825674e+04  3.20112983e-07 
 1.34896288e+04  3.17035324e-07 
 1.38038426e+04  3.13987544e-07 
 1.41253754e+04  3.10969354e-07 
 1.44543977e+04  3.07980469e-07 
 1.47910839e+04  3.05020606e-07 
 1.51356125e+04  3.02089486e-07 
 1.54881662e+04  2.99186832e-07 
 1.58489319e+04  2.96312369e-07 
 1.62181010e+04  2.93465826e-07 
 1.65958691e+04  2.90646934e-07 
 1.69824365e+04  2.87855426e-07 
 1.73780083e+04  2.85091039e-07 
 1.77827941e+04  2.82353512e-07 
 1.81970086e+04  2.79642585e-07 
 1.86208714e+04  2.76958003e-07 
 1.90546072e+04  2.74299512e-07 
 1.94984460e+04  2.71666861e-07 
 1.99526231e+04  2.69059802e-07 
 2.04173794e+04  2.66478087e-07 
 2.08929613e+04  2.63921473e-07 
 2.13796209e+04  2.61389719e-07 
 2.18776162e+04  2.58882585e-07 
 2.23872114e+04  2.56399835e-07 
 2.29086765e+04  2.53941233e-07 
 2.34422882e+04  2.51506549e-07 
 2.39883292e+04  2.49095552e-07 
 2.45470892e+04  2.46708013e-07 
 2.51188643e+04  2.44343709e-07 
 2.57039578e+04  2.42002415e-07 
 2.63026799e+04  2.39683910e-07 
 2.69153480e+04  2.37387976e-07 
 2.75422870e+04  2.35114395e-07 
 2.81838293e+04  2.32862953e-07 
 2.88403150e+04  2.30633437e-07 
 2.95120923e+04  2.28425637e-07 
 3.01995172e+04  2.26239345e-07 
 3.09029543e+04  2.24074353e-07 
 3.16227766e+04  2.21930457e-07 
 3.23593657e+04  2.19807456e-07 
 3.31131121e+04  2.17705149e-07 
 3.38844156e+04  2.15623336e-07 
 3.46736850e+04  2.13561822e-07 
 3.54813389e+04  2.11520412e-07 
 3.63078055e+04  2.09498913e-07 
 3.71535229e+04  2.07497135e-07 
 3.80189396e+04  2.05514887e-07 
 3.89045145e+04  2.03551985e-07 
 3.98107171e+04  2.01608241e-07 
 4.07380278e+04  1.99683473e-07 
 4.16869383e+04  1.97777499e-07 
 4.26579519e+04  1.95890138e-07 
 4.36515832e+04  1.94021214e-07 
 4.46683592e+04  1.92170548e-07 
 4.57088190e+04  1.90337968e-07 
 4.67735141e+04  1.88523299e-07 
 4.78630092e+04  1.86726371e-07 
 4.89778819e+04  1.84947013e-07 
 5.01187234e+04  1.83185059e-07 
 5.12861384e+04  1.81440341e-07 
 5.24807460e+04  1.79712695e-07 
 5.37031796e+04  1.78001958e-07 
 5.49540874e+04  1.76307968e-07 
 5.62341325e+04  1.74630566e-07 
 5.75439937e+04  1.72969593e-07 
 5.88843655e+04  1.71324893e-07 
 6.02559586e+04  1.69696310e-07 
 6.16595002e+04  1.68083691e-07 
 6.30957344e+04  1.66486883e-07 
 6.45654229e+04  1.64905736e-07 
 6.60693448e+04  1.63340100e-07 
 6.76082975e+04  1.61789828e-07 
 6.91830971e+04  1.60254774e-07 
 7.07945784e+04  1.58734792e-07 
 7.24435960e+04  1.57229739e-07 
 7.41310241e+04  1.55739473e-07 
 7.58577575e+04  1.54263854e-07 
 7.76247117e+04  1.52802741e-07 
 7.94328235e+04  1.51355998e-07 
 8.12830516e+04  1.49923488e-07 
 8.31763771e+04  1.48505076e-07 
 8.51138038e+04  1.47100627e-07 
 8.70963590e+04  1.45710009e-07 
 8.91250938e+04  1.44333091e-07 
 9.12010839e+04  1.42969742e-07 
 9.33254301e+04  1.41619836e-07 
 9.54992586e+04  1.40283242e-07 
 9.77237221e+04  1.38959837e-07 
 1.00000000e+05  1.37649494e-07 
 1.02329299e+05  1.36352090e-07 
 1.04712855e+05  1.35067503e-07 
 1.07151931e+05  1.33795611e-07 
 1.09647820e+05  1.32536294e-07 
 1.12201845e+05  1.31289433e-07 
 1.14815362e+05  1.30054911e-07 
 1.17489755e+05  1.28832611e-07 
 1.20226443e+05  1.27622418e-07 
 1.23026877e+05  1.26424217e-07 
 1.25892541e+05  1.25237895e-07 
 1.28824955e+05  1.24063340e-07 
 1.31825674e+05  1.22900441e-07 
 1.34896288e+05  1.21749089e-07 
 1.38038426e+05  1.20609174e-07 
 1.41253754e+05  1.19480589e-07 
 1.44543977e+05  1.18363228e-07 
 1.47910839e+05  1.17256984e-07 
 1.51356125e+05  1.16161753e-07 
 1.54881662e+05  1.15077432e-07 
 1.58489319e+05  1.14003919e-07 
 1.62181010e+05  1.12941111e-07 
 1.65958691e+05  1.11888908e-07 
 1.69824365e+05  1.10847212e-07 
 1.73780083e+05  1.09815923e-07 
 1.77827941e+05  1.08794943e-07 
 1.81970086e+05  1.07784177e-07 
 1.86208714e+05  1.06783529e-07 
 1.90546072e+05  1.05792903e-07 
 1.94984460e+05  1.04812207e-07 
 1.99526231e+05  1.03841348e-07 
 2.04173794e+05  1.02880233e-07 
 2.08929613e+05  1.01928772e-07 
 2.13796209e+05  1.00986875e-07 
 2.18776162e+05  1.00054452e-07 
 2.23872114e+05  9.91314157e-08 
 2.29086765e+05  9.82176780e-08 
 2.34422882e+05  9.73131525e-08 
 2.39883292e+05  9.64177535e-08 
 2.45470892e+05  9.55313962e-08 
 2.51188643e+05  9.46539966e-08 
 2.57039578e+05  9.37854715e-08 
 2.63026799e+05  9.29257386e-08 
 2.69153480e+05  9.20747162e-08 
 2.75422870e+05  9.12323237e-08 
 2.81838293e+05  9.03984810e-08 
 2.88403150e+05  8.95731092e-08 
 2.95120923e+05  8.87561297e-08 
 3.01995172e+05  8.79474650e-08 
 3.09029543e+05  8.71470382e-08 
 3.16227766e+05  8.63547734e-08 
 3.23593657e+05  8.55705951e-08 
 3.31131121e+05  8.47944288e-08 
 3.38844156e+05  8.40262006e-08 
 3.46736850e+05  8.32658375e-08 
 3.54813389e+05  8.25132670e-08 
 3.63078055e+05  8.17684174e-08 
 3.71535229e+05  8.10312179e-08 
 3.80189396e+05  8.03015980e-08 
 3.89045145e+05  7.95794883e-08 
 3.98107171e+05  7.88648198e-08 
 4.07380278e+05  7.81575243e-08 
 4.16869383e+05  7.74575343e-08 
 4.26579519e+05  7.67647829e-08 
 4.36515832e+05  7.60792037e-08 
 4.46683592e+05  7.54007314e-08 
 4.57088190e+05  7.47293009e-08 
 4.67735141e+05  7.40648479e-08 
 4.78630092e+05  7.34073088e-08 
 4.89778819e+05  7.27566204e-08 
 5.01187234e+05  7.21127205e-08 
 5.12861384e+05  7.14755471e-08 
 5.24807460e+05  7.08450390e-08 
 5.37031796e+05  7.02211356e-08 
 5.49540874e+05  6.96037769e-08 
 5.62341325e+05  6.89929034e-08 
 5.75439937e+05  6.83884563e-08 
 5.88843655e+05  6.77903772e-08 
 6.02559586e+05  6.71986085e-08 
 6.16595002e+05  6.66130928e-08 
 6.30957344e+05  6.60337737e-08 
 6.45654229e+05  6.54605950e-08 
 6.60693448e+05  6.48935012e-08 
 6.76082975e+05  6.43324373e-08 
 6.91830971e+05  6.37773487e-08 
 7.07945784e+05  6.32281817e-08 
 7.24435960e+05  6.26848826e-08 
 7.41310241e+05  6.21473986e-08 
 7.58577575e+05  6.16156773e-08 
 7.76247117e+05  6.10896667e-08 
 7.94328235e+05  6.05693155e-08 
 8.12830516e+05  6.00545725e-08 
 8.31763771e+05  5.95453875e-08 
 8.51138038e+05  5.90417104e-08 
 8.70963590e+05  5.85434916e-08 
 8.91250938e+05  5.80506822e-08 
 9.12010839e+05  5.75632336e-08 
 9.33254301e+05  5.70810975e-08 
 9.54992586e+05  5.66042263e-08 
 9.77237221e+05  5.61325728e-08 
 1.00000000e+06  5.56660901e-08 
 1.02329299e+06  5.52047318e-08 
 1.04712855e+06  5.47484521e-08 
 1.07151931e+06  5.42972053e-08 
 1.09647820e+06  5.38509464e-08 
 1.12201845e+06  5.34096306e-08 
 1.14815362e+06  5.29732136e-08 
 1.17489755e+06  5.25416515e-08 
 1.20226443e+06  5.21149009e-08 
 1.23026877e+06  5.16929186e-08 
 1.25892541e+06  5.12756619e-08 
 1.28824955e+06  5.08630883e-08 
 1.31825674e+06  5.04551560e-08 
 1.34896288e+06  5.00518234e-08 
 1.38038426e+06  4.96530491e-08 
 1.41253754e+06  4.92587923e-08 
 1.44543977e+06  4.88690125e-08 
 1.47910839e+06  4.84836695e-08 
 1.51356125e+06  4.81027235e-08 
 1.54881662e+06  4.77261350e-08 
 1.58489319e+06  4.73538648e-08 
 1.62181010e+06  4.69858741e-08 
 1.65958691e+06  4.66221244e-08 
 1.69824365e+06  4.62625776e-08 
 1.73780083e+06  4.59071958e-08 
 1.77827941e+06  4.55559415e-08 
 1.81970086e+06  4.52087773e-08 
 1.86208714e+06  4.48656665e-08 
 1.90546072e+06  4.45265724e-08 
 1.94984460e+06  4.41914587e-08 
 1.99526231e+06  4.38602893e-08 
 2.04173794e+06  4.35330285e-08 
 2.08929613e+06  4.32096409e-08 
 2.13796209e+06  4.28900912e-08 
 2.18776162e+06  4.25743445e-08 
 2.23872114e+06  4.22623663e-08 
 2.29086765e+06  4.19541222e-08 
 2.34422882e+06  4.16495780e-08 
 2.39883292e+06  4.13487000e-08 
 2.45470892e+06  4.10514545e-08 
 2.51188643e+06  4.07578083e-08 
 2.57039578e+06  4.04677283e-08 
 2.63026799e+06  4.01811816e-08 
 2.69153480e+06  3.98981356e-08 
 2.75422870e+06  3.96185581e-08 
 2.81838293e+06  3.93424169e-08 
 2.88403150e+06  3.90696801e-08 
 2.95120923e+06  3.88003161e-08 
 3.01995172e+06  3.85342934e-08 
 3.09029543e+06  3.82715810e-08 
 3.16227766e+06  3.80121477e-08 
 3.23593657e+06  3.77559629e-08 
 3.31131121e+06  3.75029961e-08 
 3.38844156e+06  3.72532168e-08 
 3.46736850e+06  3.70065949e-08 
 3.54813389e+06  3.67631007e-08 
 3.63078055e+06  3.65227043e-08 
 3.71535229e+06  3.62853762e-08 
 3.80189396e+06  3.60510871e-08 
 3.89045145e+06  3.58198081e-08 
 3.98107171e+06  3.55915100e-08 
 4.07380278e+06  3.53661642e-08 
 4.16869383e+06  3.51437422e-08 
 4.26579519e+06  3.49242157e-08 
 4.36515832e+06  3.47075564e-08 
 4.46683592e+06  3.44937364e-08 
 4.57088190e+06  3.42827280e-08 
 4.67735141e+06  3.40745035e-08 
 4.78630092e+06  3.38690356e-08 
 4.89778819e+06  3.36662969e-08 
 5.01187234e+06  3.34662604e-08 
 5.12861384e+06  3.32688993e-08 
 5.24807460e+06  3.30741868e-08 
 5.37031796e+06  3.28820963e-08 
 5.49540874e+06  3.26926016e-08 
 5.62341325e+06  3.25056764e-08 
 5.75439937e+06  3.23212947e-08 
 5.88843655e+06  3.21394306e-08 
 6.02559586e+06  3.19600586e-08 
 6.16595002e+06  3.17831530e-08 
 6.30957344e+06  3.16086885e-08 
 6.45654229e+06  3.14366401e-08 
 6.60693448e+06  3.12669826e-08 
 6.76082975e+06  3.10996912e-08 
 6.91830971e+06  3.09347413e-08 
 7.07945784e+06  3.07721084e-08 
 7.24435960e+06  3.06117682e-08 
 7.41310241e+06  3.04536965e-08 
 7.58577575e+06  3.02978694e-08 
 7.76247117e+06  3.01442630e-08 
 7.94328235e+06  2.99928537e-08 
 8.12830516e+06  2.98436180e-08 
 8.31763771e+06  2.96965326e-08 
 8.51138038e+06  2.95515745e-08 
 8.70963590e+06  2.94087206e-08 
 8.91250938e+06  2.92679483e-08 
 9.12010839e+06  2.91292348e-08 
 9.33254301e+06  2.89925579e-08 
 9.54992586e+06  2.88578953e-08 
 9.77237221e+06  2.87252249e-08 
 1.00000000e+07  2.85945249e-08 
 1.02329299e+07  2.84657736e-08 
 1.04712855e+07  2.83389495e-08 
 1.07151931e+07  2.82140314e-08 
 1.09647820e+07  2.80909981e-08 
 1.12201845e+07  2.79698287e-08 
 1.14815362e+07  2.78505025e-08 
 1.17489755e+07  2.77329989e-08 
 1.20226443e+07  2.76172978e-08 
 1.23026877e+07  2.75033790e-08 
 1.25892541e+07  2.73912226e-08 
 1.28824955e+07  2.72808089e-08 
 1.31825674e+07  2.71721184e-08 
 1.34896288e+07  2.70651320e-08 
 1.38038426e+07  2.69598306e-08 
 1.41253754e+07  2.68561953e-08 
 1.44543977e+07  2.67542077e-08 
 1.47910839e+07  2.66538494e-08 
 1.51356125e+07  2.65551024e-08 
 1.54881662e+07  2.64579487e-08 
 1.58489319e+07  2.63623709e-08 
 1.62181010e+07  2.62683515e-08 
 1.65958691e+07  2.61758735e-08 
 1.69824365e+07  2.60849201e-08 
 1.73780083e+07  2.59954747e-08 
 1.77827941e+07  2.59075211e-08 
 1.81970086e+07  2.58210433e-08 
 1.86208714e+07  2.57360256e-08 
 1.90546072e+07  2.56524527e-08 
 1.94984460e+07  2.55703094e-08 
 1.99526231e+07  2.54895810e-08 
 2.04173794e+07  2.54102530e-08 
 2.08929613e+07  2.53323112e-08 
 2.13796209e+07  2.52557420e-08 
 2.18776162e+07  2.51805318e-08 
 2.23872114e+07  2.51066675e-08 
 2.29086765e+07  2.50341365e-08 
 2.34422882e+07  2.49629264e-08 
 2.39883292e+07  2.48930252e-08 
 2.45470892e+07  2.48244214e-08 
 2.51188643e+07  2.47571037e-08 
 2.57039578e+07  2.46910615e-08 
 2.63026799e+07  2.46262844e-08 
 2.69153480e+07  2.45627627e-08 
 2.75422870e+07  2.45004869e-08 
 2.81838293e+07  2.44394482e-08 
 2.88403150e+07  2.43796379e-08 
 2.95120923e+07  2.43210484e-08 
 3.01995172e+07  2.42636721e-08 
 3.09029543e+07  2.42075022e-08 
 3.16227766e+07  2.41525325e-08 
 3.23593657e+07  2.40987572e-08 
 3.31131121e+07  2.40461714e-08 
 3.38844156e+07  2.39947705e-08 
 3.46736850e+07  2.39445507e-08 
 3.54813389e+07  2.38955089e-08 
 3.63078055e+07  2.38476426e-08 
 3.71535229e+07  2.38009501e-08 
 3.80189396e+07  2.37554307e-08 
 3.89045145e+07  2.37110841e-08 
 3.98107171e+07  2.36679111e-08 
 4.07380278e+07  2.36259131e-08 
 4.16869383e+07  2.35850927e-08 
 4.26579519e+07  2.35454530e-08 
 4.36515832e+07  2.35069985e-08 
 4.46683592e+07  2.34697341e-08 
 4.57088190e+07  2.34336673e-08 
 4.67735141e+07  2.33988049e-08 
 4.78630092e+07  2.33651558e-08 
 4.89778819e+07  2.33327299e-08 
 5.01187234e+07  2.33015382e-08 
 5.12861384e+07  2.32715936e-08 
 5.24807460e+07  2.32429098e-08 
 5.37031796e+07  2.32155022e-08 
 5.49540874e+07  2.31893877e-08 
 5.62341325e+07  2.31645849e-08 
 5.75439937e+07  2.31411138e-08 
 5.88843655e+07  2.31189971e-08 
 6.02559586e+07  2.30982585e-08 
 6.16595002e+07  2.30789236e-08 
 6.30957344e+07  2.30610207e-08 
 6.45654229e+07  2.30445799e-08 
 6.60693448e+07  2.30296338e-08 
 6.76082975e+07  2.30162172e-08 
 6.91830971e+07  2.30043679e-08 
 7.07945784e+07  2.29941251e-08 
 7.24435960e+07  2.29855339e-08 
 7.41310241e+07  2.29786395e-08 
 7.58577575e+07  2.29734914e-08 
 7.76247117e+07  2.29701423e-08 
 7.94328235e+07  2.29686490e-08 
 8.12830516e+07  2.29690718e-08 
 8.31763771e+07  2.29714745e-08 
 8.51138038e+07  2.29759265e-08 
 8.70963590e+07  2.29825009e-08 
 8.91250938e+07  2.29912760e-08 
 9.12010839e+07  2.30023348e-08 
 9.33254301e+07  2.30157663e-08 
 9.54992586e+07  2.30316648e-08 
 9.77237221e+07  2.30501317e-08 
 1.00000000e+08  2.30712741e-08 
 1.02329299e+08  2.30952068e-08 
 1.04712855e+08  2.31220509e-08 
 1.07151931e+08  2.31519377e-08 
 1.09647820e+08  2.31850050e-08 
 1.12201845e+08  2.32213997e-08 
 1.14815362e+08  2.32612810e-08 
 1.17489755e+08  2.33048152e-08 
 1.20226443e+08  2.33521809e-08 
 1.23026877e+08  2.34035688e-08 
 1.25892541e+08  2.34591818e-08 
 1.28824955e+08  2.35192364e-08 
 1.31825674e+08  2.35839626e-08 
 1.34896288e+08  2.36536063e-08 
 1.38038426e+08  2.37284297e-08 
 1.41253754e+08  2.38087113e-08 
 1.44543977e+08  2.38947508e-08 
 1.47910839e+08  2.39868629e-08 
 1.51356125e+08  2.40853889e-08 
 1.54881662e+08  2.41906879e-08 
 1.58489319e+08  2.43031433e-08 
 1.62181010e+08  2.44231645e-08 
 1.65958691e+08  2.45511863e-08 
 1.69824365e+08  2.46876737e-08 
 1.73780083e+08  2.48331191e-08 
 1.77827941e+08  2.49880456e-08 
 1.81970086e+08  2.51530092e-08 
 1.86208714e+08  2.53285981e-08 
 1.90546072e+08  2.55154414e-08 
 1.94984460e+08  2.57141984e-08 
 1.99526231e+08  2.59255691e-08 
 2.04173794e+08  2.61502863e-08 
 2.08929613e+08  2.63891264e-08 
 2.13796209e+08  2.66429040e-08 
 2.18776162e+08  2.69124616e-08 
 2.23872114e+08  2.71986871e-08 
 2.29086765e+08  2.75024995e-08 
 2.34422882e+08  2.78248379e-08 
 2.39883292e+08  2.81666693e-08 
 2.45470892e+08  2.85289767e-08 
 2.51188643e+08  2.89127457e-08 
 2.57039578e+08  2.93189589e-08 
 2.63026799e+08  2.97485678e-08 
 2.69153480e+08  3.02024891e-08 
 2.75422870e+08  3.06815766e-08 
 2.81838293e+08  3.11865739e-08 
 2.88403150e+08  3.17181162e-08 
 2.95120923e+08  3.22766601e-08 
 3.01995172e+08  3.28624590e-08 
 3.09029543e+08  3.34754863e-08 
 3.16227766e+08  3.41154154e-08 
 3.23593657e+08  3.47815228e-08 
 3.31131121e+08  3.54726218e-08 
 3.38844156e+08  3.61870373e-08 
 3.46736850e+08  3.69224783e-08 
 3.54813389e+08  3.76760264e-08 
 3.63078055e+08  3.84440398e-08 
 3.71535229e+08  3.92221830e-08 
 3.80189396e+08  4.00053495e-08 
 3.89045145e+08  4.07877490e-08 
 3.98107171e+08  4.15629218e-08 
 4.07380278e+08  4.23238997e-08 
 4.16869383e+08  4.30633404e-08 
 4.26579519e+08  4.37737238e-08 
 4.36515832e+08  4.44476386e-08 
 4.46683592e+08  4.50780278e-08 
 4.57088190e+08  4.56584752e-08 
 4.67735141e+08  4.61835123e-08 
 4.78630092e+08  4.66488331e-08 
 4.89778819e+08  4.70514779e-08 
 5.01187234e+08  4.73899815e-08 
 5.12861384e+08  4.76643617e-08 
 5.24807460e+08  4.78761090e-08 
 5.37031796e+08  4.80280536e-08 
 5.49540874e+08  4.81241593e-08 
 5.62341325e+08  4.81693395e-08 
 5.75439937e+08  4.81691806e-08 
 5.88843655e+08  4.81297169e-08 
 6.02559586e+08  4.80571908e-08 
 6.16595002e+08  4.79578410e-08 
 6.30957344e+08  4.78377510e-08 
 6.45654229e+08  4.77027096e-08 
 6.60693448e+08  4.75581117e-08 
 6.76082975e+08  4.74089094e-08 
 6.91830971e+08  4.72595648e-08 
 7.07945784e+08  4.71140586e-08 
 7.24435960e+08  4.69758856e-08 
 7.41310241e+08  4.68480856e-08 
 7.58577575e+08  4.67332678e-08 
 7.76247117e+08  4.66336607e-08 
 7.94328235e+08  4.65511397e-08 
 8.12830516e+08  4.64872715e-08 
 8.31763771e+08  4.64433535e-08 
 8.51138038e+08  4.64204461e-08 
 8.70963590e+08  4.64194084e-08 
 8.91250938e+08  4.64409327e-08 
 9.12010839e+08  4.64855638e-08 
 9.33254301e+08  4.65537286e-08 
 9.54992586e+08  4.66457549e-08 
 9.77237221e+08  4.67618854e-08 
 1.00000000e+09  4.69023034e-08 
