 1.00000000e+00  1.76837897e-05 
 1.02329299e+00  1.75112376e-05 
 1.04712855e+00  1.73403772e-05 
 1.07151931e+00  1.71711918e-05 
 1.09647820e+00  1.70036648e-05 
 1.12201845e+00  1.68377799e-05 
 1.14815362e+00  1.66735209e-05 
 1.17489755e+00  1.65108719e-05 
 1.20226443e+00  1.63498168e-05 
 1.23026877e+00  1.61903400e-05 
 1.25892541e+00  1.60324259e-05 
 1.28824955e+00  1.58760592e-05 
 1.31825674e+00  1.57212245e-05 
 1.34896288e+00  1.55679068e-05 
 1.38038426e+00  1.54160912e-05 
 1.41253754e+00  1.52657627e-05 
 1.44543977e+00  1.51169068e-05 
 1.47910839e+00  1.49695090e-05 
 1.51356125e+00  1.48235548e-05 
 1.54881662e+00  1.46790301e-05 
 1.58489319e+00  1.45359208e-05 
 1.62181010e+00  1.43942129e-05 
 1.65958691e+00  1.42538926e-05 
 1.69824365e+00  1.41149463e-05 
 1.73780083e+00  1.39773605e-05 
 1.77827941e+00  1.38411217e-05 
 1.81970086e+00  1.37062167e-05 
 1.86208714e+00  1.35726323e-05 
 1.90546072e+00  1.34403555e-05 
 1.94984460e+00  1.33093735e-05 
 1.99526231e+00  1.31796735e-05 
 2.04173794e+00  1.30512430e-05 
 2.08929613e+00  1.29240693e-05 
 2.13796209e+00  1.27981402e-05 
 2.18776162e+00  1.26734434e-05 
 2.23872114e+00  1.25499667e-05 
 2.29086765e+00  1.24276982e-05 
 2.34422882e+00  1.23066259e-05 
 2.39883292e+00  1.21867382e-05 
 2.45470892e+00  1.20680233e-05 
 2.51188643e+00  1.19504697e-05 
 2.57039578e+00  1.18340660e-05 
 2.63026799e+00  1.17188009e-05 
 2.69153480e+00  1.16046631e-05 
 2.75422870e+00  1.14916417e-05 
 2.81838293e+00  1.13797256e-05 
 2.88403150e+00  1.12689039e-05 
 2.95120923e+00  1.11591659e-05 
 3.01995172e+00  1.10505009e-05 
 3.09029543e+00  1.09428984e-05 
 3.16227766e+00  1.08363480e-05 
 3.23593657e+00  1.07308393e-05 
 3.31131121e+00  1.06263620e-05 
 3.38844156e+00  1.05229060e-05 
 3.46736850e+00  1.04204614e-05 
 3.54813389e+00  1.03190181e-05 
 3.63078055e+00  1.02185662e-05 
 3.71535229e+00  1.01190962e-05 
 3.80189396e+00  1.00205983e-05 
 3.89045145e+00  9.92306294e-06 
 3.98107171e+00  9.82648071e-06 
 4.07380278e+00  9.73084223e-06 
 4.16869383e+00  9.63613824e-06 
 4.26579519e+00  9.54235956e-06 
 4.36515832e+00  9.44949710e-06 
 4.46683592e+00  9.35754185e-06 
 4.57088190e+00  9.26648493e-06 
 4.67735141e+00  9.17631749e-06 
 4.78630092e+00  9.08703082e-06 
 4.89778819e+00  8.99861626e-06 
 5.01187234e+00  8.91106526e-06 
 5.12861384e+00  8.82436932e-06 
 5.24807460e+00  8.73852008e-06 
 5.37031796e+00  8.65350920e-06 
 5.49540874e+00  8.56932847e-06 
 5.62341325e+00  8.48596973e-06 
 5.75439937e+00  8.40342493e-06 
 5.88843655e+00  8.32168607e-06 
 6.02559586e+00  8.24074525e-06 
 6.16595002e+00  8.16059463e-06 
 6.30957344e+00  8.08122647e-06 
 6.45654229e+00  8.00263309e-06 
 6.60693448e+00  7.92480689e-06 
 6.76082975e+00  7.84774034e-06 
 6.91830971e+00  7.77142600e-06 
 7.07945784e+00  7.69585648e-06 
 7.24435960e+00  7.62102448e-06 
 7.41310241e+00  7.54692278e-06 
 7.58577575e+00  7.47354420e-06 
 7.76247117e+00  7.40088166e-06 
 7.94328235e+00  7.32892814e-06 
 8.12830516e+00  7.25767668e-06 
 8.31763771e+00  7.18712041e-06 
 8.51138038e+00  7.11725251e-06 
 8.70963590e+00  7.04806623e-06 
 8.91250938e+00  6.97955489e-06 
 9.12010839e+00  6.91171188e-06 
 9.33254301e+00  6.84453065e-06 
 9.54992586e+00  6.77800470e-06 
 9.77237221e+00  6.71212763e-06 
 1.00000000e+01  6.64689307e-06 
 1.02329299e+01  6.58229473e-06 
 1.04712855e+01  6.51832637e-06 
 1.07151931e+01  6.45498182e-06 
 1.09647820e+01  6.39225498e-06 
 1.12201845e+01  6.33013978e-06 
 1.14815362e+01  6.26863025e-06 
 1.17489755e+01  6.20772044e-06 
 1.20226443e+01  6.14740449e-06 
 1.23026877e+01  6.08767657e-06 
 1.25892541e+01  6.02853094e-06 
 1.28824955e+01  5.96996188e-06 
 1.31825674e+01  5.91196375e-06 
 1.34896288e+01  5.85453097e-06 
 1.38038426e+01  5.79765800e-06 
 1.41253754e+01  5.74133935e-06 
 1.44543977e+01  5.68556960e-06 
 1.47910839e+01  5.63034338e-06 
 1.51356125e+01  5.57565536e-06 
 1.54881662e+01  5.52150029e-06 
 1.58489319e+01  5.46787294e-06 
 1.62181010e+01  5.41476815e-06 
 1.65958691e+01  5.36218080e-06 
 1.69824365e+01  5.31010584e-06 
 1.73780083e+01  5.25853825e-06 
 1.77827941e+01  5.20747305e-06 
 1.81970086e+01  5.15690535e-06 
 1.86208714e+01  5.10683027e-06 
 1.90546072e+01  5.05724299e-06 
 1.94984460e+01  5.00813875e-06 
 1.99526231e+01  4.95951281e-06 
 2.04173794e+01  4.91136049e-06 
 2.08929613e+01  4.86367717e-06 
 2.13796209e+01  4.81645826e-06 
 2.18776162e+01  4.76969922e-06 
 2.23872114e+01  4.72339555e-06 
 2.29086765e+01  4.67754279e-06 
 2.34422882e+01  4.63213654e-06 
 2.39883292e+01  4.58717244e-06 
 2.45470892e+01  4.54264615e-06 
 2.51188643e+01  4.49855340e-06 
 2.57039578e+01  4.45488996e-06 
 2.63026799e+01  4.41165162e-06 
 2.69153480e+01  4.36883422e-06 
 2.75422870e+01  4.32643367e-06 
 2.81838293e+01  4.28444587e-06 
 2.88403150e+01  4.24286680e-06 
 2.95120923e+01  4.20169247e-06 
 3.01995172e+01  4.16091891e-06 
 3.09029543e+01  4.12054221e-06 
 3.16227766e+01  4.08055849e-06 
 3.23593657e+01  4.04096392e-06 
 3.31131121e+01  4.00175469e-06 
 3.38844156e+01  3.96292704e-06 
 3.46736850e+01  3.92447723e-06 
 3.54813389e+01  3.88640158e-06 
 3.63078055e+01  3.84869644e-06 
 3.71535229e+01  3.81135818e-06 
 3.80189396e+01  3.77438322e-06 
 3.89045145e+01  3.73776802e-06 
 3.98107171e+01  3.70150905e-06 
 4.07380278e+01  3.66560285e-06 
 4.16869383e+01  3.63004596e-06 
 4.26579519e+01  3.59483497e-06 
 4.36515832e+01  3.55996651e-06 
 4.46683592e+01  3.52543724e-06 
 4.57088190e+01  3.49124383e-06 
 4.67735141e+01  3.45738302e-06 
 4.78630092e+01  3.42385155e-06 
 4.89778819e+01  3.39064621e-06 
 5.01187234e+01  3.35776382e-06 
 5.12861384e+01  3.32520123e-06 
 5.24807460e+01  3.29295530e-06 
 5.37031796e+01  3.26102296e-06 
 5.49540874e+01  3.22940115e-06 
 5.62341325e+01  3.19808682e-06 
 5.75439937e+01  3.16707698e-06 
 5.88843655e+01  3.13636867e-06 
 6.02559586e+01  3.10595893e-06 
 6.16595002e+01  3.07584486e-06 
 6.30957344e+01  3.04602356e-06 
 6.45654229e+01  3.01649219e-06 
 6.60693448e+01  2.98724792e-06 
 6.76082975e+01  2.95828794e-06 
 6.91830971e+01  2.92960948e-06 
 7.07945784e+01  2.90120979e-06 
 7.24435960e+01  2.87308616e-06 
 7.41310241e+01  2.84523590e-06 
 7.58577575e+01  2.81765633e-06 
 7.76247117e+01  2.79034482e-06 
 7.94328235e+01  2.76329875e-06 
 8.12830516e+01  2.73651554e-06 
 8.31763771e+01  2.70999261e-06 
 8.51138038e+01  2.68372745e-06 
 8.70963590e+01  2.65771752e-06 
 8.91250938e+01  2.63196034e-06 
 9.12010839e+01  2.60645345e-06 
 9.33254301e+01  2.58119441e-06 
 9.54992586e+01  2.55618080e-06 
 9.77237221e+01  2.53141023e-06 
 1.00000000e+02  2.50688033e-06 
 1.02329299e+02  2.48258876e-06 
 1.04712855e+02  2.45853318e-06 
 1.07151931e+02  2.43471131e-06 
 1.09647820e+02  2.41112086e-06 
 1.12201845e+02  2.38775958e-06 
 1.14815362e+02  2.36462523e-06 
 1.17489755e+02  2.34171561e-06 
 1.20226443e+02  2.31902852e-06 
 1.23026877e+02  2.29656179e-06 
 1.25892541e+02  2.27431329e-06 
 1.28824955e+02  2.25228087e-06 
 1.31825674e+02  2.23046245e-06 
 1.34896288e+02  2.20885592e-06 
 1.38038426e+02  2.18745924e-06 
 1.41253754e+02  2.16627035e-06 
 1.44543977e+02  2.14528722e-06 
 1.47910839e+02  2.12450787e-06 
 1.51356125e+02  2.10393029e-06 
 1.54881662e+02  2.08355254e-06 
 1.58489319e+02  2.06337265e-06 
 1.62181010e+02  2.04338870e-06 
 1.65958691e+02  2.02359879e-06 
 1.69824365e+02  2.00400103e-06 
 1.73780083e+02  1.98459354e-06 
 1.77827941e+02  1.96537447e-06 
 1.81970086e+02  1.94634199e-06 
 1.86208714e+02  1.92749428e-06 
 1.90546072e+02  1.90882954e-06 
 1.94984460e+02  1.89034599e-06 
 1.99526231e+02  1.87204186e-06 
 2.04173794e+02  1.85391542e-06 
 2.08929613e+02  1.83596493e-06 
 2.13796209e+02  1.81818868e-06 
 2.18776162e+02  1.80058496e-06 
 2.23872114e+02  1.78315211e-06 
 2.29086765e+02  1.76588846e-06 
 2.34422882e+02  1.74879236e-06 
 2.39883292e+02  1.73186219e-06 
 2.45470892e+02  1.71509632e-06 
 2.51188643e+02  1.69849316e-06 
 2.57039578e+02  1.68205113e-06 
 2.63026799e+02  1.66576866e-06 
 2.69153480e+02  1.64964419e-06 
 2.75422870e+02  1.63367619e-06 
 2.81838293e+02  1.61786313e-06 
 2.88403150e+02  1.60220352e-06 
 2.95120923e+02  1.58669585e-06 
 3.01995172e+02  1.57133864e-06 
 3.09029543e+02  1.55613045e-06 
 3.16227766e+02  1.54106980e-06 
 3.23593657e+02  1.52615528e-06 
 3.31131121e+02  1.51138546e-06 
 3.38844156e+02  1.49675892e-06 
 3.46736850e+02  1.48227429e-06 
 3.54813389e+02  1.46793017e-06 
 3.63078055e+02  1.45372521e-06 
 3.71535229e+02  1.43965804e-06 
 3.80189396e+02  1.42572733e-06 
 3.89045145e+02  1.41193175e-06 
 3.98107171e+02  1.39826999e-06 
 4.07380278e+02  1.38474075e-06 
 4.16869383e+02  1.37134273e-06 
 4.26579519e+02  1.35807467e-06 
 4.36515832e+02  1.34493530e-06 
 4.46683592e+02  1.33192337e-06 
 4.57088190e+02  1.31903763e-06 
 4.67735141e+02  1.30627687e-06 
 4.78630092e+02  1.29363986e-06 
 4.89778819e+02  1.28112542e-06 
 5.01187234e+02  1.26873233e-06 
 5.12861384e+02  1.25645943e-06 
 5.24807460e+02  1.24430555e-06 
 5.37031796e+02  1.23226953e-06 
 5.49540874e+02  1.22035022e-06 
 5.62341325e+02  1.20854649e-06 
 5.75439937e+02  1.19685722e-06 
 5.88843655e+02  1.18528130e-06 
 6.02559586e+02  1.17381762e-06 
 6.16595002e+02  1.16246510e-06 
 6.30957344e+02  1.15122265e-06 
 6.45654229e+02  1.14008920e-06 
 6.60693448e+02  1.12906370e-06 
 6.76082975e+02  1.11814510e-06 
 6.91830971e+02  1.10733235e-06 
 7.07945784e+02  1.09662444e-06 
 7.24435960e+02  1.08602033e-06 
 7.41310241e+02  1.07551904e-06 
 7.58577575e+02  1.06511955e-06 
 7.76247117e+02  1.05482087e-06 
 7.94328235e+02  1.04462203e-06 
 8.12830516e+02  1.03452207e-06 
 8.31763771e+02  1.02452001e-06 
 8.51138038e+02  1.01461491e-06 
 8.70963590e+02  1.00480582e-06 
 8.91250938e+02  9.95091818e-07 
 9.12010839e+02  9.85471978e-07 
 9.33254301e+02  9.75945384e-07 
 9.54992586e+02  9.66511132e-07 
 9.77237221e+02  9.57168325e-07 
 1.00000000e+03  9.47916075e-07 
 1.02329299e+03  9.38753504e-07 
 1.04712855e+03  9.29679740e-07 
 1.07151931e+03  9.20693923e-07 
 1.09647820e+03  9.11795198e-07 
 1.12201845e+03  9.02982720e-07 
 1.14815362e+03  8.94255652e-07 
 1.17489755e+03  8.85613166e-07 
 1.20226443e+03  8.77054440e-07 
 1.23026877e+03  8.68578662e-07 
 1.25892541e+03  8.60185026e-07 
 1.28824955e+03  8.51872737e-07 
 1.31825674e+03  8.43641004e-07 
 1.34896288e+03  8.35489045e-07 
 1.38038426e+03  8.27416088e-07 
 1.41253754e+03  8.19421366e-07 
 1.44543977e+03  8.11504119e-07 
 1.47910839e+03  8.03663597e-07 
 1.51356125e+03  7.95899054e-07 
 1.54881662e+03  7.88209754e-07 
 1.58489319e+03  7.80594968e-07 
 1.62181010e+03  7.73053972e-07 
 1.65958691e+03  7.65586051e-07 
 1.69824365e+03  7.58190496e-07 
 1.73780083e+03  7.50866605e-07 
 1.77827941e+03  7.43613684e-07 
 1.81970086e+03  7.36431044e-07 
 1.86208714e+03  7.29318003e-07 
 1.90546072e+03  7.22273888e-07 
 1.94984460e+03  7.15298030e-07 
 1.99526231e+03  7.08389766e-07 
 2.04173794e+03  7.01548442e-07 
 2.08929613e+03  6.94773409e-07 
 2.13796209e+03  6.88064025e-07 
 2.18776162e+03  6.81419652e-07 
 2.23872114e+03  6.74839660e-07 
 2.29086765e+03  6.68323427e-07 
 2.34422882e+03  6.61870333e-07 
 2.39883292e+03  6.55479767e-07 
 2.45470892e+03  6.49151122e-07 
 2.51188643e+03  6.42883800e-07 
 2.57039578e+03  6.36677205e-07 
 2.63026799e+03  6.30530750e-07 
 2.69153480e+03  6.24443851e-07 
 2.75422870e+03  6.18415931e-07 
 2.81838293e+03  6.12446420e-07 
 2.88403150e+03  6.06534751e-07 
 2.95120923e+03  6.00680363e-07 
 3.01995172e+03  5.94882703e-07 
 3.09029543e+03  5.89141220e-07 
 3.16227766e+03  5.83455371e-07 
 3.23593657e+03  5.77824616e-07 
 3.31131121e+03  5.72248423e-07 
 3.38844156e+03  5.66726262e-07 
 3.46736850e+03  5.61257610e-07 
 3.54813389e+03  5.55841950e-07 
 3.63078055e+03  5.50478768e-07 
 3.71535229e+03  5.45167555e-07 
 3.80189396e+03  5.39907810e-07 
 3.89045145e+03  5.34699033e-07 
 3.98107171e+03  5.29540732e-07 
 4.07380278e+03  5.24432417e-07 
 4.16869383e+03  5.19373605e-07 
 4.26579519e+03  5.14363816e-07 
 4.36515832e+03  5.09402577e-07 
 4.46683592e+03  5.04489417e-07 
 4.57088190e+03  4.99623871e-07 
 4.67735141e+03  4.94805478e-07 
 4.78630092e+03  4.90033782e-07 
 4.89778819e+03  4.85308331e-07 
 5.01187234e+03  4.80628678e-07 
 5.12861384e+03  4.75994379e-07 
 5.24807460e+03  4.71404996e-07 
 5.37031796e+03  4.66860095e-07 
 5.49540874e+03  4.62359244e-07 
 5.62341325e+03  4.57902019e-07 
 5.75439937e+03  4.53487997e-07 
 5.88843655e+03  4.49116760e-07 
 6.02559586e+03  4.44787895e-07 
 6.16595002e+03  4.40500991e-07 
 6.30957344e+03  4.36255643e-07 
 6.45654229e+03  4.32051450e-07 
 6.60693448e+03  4.27888013e-07 
 6.76082975e+03  4.23764939e-07 
 6.91830971e+03  4.19681837e-07 
 7.07945784e+03  4.15638320e-07 
 7.24435960e+03  4.11634007e-07 
 7.41310241e+03  4.07668519e-07 
 7.58577575e+03  4.03741479e-07 
 7.76247117e+03  3.99852517e-07 
 7.94328235e+03  3.96001265e-07 
 8.12830516e+03  3.92187359e-07 
 8.31763771e+03  3.88410436e-07 
 8.51138038e+03  3.84670142e-07 
 8.70963590e+03  3.80966120e-07 
 8.91250938e+03  3.77298022e-07 
 9.12010839e+03  3.73665500e-07 
 9.33254301e+03  3.70068211e-07 
 9.54992586e+03  3.66505814e-07 
 9.77237221e+03  3.62977973e-07 
 1.00000000e+04  3.59484354e-07 
 1.02329299e+04  3.56024626e-07 
 1.04712855e+04  3.52598462e-07 
 1.07151931e+04  3.49205539e-07 
 1.09647820e+04  3.45845536e-07 
 1.12201845e+04  3.42518134e-07 
 1.14815362e+04  3.39223020e-07 
 1.17489755e+04  3.35959881e-07 
 1.20226443e+04  3.32728409e-07 
 1.23026877e+04  3.29528300e-07 
 1.25892541e+04  3.26359249e-07 
 1.28824955e+04  3.23220958e-07 
 1.31825674e+04  3.20113130e-07 
 1.34896288e+04  3.17035472e-07 
 1.38038426e+04  3.13987691e-07 
 1.41253754e+04  3.10969501e-07 
 1.44543977e+04  3.07980616e-07 
 1.47910839e+04  3.05020753e-07 
 1.51356125e+04  3.02089633e-07 
 1.54881662e+04  2.99186979e-07 
 1.58489319e+04  2.96312516e-07 
 1.62181010e+04  2.93465973e-07 
 1.65958691e+04  2.90647081e-07 
 1.69824365e+04  2.87855573e-07 
 1.73780083e+04  2.85091186e-07 
 1.77827941e+04  2.82353659e-07 
 1.81970086e+04  2.79642732e-07 
 1.86208714e+04  2.76958150e-07 
 1.90546072e+04  2.74299659e-07 
 1.94984460e+04  2.71667008e-07 
 1.99526231e+04  2.69059949e-07 
 2.04173794e+04  2.66478234e-07 
 2.08929613e+04  2.63921620e-07 
 2.13796209e+04  2.61389866e-07 
 2.18776162e+04  2.58882732e-07 
 2.23872114e+04  2.56399982e-07 
 2.29086765e+04  2.53941381e-07 
 2.34422882e+04  2.51506697e-07 
 2.39883292e+04  2.49095700e-07 
 2.45470892e+04  2.46708162e-07 
 2.51188643e+04  2.44343857e-07 
 2.57039578e+04  2.42002564e-07 
 2.63026799e+04  2.39684059e-07 
 2.69153480e+04  2.37388125e-07 
 2.75422870e+04  2.35114544e-07 
 2.81838293e+04  2.32863103e-07 
 2.88403150e+04  2.30633587e-07 
 2.95120923e+04  2.28425788e-07 
 3.01995172e+04  2.26239496e-07 
 3.09029543e+04  2.24074504e-07 
 3.16227766e+04  2.21930609e-07 
 3.23593657e+04  2.19807608e-07 
 3.31131121e+04  2.17705301e-07 
 3.38844156e+04  2.15623489e-07 
 3.46736850e+04  2.13561975e-07 
 3.54813389e+04  2.11520566e-07 
 3.63078055e+04  2.09499067e-07 
 3.71535229e+04  2.07497289e-07 
 3.80189396e+04  2.05515043e-07 
 3.89045145e+04  2.03552141e-07 
 3.98107171e+04  2.01608397e-07 
 4.07380278e+04  1.99683630e-07 
 4.16869383e+04  1.97777656e-07 
 4.26579519e+04  1.95890296e-07 
 4.36515832e+04  1.94021372e-07 
 4.46683592e+04  1.92170708e-07 
 4.57088190e+04  1.90338128e-07 
 4.67735141e+04  1.88523460e-07 
 4.78630092e+04  1.86726532e-07 
 4.89778819e+04  1.84947175e-07 
 5.01187234e+04  1.83185221e-07 
 5.12861384e+04  1.81440504e-07 
 5.24807460e+04  1.79712859e-07 
 5.37031796e+04  1.78002122e-07 
 5.49540874e+04  1.76308134e-07 
 5.62341325e+04  1.74630732e-07 
 5.75439937e+04  1.72969760e-07 
 5.88843655e+04  1.71325061e-07 
 6.02559586e+04  1.69696479e-07 
 6.16595002e+04  1.68083860e-07 
 6.30957344e+04  1.66487053e-07 
 6.45654229e+04  1.64905907e-07 
 6.60693448e+04  1.63340272e-07 
 6.76082975e+04  1.61790001e-07 
 6.91830971e+04  1.60254947e-07 
 7.07945784e+04  1.58734966e-07 
 7.24435960e+04  1.57229914e-07 
 7.41310241e+04  1.55739649e-07 
 7.58577575e+04  1.54264031e-07 
 7.76247117e+04  1.52802920e-07 
 7.94328235e+04  1.51356178e-07 
 8.12830516e+04  1.49923669e-07 
 8.31763771e+04  1.48505257e-07 
 8.51138038e+04  1.47100809e-07 
 8.70963590e+04  1.45710192e-07 
 8.91250938e+04  1.44333275e-07 
 9.12010839e+04  1.42969928e-07 
 9.33254301e+04  1.41620022e-07 
 9.54992586e+04  1.40283430e-07 
 9.77237221e+04  1.38960026e-07 
 1.00000000e+05  1.37649684e-07 
 1.02329299e+05  1.36352281e-07 
 1.04712855e+05  1.35067695e-07 
 1.07151931e+05  1.33795804e-07 
 1.09647820e+05  1.32536489e-07 
 1.12201845e+05  1.31289629e-07 
 1.14815362e+05  1.30055109e-07 
 1.17489755e+05  1.28832810e-07 
 1.20226443e+05  1.27622618e-07 
 1.23026877e+05  1.26424418e-07 
 1.25892541e+05  1.25238097e-07 
 1.28824955e+05  1.24063544e-07 
 1.31825674e+05  1.22900646e-07 
 1.34896288e+05  1.21749295e-07 
 1.38038426e+05  1.20609382e-07 
 1.41253754e+05  1.19480798e-07 
 1.44543977e+05  1.18363438e-07 
 1.47910839e+05  1.17257196e-07 
 1.51356125e+05  1.16161967e-07 
 1.54881662e+05  1.15077647e-07 
 1.58489319e+05  1.14004135e-07 
 1.62181010e+05  1.12941329e-07 
 1.65958691e+05  1.11889128e-07 
 1.69824365e+05  1.10847433e-07 
 1.73780083e+05  1.09816145e-07 
 1.77827941e+05  1.08795167e-07 
 1.81970086e+05  1.07784402e-07 
 1.86208714e+05  1.06783755e-07 
 1.90546072e+05  1.05793132e-07 
 1.94984460e+05  1.04812437e-07 
 1.99526231e+05  1.03841579e-07 
 2.04173794e+05  1.02880466e-07 
 2.08929613e+05  1.01929007e-07 
 2.13796209e+05  1.00987111e-07 
 2.18776162e+05  1.00054690e-07 
 2.23872114e+05  9.91316554e-08 
 2.29086765e+05  9.82179194e-08 
 2.34422882e+05  9.73133955e-08 
 2.39883292e+05  9.64179983e-08 
 2.45470892e+05  9.55316427e-08 
 2.51188643e+05  9.46542448e-08 
 2.57039578e+05  9.37857214e-08 
 2.63026799e+05  9.29259902e-08 
 2.69153480e+05  9.20749696e-08 
 2.75422870e+05  9.12325788e-08 
 2.81838293e+05  9.03987380e-08 
 2.88403150e+05  8.95733679e-08 
 2.95120923e+05  8.87563902e-08 
 3.01995172e+05  8.79477273e-08 
 3.09029543e+05  8.71473024e-08 
 3.16227766e+05  8.63550394e-08 
 3.23593657e+05  8.55708629e-08 
 3.31131121e+05  8.47946984e-08 
 3.38844156e+05  8.40264721e-08 
 3.46736850e+05  8.32661108e-08 
 3.54813389e+05  8.25135422e-08 
 3.63078055e+05  8.17686945e-08 
 3.71535229e+05  8.10314968e-08 
 3.80189396e+05  8.03018788e-08 
 3.89045145e+05  7.95797710e-08 
 3.98107171e+05  7.88651044e-08 
 4.07380278e+05  7.81578108e-08 
 4.16869383e+05  7.74578227e-08 
 4.26579519e+05  7.67650731e-08 
 4.36515832e+05  7.60794959e-08 
 4.46683592e+05  7.54010255e-08 
 4.57088190e+05  7.47295968e-08 
 4.67735141e+05  7.40651457e-08 
 4.78630092e+05  7.34076085e-08 
 4.89778819e+05  7.27569221e-08 
 5.01187234e+05  7.21130240e-08 
 5.12861384e+05  7.14758525e-08 
 5.24807460e+05  7.08453462e-08 
 5.37031796e+05  7.02214447e-08 
 5.49540874e+05  6.96040879e-08 
 5.62341325e+05  6.89932163e-08 
 5.75439937e+05  6.83887710e-08 
 5.88843655e+05  6.77906937e-08 
 6.02559586e+05  6.71989267e-08 
 6.16595002e+05  6.66134129e-08 
 6.30957344e+05  6.60340955e-08 
 6.45654229e+05  6.54609186e-08 
 6.60693448e+05  6.48938265e-08 
 6.76082975e+05  6.43327643e-08 
 6.91830971e+05  6.37776775e-08 
 7.07945784e+05  6.32285121e-08 
 7.24435960e+05  6.26852147e-08 
 7.41310241e+05  6.21477323e-08 
 7.58577575e+05  6.16160126e-08 
 7.76247117e+05  6.10900035e-08 
 7.94328235e+05  6.05696538e-08 
 8.12830516e+05  6.00549123e-08 
 8.31763771e+05  5.95457287e-08 
 8.51138038e+05  5.90420530e-08 
 8.70963590e+05  5.85438356e-08 
 8.91250938e+05  5.80510275e-08 
 9.12010839e+05  5.75635800e-08 
 9.33254301e+05  5.70814451e-08 
 9.54992586e+05  5.66045751e-08 
 9.77237221e+05  5.61329226e-08 
 1.00000000e+06  5.56664409e-08 
 1.02329299e+06  5.52050836e-08 
 1.04712855e+06  5.47488047e-08 
 1.07151931e+06  5.42975588e-08 
 1.09647820e+06  5.38513005e-08 
 1.12201845e+06  5.34099853e-08 
 1.14815362e+06  5.29735689e-08 
 1.17489755e+06  5.25420073e-08 
 1.20226443e+06  5.21152570e-08 
 1.23026877e+06  5.16932749e-08 
 1.25892541e+06  5.12760183e-08 
 1.28824955e+06  5.08634448e-08 
 1.31825674e+06  5.04555124e-08 
 1.34896288e+06  5.00521795e-08 
 1.38038426e+06  4.96534048e-08 
 1.41253754e+06  4.92591475e-08 
 1.44543977e+06  4.88693671e-08 
 1.47910839e+06  4.84840233e-08 
 1.51356125e+06  4.81030763e-08 
 1.54881662e+06  4.77264867e-08 
 1.58489319e+06  4.73542151e-08 
 1.62181010e+06  4.69862230e-08 
 1.65958691e+06  4.66224716e-08 
 1.69824365e+06  4.62629229e-08 
 1.73780083e+06  4.59075390e-08 
 1.77827941e+06  4.55562823e-08 
 1.81970086e+06  4.52091156e-08 
 1.86208714e+06  4.48660020e-08 
 1.90546072e+06  4.45269048e-08 
 1.94984460e+06  4.41917878e-08 
 1.99526231e+06  4.38606148e-08 
 2.04173794e+06  4.35333501e-08 
 2.08929613e+06  4.32099582e-08 
 2.13796209e+06  4.28904040e-08 
 2.18776162e+06  4.25746525e-08 
 2.23872114e+06  4.22626691e-08 
 2.29086765e+06  4.19544193e-08 
 2.34422882e+06  4.16498692e-08 
 2.39883292e+06  4.13489848e-08 
 2.45470892e+06  4.10517326e-08 
 2.51188643e+06  4.07580792e-08 
 2.57039578e+06  4.04679915e-08 
 2.63026799e+06  4.01814366e-08 
 2.69153480e+06  3.98983820e-08 
 2.75422870e+06  3.96187953e-08 
 2.81838293e+06  3.93426444e-08 
 2.88403150e+06  3.90698973e-08 
 2.95120923e+06  3.88005224e-08 
 3.01995172e+06  3.85344882e-08 
 3.09029543e+06  3.82717636e-08 
 3.16227766e+06  3.80123175e-08 
 3.23593657e+06  3.77561192e-08 
 3.31131121e+06  3.75031380e-08 
 3.38844156e+06  3.72533436e-08 
 3.46736850e+06  3.70067059e-08 
 3.54813389e+06  3.67631949e-08 
 3.63078055e+06  3.65227809e-08 
 3.71535229e+06  3.62854343e-08 
 3.80189396e+06  3.60511257e-08 
 3.89045145e+06  3.58198261e-08 
 3.98107171e+06  3.55915064e-08 
 4.07380278e+06  3.53661380e-08 
 4.16869383e+06  3.51436922e-08 
 4.26579519e+06  3.49241406e-08 
 4.36515832e+06  3.47074550e-08 
 4.46683592e+06  3.44936074e-08 
 4.57088190e+06  3.42825700e-08 
 4.67735141e+06  3.40743151e-08 
 4.78630092e+06  3.38688152e-08 
 4.89778819e+06  3.36660430e-08 
 5.01187234e+06  3.34659713e-08 
 5.12861384e+06  3.32685733e-08 
 5.24807460e+06  3.30738221e-08 
 5.37031796e+06  3.28816911e-08 
 5.49540874e+06  3.26921539e-08 
 5.62341325e+06  3.25051842e-08 
 5.75439937e+06  3.23207558e-08 
 5.88843655e+06  3.21388428e-08 
 6.02559586e+06  3.19594195e-08 
 6.16595002e+06  3.17824602e-08 
 6.30957344e+06  3.16079395e-08 
 6.45654229e+06  3.14358321e-08 
 6.60693448e+06  3.12661129e-08 
 6.76082975e+06  3.10987569e-08 
 6.91830971e+06  3.09337393e-08 
 7.07945784e+06  3.07710355e-08 
 7.24435960e+06  3.06106211e-08 
 7.41310241e+06  3.04524717e-08 
 7.58577575e+06  3.02965632e-08 
 7.76247117e+06  3.01428716e-08 
 7.94328235e+06  2.99913732e-08 
 8.12830516e+06  2.98420442e-08 
 8.31763771e+06  2.96948611e-08 
 8.51138038e+06  2.95498008e-08 
 8.70963590e+06  2.94068399e-08 
 8.91250938e+06  2.92659556e-08 
 9.12010839e+06  2.91271250e-08 
 9.33254301e+06  2.89903254e-08 
 9.54992586e+06  2.88555345e-08 
 9.77237221e+06  2.87227298e-08 
 1.00000000e+07  2.85918892e-08 
 1.02329299e+07  2.84629909e-08 
 1.04712855e+07  2.83360129e-08 
 1.07151931e+07  2.82109337e-08 
 1.09647820e+07  2.80877319e-08 
 1.12201845e+07  2.79663862e-08 
 1.14815362e+07  2.78468755e-08 
 1.17489755e+07  2.77291790e-08 
 1.20226443e+07  2.76132759e-08 
 1.23026877e+07  2.74991458e-08 
 1.25892541e+07  2.73867683e-08 
 1.28824955e+07  2.72761232e-08 
 1.31825674e+07  2.71671907e-08 
 1.34896288e+07  2.70599510e-08 
 1.38038426e+07  2.69543845e-08 
 1.41253754e+07  2.68504720e-08 
 1.44543977e+07  2.67481942e-08 
 1.47910839e+07  2.66475323e-08 
 1.51356125e+07  2.65484676e-08 
 1.54881662e+07  2.64509816e-08 
 1.58489319e+07  2.63550559e-08 
 1.62181010e+07  2.62606725e-08 
 1.65958691e+07  2.61678137e-08 
 1.69824365e+07  2.60764617e-08 
 1.73780083e+07  2.59865993e-08 
 1.77827941e+07  2.58982092e-08 
 1.81970086e+07  2.58112747e-08 
 1.86208714e+07  2.57257790e-08 
 1.90546072e+07  2.56417058e-08 
 1.94984460e+07  2.55590389e-08 
 1.99526231e+07  2.54777626e-08 
 2.04173794e+07  2.53978610e-08 
 2.08929613e+07  2.53193191e-08 
 2.13796209e+07  2.52421215e-08 
 2.18776162e+07  2.51662537e-08 
 2.23872114e+07  2.50917012e-08 
 2.29086765e+07  2.50184496e-08 
 2.34422882e+07  2.49464852e-08 
 2.39883292e+07  2.48757944e-08 
 2.45470892e+07  2.48063640e-08 
 2.51188643e+07  2.47381809e-08 
 2.57039578e+07  2.46712327e-08 
 2.63026799e+07  2.46055070e-08 
 2.69153480e+07  2.45409921e-08 
 2.75422870e+07  2.44776762e-08 
 2.81838293e+07  2.44155483e-08 
 2.88403150e+07  2.43545976e-08 
 2.95120923e+07  2.42948137e-08 
 3.01995172e+07  2.42361866e-08 
 3.09029543e+07  2.41787067e-08 
 3.16227766e+07  2.41223649e-08 
 3.23593657e+07  2.40671524e-08 
 3.31131121e+07  2.40130610e-08 
 3.38844156e+07  2.39600829e-08 
 3.46736850e+07  2.39082108e-08 
 3.54813389e+07  2.38574378e-08 
 3.63078055e+07  2.38077577e-08 
 3.71535229e+07  2.37591647e-08 
 3.80189396e+07  2.37116536e-08 
 3.89045145e+07  2.36652197e-08 
 3.98107171e+07  2.36198589e-08 
 4.07380278e+07  2.35755679e-08 
 4.16869383e+07  2.35323436e-08 
 4.26579519e+07  2.34901841e-08 
 4.36515832e+07  2.34490877e-08 
 4.46683592e+07  2.34090536e-08 
 4.57088190e+07  2.33700819e-08 
 4.67735141e+07  2.33321732e-08 
 4.78630092e+07  2.32953290e-08 
 4.89778819e+07  2.32595515e-08 
 5.01187234e+07  2.32248440e-08 
 5.12861384e+07  2.31912105e-08 
 5.24807460e+07  2.31586560e-08 
 5.37031796e+07  2.31271863e-08 
 5.49540874e+07  2.30968085e-08 
 5.62341325e+07  2.30675305e-08 
 5.75439937e+07  2.30393615e-08 
 5.88843655e+07  2.30123117e-08 
 6.02559586e+07  2.29863925e-08 
 6.16595002e+07  2.29616166e-08 
 6.30957344e+07  2.29379981e-08 
 6.45654229e+07  2.29155522e-08 
 6.60693448e+07  2.28942959e-08 
 6.76082975e+07  2.28742475e-08 
 6.91830971e+07  2.28554268e-08 
 7.07945784e+07  2.28378554e-08 
 7.24435960e+07  2.28215567e-08 
 7.41310241e+07  2.28065558e-08 
 7.58577575e+07  2.27928796e-08 
 7.76247117e+07  2.27805574e-08 
 7.94328235e+07  2.27696202e-08 
 8.12830516e+07  2.27601015e-08 
 8.31763771e+07  2.27520371e-08 
 8.51138038e+07  2.27454653e-08 
 8.70963590e+07  2.27404269e-08 
 8.91250938e+07  2.27369655e-08 
 9.12010839e+07  2.27351276e-08 
 9.33254301e+07  2.27349630e-08 
 9.54992586e+07  2.27365243e-08 
 9.77237221e+07  2.27398678e-08 
 1.00000000e+08  2.27450535e-08 
 1.02329299e+08  2.27521450e-08 
 1.04712855e+08  2.27612101e-08 
 1.07151931e+08  2.27723209e-08 
 1.09647820e+08  2.27855539e-08 
 1.12201845e+08  2.28009906e-08 
 1.14815362e+08  2.28187174e-08 
 1.17489755e+08  2.28388265e-08 
 1.20226443e+08  2.28614154e-08 
 1.23026877e+08  2.28865881e-08 
 1.25892541e+08  2.29144549e-08 
 1.28824955e+08  2.29451331e-08 
 1.31825674e+08  2.29787472e-08 
 1.34896288e+08  2.30154298e-08 
 1.38038426e+08  2.30553217e-08 
 1.41253754e+08  2.30985725e-08 
 1.44543977e+08  2.31453414e-08 
 1.47910839e+08  2.31957978e-08 
 1.51356125e+08  2.32501216e-08 
 1.54881662e+08  2.33085044e-08 
 1.58489319e+08  2.33711500e-08 
 1.62181010e+08  2.34382754e-08 
 1.65958691e+08  2.35101115e-08 
 1.69824365e+08  2.35869043e-08 
 1.73780083e+08  2.36689156e-08 
 1.77827941e+08  2.37564245e-08 
 1.81970086e+08  2.38497281e-08 
 1.86208714e+08  2.39491435e-08 
 1.90546072e+08  2.40550082e-08 
 1.94984460e+08  2.41676822e-08 
 1.99526231e+08  2.42875496e-08 
 2.04173794e+08  2.44150196e-08 
 2.08929613e+08  2.45505289e-08 
 2.13796209e+08  2.46945431e-08 
 2.18776162e+08  2.48475589e-08 
 2.23872114e+08  2.50101060e-08 
 2.29086765e+08  2.51827490e-08 
 2.34422882e+08  2.53660902e-08 
 2.39883292e+08  2.55607714e-08 
 2.45470892e+08  2.57674761e-08 
 2.51188643e+08  2.59869324e-08 
 2.57039578e+08  2.62199150e-08 
 2.63026799e+08  2.64672475e-08 
 2.69153480e+08  2.67298045e-08 
 2.75422870e+08  2.70085139e-08 
 2.81838293e+08  2.73043585e-08 
 2.88403150e+08  2.76183768e-08 
 2.95120923e+08  2.79516647e-08 
 3.01995172e+08  2.83053745e-08 
 3.09029543e+08  2.86807145e-08 
 3.16227766e+08  2.90789466e-08 
 3.23593657e+08  2.95013822e-08 
 3.31131121e+08  2.99493764e-08 
 3.38844156e+08  3.04243192e-08 
 3.46736850e+08  3.09276242e-08 
 3.54813389e+08  3.14607124e-08 
 3.63078055e+08  3.20249923e-08 
 3.71535229e+08  3.26218334e-08 
 3.80189396e+08  3.32525337e-08 
 3.89045145e+08  3.39182788e-08 
 3.98107171e+08  3.46200920e-08 
 4.07380278e+08  3.53587741e-08 
 4.16869383e+08  3.61348322e-08 
 4.26579519e+08  3.69483955e-08 
 4.36515832e+08  3.77991196e-08 
 4.46683592e+08  3.86860785e-08 
 4.57088190e+08  3.96076470e-08 
 4.67735141e+08  4.05613753e-08 
 4.78630092e+08  4.15438642e-08 
 4.89778819e+08  4.25506456e-08 
 5.01187234e+08  4.35760821e-08 
 5.12861384e+08  4.46132978e-08 
 5.24807460e+08  4.56541573e-08 
 5.37031796e+08  4.66893100e-08 
 5.49540874e+08  4.77083174e-08 
 5.62341325e+08  4.86998741e-08 
 5.75439937e+08  4.96521313e-08 
 5.88843655e+08  5.05531148e-08 
 6.02559586e+08  5.13912214e-08 
 6.16595002e+08  5.21557603e-08 
 6.30957344e+08  5.28374949e-08 
 6.45654229e+08  5.34291332e-08 
 6.60693448e+08  5.39257161e-08 
 6.76082975e+08  5.43248609e-08 
 6.91830971e+08  5.46268359e-08 
 7.07945784e+08  5.48344602e-08 
 7.24435960e+08  5.49528483e-08 
 7.41310241e+08  5.49890326e-08 
 7.58577575e+08  5.49515107e-08 
 7.76247117e+08  5.48497637e-08 
 7.94328235e+08  5.46937895e-08 
 8.12830516e+08  5.44936849e-08 
 8.31763771e+08  5.42592961e-08 
 8.51138038e+08  5.39999496e-08 
 8.70963590e+08  5.37242624e-08 
 8.91250938e+08  5.34400249e-08 
 9.12010839e+08  5.31541451e-08 
 9.33254301e+08  5.28726428e-08 
 9.54992586e+08  5.26006789e-08 
 9.77237221e+08  5.23426103e-08 
 1.00000000e+09  5.21020594e-08 
