 1.00000000e+00 -2.20312999e-03 
 1.25892541e+00 -2.77357633e-03 
 1.58489319e+00 -3.49172572e-03 
 1.99526231e+00 -4.39582224e-03 
 2.51188643e+00 -5.53401231e-03 
 3.16227766e+00 -6.96690872e-03 
 3.98107171e+00 -8.77081840e-03 
 5.01187234e+00 -1.10418061e-02 
 6.30957344e+00 -1.39008102e-02 
 7.94328235e+00 -1.75000830e-02 
 1.00000000e+01 -2.20312988e-02 
 1.25892541e+01 -2.77357611e-02 
 1.58489319e+01 -3.49172529e-02 
 1.99526231e+01 -4.39582138e-02 
 2.51188643e+01 -5.53401061e-02 
 3.16227766e+01 -6.96690532e-02 
 3.98107171e+01 -8.77081162e-02 
 5.01187234e+01 -1.10417926e-01 
 6.30957344e+01 -1.39007832e-01 
 7.94328235e+01 -1.75000292e-01 
 1.00000000e+02 -2.20311913e-01 
 1.25892541e+02 -2.77355467e-01 
 1.58489319e+02 -3.49168251e-01 
 1.99526231e+02 -4.39573602e-01 
 2.51188643e+02 -5.53384029e-01 
 3.16227766e+02 -6.96656550e-01 
 3.98107171e+02 -8.77013361e-01 
 5.01187234e+02 -1.10404399e+00 
 6.30957344e+02 -1.38980846e+00 
 7.94328235e+02 -1.74946459e+00 
 1.00000000e+03 -2.20204538e+00 
 1.25892541e+03 -2.77141336e+00 
 1.58489319e+03 -3.48741358e+00 
 1.99526231e+03 -4.38722955e+00 
 2.51188643e+03 -5.51690279e+00 
 3.16227766e+03 -6.93288121e+00 
 3.98107171e+03 -8.70327046e+00 
 5.01187234e+03 -1.09081071e+01 
 6.30957344e+03 -1.36373686e+01 
 7.94328235e+03 -1.69845654e+01 
 1.00000000e+04 -2.10328918e+01 
 1.25892541e+04 -2.58310954e+01 
 1.58489319e+04 -3.13596967e+01 
 1.99526231e+04 -3.74971671e+01 
 2.51188643e+04 -4.40072294e+01 
 3.16227766e+04 -5.05691701e+01 
 3.98107171e+04 -5.68496896e+01 
 5.01187234e+04 -6.25815669e+01 
 6.30957344e+04 -6.76083365e+01 
 7.94328235e+04 -7.18828551e+01 
 1.00000000e+05 -7.54372266e+01 
 1.25892541e+05 -7.83474477e+01 
 1.58489319e+05 -8.07060058e+01 
 1.99526231e+05 -8.26051670e+01 
 2.51188643e+05 -8.41286749e+01 
 3.16227766e+05 -8.53487184e+01 
 3.98107171e+05 -8.63257122e+01 
 5.01187234e+05 -8.71093779e+01 
 6.30957344e+05 -8.77402841e+01 
 7.94328235e+05 -8.82514431e+01 
 1.00000000e+06 -8.86697816e+01 
 1.25892541e+06 -8.90174298e+01 
 1.58489319e+06 -8.93128272e+01 
 1.99526231e+06 -8.95716677e+01 
 2.51188643e+06 -8.98077169e+01 
 3.16227766e+06 -9.00335361e+01 
 3.98107171e+06 -9.02611469e+01 
 5.01187234e+06 -9.05026688e+01 
 6.30957344e+06 -9.07709644e+01 
 7.94328235e+06 -9.10803243e+01 
 1.00000000e+07 -9.14472297e+01 
 1.25892541e+07 -9.18912336e+01 
 1.58489319e+07 -9.24360083e+01 
 1.99526231e+07 -9.31106199e+01 
 2.51188643e+07 -9.39511019e+01 
 3.16227766e+07 -9.50024247e+01 
 3.98107171e+07 -9.63209840e+01 
 5.01187234e+07 -9.79777729e+01 
 6.30957344e+07 -1.00062437e+02 
 7.94328235e+07 -1.02688402e+02 
 1.00000000e+08 -1.05999001e+02 
 1.25892541e+08 -1.10173304e+02 
 1.58489319e+08 -1.15425854e+02 
 1.99526231e+08 -1.21979456e+02 
 2.51188643e+08 -1.29945954e+02 
 3.16227766e+08 -1.38949601e+02 
 3.98107171e+08 -1.47249771e+02 
 5.01187234e+08 -1.50763839e+02 
 6.30957344e+08 -1.45760426e+02 
 7.94328235e+08 -1.38298161e+02 
 1.00000000e+09 -1.37536540e+02 
