 1.00000000e+00 -2.20637980e-03 
 1.25892541e+00 -2.77766760e-03 
 1.58489319e+00 -3.49687632e-03 
 1.99526231e+00 -4.40230646e-03 
 2.51188643e+00 -5.54217547e-03 
 3.16227766e+00 -6.97718552e-03 
 3.98107171e+00 -8.78375613e-03 
 5.01187234e+00 -1.10580938e-02 
 6.30957344e+00 -1.39213151e-02 
 7.94328235e+00 -1.75258972e-02 
 1.00000000e+01 -2.20637969e-02 
 1.25892541e+01 -2.77766738e-02 
 1.58489319e+01 -3.49687589e-02 
 1.99526231e+01 -4.40230561e-02 
 2.51188643e+01 -5.54217376e-02 
 3.16227766e+01 -6.97718211e-02 
 3.98107171e+01 -8.78374932e-02 
 5.01187234e+01 -1.10580802e-01 
 6.30957344e+01 -1.39212880e-01 
 7.94328235e+01 -1.75258431e-01 
 1.00000000e+02 -2.20636890e-01 
 1.25892541e+02 -2.77764585e-01 
 1.58489319e+02 -3.49683292e-01 
 1.99526231e+02 -4.40221987e-01 
 2.51188643e+02 -5.54200269e-01 
 3.16227766e+02 -6.97684080e-01 
 3.98107171e+02 -8.78306835e-01 
 5.01187234e+02 -1.10567216e+00 
 6.30957344e+02 -1.39185776e+00 
 7.94328235e+02 -1.75204362e+00 
 1.00000000e+03 -2.20529044e+00 
 1.25892541e+03 -2.77549516e+00 
 1.58489319e+03 -3.49254531e+00 
 1.99526231e+03 -4.39367620e+00 
 2.51188643e+03 -5.52499123e+00 
 3.16227766e+03 -6.94300973e+00 
 3.98107171e+03 -8.71591484e+00 
 5.01187234e+03 -1.09238171e+01 
 6.30957344e+03 -1.36567447e+01 
 7.94328235e+03 -1.70081985e+01 
 1.00000000e+04 -2.10612451e+01 
 1.25892541e+04 -2.58643181e+01 
 1.58489319e+04 -3.13973941e+01 
 1.99526231e+04 -3.75382282e+01 
 2.51188643e+04 -4.40498687e+01 
 3.16227766e+04 -5.06112753e+01 
 3.98107171e+04 -5.68893485e+01 
 5.01187234e+04 -6.26174944e+01 
 6.30957344e+04 -6.76400072e+01 
 7.94328235e+04 -7.19103813e+01 
 1.00000000e+05 -7.54611360e+01 
 1.25892541e+05 -7.83684856e+01 
 1.58489319e+05 -8.07250082e+01 
 1.99526231e+05 -8.26229956e+01 
 2.51188643e+05 -8.41462019e+01 
 3.16227766e+05 -8.53668373e+01 
 3.98107171e+05 -8.63453681e+01 
 5.01187234e+05 -8.71316071e+01 
 6.30957344e+05 -8.77662653e+01 
 7.94328235e+05 -8.82825574e+01 
 1.00000000e+06 -8.87076847e+01 
 1.25892541e+06 -8.90641396e+01 
 1.58489319e+06 -8.93708311e+01 
 1.99526231e+06 -8.96440545e+01 
 2.51188643e+06 -8.98983421e+01 
 3.16227766e+06 -9.01472269e+01 
 3.98107171e+06 -9.04039599e+01 
 5.01187234e+06 -9.06822139e+01 
 6.30957344e+06 -9.09968118e+01 
 7.94328235e+06 -9.13645191e+01 
 1.00000000e+07 -9.18049418e+01 
 1.25892541e+07 -9.23415828e+01 
 1.58489319e+07 -9.30031173e+01 
 1.99526231e+07 -9.38249665e+01 
 2.51188643e+07 -9.48512740e+01 
 3.16227766e+07 -9.61374288e+01 
 3.98107171e+07 -9.77533298e+01 
 5.01187234e+07 -9.97876499e+01 
 6.30957344e+07 -1.02353358e+02 
 7.94328235e+07 -1.05594439e+02 
 1.00000000e+08 -1.09692081e+02 
 1.25892541e+08 -1.14862262e+02 
 1.58489319e+08 -1.21315178e+02 
 1.99526231e+08 -1.29086259e+02 
 2.51188643e+08 -1.37535748e+02 
 3.16227766e+08 -1.44390825e+02 
 3.98107171e+08 -1.45566622e+02 
 5.01187234e+08 -1.39875751e+02 
 6.30957344e+08 -1.34355471e+02 
 7.94328235e+08 -1.34355113e+02 
 1.00000000e+09 -1.38856840e+02 
