 1.00000000e+00  3.84326600e+01 
 1.25892541e+00  3.84326600e+01 
 1.58489319e+00  3.84326600e+01 
 1.99526231e+00  3.84326600e+01 
 2.51188643e+00  3.84326600e+01 
 3.16227766e+00  3.84326600e+01 
 3.98107171e+00  3.84326600e+01 
 5.01187234e+00  3.84326600e+01 
 6.30957344e+00  3.84326600e+01 
 7.94328235e+00  3.84326599e+01 
 1.00000000e+01  3.84326599e+01 
 1.25892541e+01  3.84326598e+01 
 1.58489319e+01  3.84326597e+01 
 1.99526231e+01  3.84326594e+01 
 2.51188643e+01  3.84326591e+01 
 3.16227766e+01  3.84326585e+01 
 3.98107171e+01  3.84326576e+01 
 5.01187234e+01  3.84326562e+01 
 6.30957344e+01  3.84326540e+01 
 7.94328235e+01  3.84326505e+01 
 1.00000000e+02  3.84326449e+01 
 1.25892541e+02  3.84326361e+01 
 1.58489319e+02  3.84326221e+01 
 1.99526231e+02  3.84325999e+01 
 2.51188643e+02  3.84325648e+01 
 3.16227766e+02  3.84325090e+01 
 3.98107171e+02  3.84324207e+01 
 5.01187234e+02  3.84322808e+01 
 6.30957344e+02  3.84320589e+01 
 7.94328235e+02  3.84317074e+01 
 1.00000000e+03  3.84311503e+01 
 1.25892541e+03  3.84302675e+01 
 1.58489319e+03  3.84288687e+01 
 1.99526231e+03  3.84266527e+01 
 2.51188643e+03  3.84231428e+01 
 3.16227766e+03  3.84175859e+01 
 3.98107171e+03  3.84087934e+01 
 5.01187234e+03  3.83948945e+01 
 6.30957344e+03  3.83729569e+01 
 7.94328235e+03  3.83384136e+01 
 1.00000000e+04  3.82842228e+01 
 1.25892541e+04  3.81996977e+01 
 1.58489319e+04  3.80690157e+01 
 1.99526231e+04  3.78696315e+01 
 2.51188643e+04  3.75712611e+01 
 3.16227766e+04  3.71367357e+01 
 3.98107171e+04  3.65263643e+01 
 5.01187234e+04  3.57064088e+01 
 6.30957344e+04  3.46592171e+01 
 7.94328235e+04  3.33895514e+01 
 1.00000000e+05  3.19228129e+01 
 1.25892541e+05  3.02964267e+01 
 1.58489319e+05  2.85498503e+01 
 1.99526231e+05  2.67177098e+01 
 2.51188643e+05  2.48270604e+01 
 3.16227766e+05  2.28975001e+01 
 3.98107171e+05  2.09425395e+01 
 5.01187234e+05  1.89711994e+01 
 6.30957344e+05  1.69893800e+01 
 7.94328235e+05  1.50008899e+01 
 1.00000000e+06  1.30081668e+01 
 1.25892541e+06  1.10127630e+01 
 1.58489319e+06  9.01566311e+00 
 1.99526231e+06  7.01749004e+00 
 2.51188643e+06  5.01863700e+00 
 3.16227766e+06  3.01935109e+00 
 3.98107171e+06  1.01978625e+00 
 5.01187234e+06 -9.79963652e-01 
 6.30957344e+06 -2.97984468e+00 
 7.94328235e+06 -4.97983115e+00 
 1.00000000e+07 -6.97992015e+00 
 1.25892541e+07 -8.98013090e+00 
 1.58489319e+07 -1.09805089e+01 
 1.99526231e+07 -1.29811357e+01 
 2.51188643e+07 -1.49821465e+01 
 3.16227766e+07 -1.69837595e+01 
 3.98107171e+07 -1.89863227e+01 
 5.01187234e+07 -2.09903888e+01 
 6.30957344e+07 -2.29968343e+01 
 7.94328235e+07 -2.50070474e+01 
 1.00000000e+08 -2.70232249e+01 
 1.25892541e+08 -2.90488394e+01 
 1.58489319e+08 -3.10893712e+01 
 1.99526231e+08 -3.31534467e+01 
 2.51188643e+08 -3.52545884e+01 
 3.16227766e+08 -3.74138495e+01 
 3.98107171e+08 -3.96636371e+01 
 5.01187234e+08 -4.20528669e+01 
 6.30957344e+08 -4.46527985e+01 
 7.94328235e+08 -4.75602625e+01 
 1.00000000e+09 -5.08874875e+01 
