 1.00000000e+00  3.84326207e+01 
 1.25892541e+00  3.84326207e+01 
 1.58489319e+00  3.84326207e+01 
 1.99526231e+00  3.84326207e+01 
 2.51188643e+00  3.84326207e+01 
 3.16227766e+00  3.84326207e+01 
 3.98107171e+00  3.84326207e+01 
 5.01187234e+00  3.84326207e+01 
 6.30957344e+00  3.84326206e+01 
 7.94328235e+00  3.84326206e+01 
 1.00000000e+01  3.84326205e+01 
 1.25892541e+01  3.84326205e+01 
 1.58489319e+01  3.84326203e+01 
 1.99526231e+01  3.84326201e+01 
 2.51188643e+01  3.84326197e+01 
 3.16227766e+01  3.84326192e+01 
 3.98107171e+01  3.84326183e+01 
 5.01187234e+01  3.84326169e+01 
 6.30957344e+01  3.84326147e+01 
 7.94328235e+01  3.84326112e+01 
 1.00000000e+02  3.84326056e+01 
 1.25892541e+02  3.84325967e+01 
 1.58489319e+02  3.84325827e+01 
 1.99526231e+02  3.84325605e+01 
 2.51188643e+02  3.84325253e+01 
 3.16227766e+02  3.84324694e+01 
 3.98107171e+02  3.84323810e+01 
 5.01187234e+02  3.84322407e+01 
 6.30957344e+02  3.84320185e+01 
 7.94328235e+02  3.84316663e+01 
 1.00000000e+03  3.84311082e+01 
 1.25892541e+03  3.84302238e+01 
 1.58489319e+03  3.84288225e+01 
 1.99526231e+03  3.84266025e+01 
 2.51188643e+03  3.84230864e+01 
 3.16227766e+03  3.84175196e+01 
 3.98107171e+03  3.84087113e+01 
 5.01187234e+03  3.83947876e+01 
 6.30957344e+03  3.83728111e+01 
 7.94328235e+03  3.83382068e+01 
 1.00000000e+04  3.82839214e+01 
 1.25892541e+04  3.81992511e+01 
 1.58489319e+04  3.80683500e+01 
 1.99526231e+04  3.78686441e+01 
 2.51188643e+04  3.75698190e+01 
 3.16227766e+04  3.71346849e+01 
 3.98107171e+04  3.65235553e+01 
 5.01187234e+04  3.57027354e+01 
 6.30957344e+04  3.46546526e+01 
 7.94328235e+04  3.33841587e+01 
 1.00000000e+05  3.19167214e+01 
 1.25892541e+05  3.02897919e+01 
 1.58489319e+05  2.85428194e+01 
 1.99526231e+05  2.67104035e+01 
 2.51188643e+05  2.48195691e+01 
 3.16227766e+05  2.28898869e+01 
 3.98107171e+05  2.09348473e+01 
 5.01187234e+05  1.89634564e+01 
 6.30957344e+05  1.69816044e+01 
 7.94328235e+05  1.49930933e+01 
 1.00000000e+06  1.30003565e+01 
 1.25892541e+06  1.10049434e+01 
 1.58489319e+06  9.00783638e+00 
 1.99526231e+06  7.00965712e+00 
 2.51188643e+06  5.01079738e+00 
 3.16227766e+06  3.01150283e+00 
 3.98107171e+06  1.01192556e+00 
 5.01187234e+06 -9.87843282e-01 
 6.30957344e+06 -2.98775381e+00 
 7.94328235e+06 -4.98778673e+00 
 1.00000000e+07 -6.98794916e+00 
 1.25892541e+07 -8.98827616e+00 
 1.58489319e+07 -1.09888383e+01 
 1.99526231e+07 -1.29897570e+01 
 2.51188643e+07 -1.49912306e+01 
 3.16227766e+07 -1.69935772e+01 
 3.98107171e+07 -1.89973038e+01 
 5.01187234e+07 -2.10032157e+01 
 6.30957344e+07 -2.30125910e+01 
 7.94328235e+07 -2.50274587e+01 
 1.00000000e+08 -2.70510413e+01 
 1.25892541e+08 -2.90884612e+01 
 1.58489319e+08 -3.11478722e+01 
 1.99526231e+08 -3.32422757e+01 
 2.51188643e+08 -3.53924335e+01 
 3.16227766e+08 -3.76314879e+01 
 3.98107171e+08 -4.00119773e+01 
 5.01187234e+08 -4.26151100e+01 
 6.30957344e+08 -4.55576314e+01 
 7.94328235e+08 -4.89765665e+01 
 1.00000000e+09 -5.29408958e+01 
