 1.00000000e+00  1.10790042e-05 
 1.02329299e+00  1.09689604e-05 
 1.04712855e+00  1.08600201e-05 
 1.07151931e+00  1.07521719e-05 
 1.09647820e+00  1.06454048e-05 
 1.12201845e+00  1.05397079e-05 
 1.14815362e+00  1.04350702e-05 
 1.17489755e+00  1.03314812e-05 
 1.20226443e+00  1.02289300e-05 
 1.23026877e+00  1.01274063e-05 
 1.25892541e+00  1.00268996e-05 
 1.28824955e+00  9.92739953e-06 
 1.31825674e+00  9.82889601e-06 
 1.34896288e+00  9.73137891e-06 
 1.38038426e+00  9.63483823e-06 
 1.41253754e+00  9.53926409e-06 
 1.44543977e+00  9.44464671e-06 
 1.47910839e+00  9.35097639e-06 
 1.51356125e+00  9.25824356e-06 
 1.54881662e+00  9.16643872e-06 
 1.58489319e+00  9.07555250e-06 
 1.62181010e+00  8.98557559e-06 
 1.65958691e+00  8.89649879e-06 
 1.69824365e+00  8.80831301e-06 
 1.73780083e+00  8.72100923e-06 
 1.77827941e+00  8.63457854e-06 
 1.81970086e+00  8.54901210e-06 
 1.86208714e+00  8.46430118e-06 
 1.90546072e+00  8.38043714e-06 
 1.94984460e+00  8.29741141e-06 
 1.99526231e+00  8.21521552e-06 
 2.04173794e+00  8.13384109e-06 
 2.08929613e+00  8.05327983e-06 
 2.13796209e+00  7.97352351e-06 
 2.18776162e+00  7.89456401e-06 
 2.23872114e+00  7.81639328e-06 
 2.29086765e+00  7.73900336e-06 
 2.34422882e+00  7.66238637e-06 
 2.39883292e+00  7.58653450e-06 
 2.45470892e+00  7.51144003e-06 
 2.51188643e+00  7.43709531e-06 
 2.57039578e+00  7.36349279e-06 
 2.63026799e+00  7.29062498e-06 
 2.69153480e+00  7.21848445e-06 
 2.75422870e+00  7.14706389e-06 
 2.81838293e+00  7.07635602e-06 
 2.88403150e+00  7.00635365e-06 
 2.95120923e+00  6.93704969e-06 
 3.01995172e+00  6.86843708e-06 
 3.09029543e+00  6.80050886e-06 
 3.16227766e+00  6.73325813e-06 
 3.23593657e+00  6.66667805e-06 
 3.31131121e+00  6.60076189e-06 
 3.38844156e+00  6.53550293e-06 
 3.46736850e+00  6.47089458e-06 
 3.54813389e+00  6.40693026e-06 
 3.63078055e+00  6.34360350e-06 
 3.71535229e+00  6.28090788e-06 
 3.80189396e+00  6.21883704e-06 
 3.89045145e+00  6.15738469e-06 
 3.98107171e+00  6.09654460e-06 
 4.07380278e+00  6.03631062e-06 
 4.16869383e+00  5.97667664e-06 
 4.26579519e+00  5.91763663e-06 
 4.36515832e+00  5.85918461e-06 
 4.46683592e+00  5.80131467e-06 
 4.57088190e+00  5.74402094e-06 
 4.67735141e+00  5.68729764e-06 
 4.78630092e+00  5.63113904e-06 
 4.89778819e+00  5.57553944e-06 
 5.01187234e+00  5.52049323e-06 
 5.12861384e+00  5.46599485e-06 
 5.24807460e+00  5.41203880e-06 
 5.37031796e+00  5.35861962e-06 
 5.49540874e+00  5.30573191e-06 
 5.62341325e+00  5.25337034e-06 
 5.75439937e+00  5.20152963e-06 
 5.88843655e+00  5.15020453e-06 
 6.02559586e+00  5.09938987e-06 
 6.16595002e+00  5.04908053e-06 
 6.30957344e+00  4.99927143e-06 
 6.45654229e+00  4.94995755e-06 
 6.60693448e+00  4.90113391e-06 
 6.76082975e+00  4.85279561e-06 
 6.91830971e+00  4.80493775e-06 
 7.07945784e+00  4.75755553e-06 
 7.24435960e+00  4.71064417e-06 
 7.41310241e+00  4.66419894e-06 
 7.58577575e+00  4.61821518e-06 
 7.76247117e+00  4.57268825e-06 
 7.94328235e+00  4.52761356e-06 
 8.12830516e+00  4.48298660e-06 
 8.31763771e+00  4.43880285e-06 
 8.51138038e+00  4.39505789e-06 
 8.70963590e+00  4.35174731e-06 
 8.91250938e+00  4.30886676e-06 
 9.12010839e+00  4.26641193e-06 
 9.33254301e+00  4.22437855e-06 
 9.54992586e+00  4.18276241e-06 
 9.77237221e+00  4.14155931e-06 
 1.00000000e+01  4.10076512e-06 
 1.02329299e+01  4.06037575e-06 
 1.04712855e+01  4.02038714e-06 
 1.07151931e+01  3.98079528e-06 
 1.09647820e+01  3.94159619e-06 
 1.12201845e+01  3.90278595e-06 
 1.14815362e+01  3.86436065e-06 
 1.17489755e+01  3.82631646e-06 
 1.20226443e+01  3.78864954e-06 
 1.23026877e+01  3.75135614e-06 
 1.25892541e+01  3.71443250e-06 
 1.28824955e+01  3.67787493e-06 
 1.31825674e+01  3.64167978e-06 
 1.34896288e+01  3.60584340e-06 
 1.38038426e+01  3.57036222e-06 
 1.41253754e+01  3.53523268e-06 
 1.44543977e+01  3.50045127e-06 
 1.47910839e+01  3.46601450e-06 
 1.51356125e+01  3.43191893e-06 
 1.54881662e+01  3.39816115e-06 
 1.58489319e+01  3.36473778e-06 
 1.62181010e+01  3.33164548e-06 
 1.65958691e+01  3.29888095e-06 
 1.69824365e+01  3.26644090e-06 
 1.73780083e+01  3.23432210e-06 
 1.77827941e+01  3.20252134e-06 
 1.81970086e+01  3.17103543e-06 
 1.86208714e+01  3.13986124e-06 
 1.90546072e+01  3.10899565e-06 
 1.94984460e+01  3.07843558e-06 
 1.99526231e+01  3.04817799e-06 
 2.04173794e+01  3.01821984e-06 
 2.08929613e+01  2.98855816e-06 
 2.13796209e+01  2.95918997e-06 
 2.18776162e+01  2.93011236e-06 
 2.23872114e+01  2.90132243e-06 
 2.29086765e+01  2.87281730e-06 
 2.34422882e+01  2.84459413e-06 
 2.39883292e+01  2.81665011e-06 
 2.45470892e+01  2.78898245e-06 
 2.51188643e+01  2.76158841e-06 
 2.57039578e+01  2.73446524e-06 
 2.63026799e+01  2.70761026e-06 
 2.69153480e+01  2.68102078e-06 
 2.75422870e+01  2.65469416e-06 
 2.81838293e+01  2.62862777e-06 
 2.88403150e+01  2.60281903e-06 
 2.95120923e+01  2.57726537e-06 
 3.01995172e+01  2.55196424e-06 
 3.09029543e+01  2.52691314e-06 
 3.16227766e+01  2.50210956e-06 
 3.23593657e+01  2.47755104e-06 
 3.31131121e+01  2.45323514e-06 
 3.38844156e+01  2.42915945e-06 
 3.46736850e+01  2.40532157e-06 
 3.54813389e+01  2.38171913e-06 
 3.63078055e+01  2.35834979e-06 
 3.71535229e+01  2.33521124e-06 
 3.80189396e+01  2.31230116e-06 
 3.89045145e+01  2.28961729e-06 
 3.98107171e+01  2.26715738e-06 
 4.07380278e+01  2.24491920e-06 
 4.16869383e+01  2.22290054e-06 
 4.26579519e+01  2.20109921e-06 
 4.36515832e+01  2.17951306e-06 
 4.46683592e+01  2.15813994e-06 
 4.57088190e+01  2.13697774e-06 
 4.67735141e+01  2.11602436e-06 
 4.78630092e+01  2.09527772e-06 
 4.89778819e+01  2.07473576e-06 
 5.01187234e+01  2.05439645e-06 
 5.12861384e+01  2.03425778e-06 
 5.24807460e+01  2.01431775e-06 
 5.37031796e+01  1.99457439e-06 
 5.49540874e+01  1.97502574e-06 
 5.62341325e+01  1.95566986e-06 
 5.75439937e+01  1.93650485e-06 
 5.88843655e+01  1.91752880e-06 
 6.02559586e+01  1.89873984e-06 
 6.16595002e+01  1.88013611e-06 
 6.30957344e+01  1.86171577e-06 
 6.45654229e+01  1.84347699e-06 
 6.60693448e+01  1.82541798e-06 
 6.76082975e+01  1.80753695e-06 
 6.91830971e+01  1.78983214e-06 
 7.07945784e+01  1.77230178e-06 
 7.24435960e+01  1.75494416e-06 
 7.41310241e+01  1.73775755e-06 
 7.58577575e+01  1.72074027e-06 
 7.76247117e+01  1.70389062e-06 
 7.94328235e+01  1.68720694e-06 
 8.12830516e+01  1.67068760e-06 
 8.31763771e+01  1.65433095e-06 
 8.51138038e+01  1.63813539e-06 
 8.70963590e+01  1.62209932e-06 
 8.91250938e+01  1.60622114e-06 
 9.12010839e+01  1.59049931e-06 
 9.33254301e+01  1.57493226e-06 
 9.54992586e+01  1.55951847e-06 
 9.77237221e+01  1.54425641e-06 
 1.00000000e+02  1.52914458e-06 
 1.02329299e+02  1.51418149e-06 
 1.04712855e+02  1.49936567e-06 
 1.07151931e+02  1.48469565e-06 
 1.09647820e+02  1.47016999e-06 
 1.12201845e+02  1.45578727e-06 
 1.14815362e+02  1.44154606e-06 
 1.17489755e+02  1.42744496e-06 
 1.20226443e+02  1.41348258e-06 
 1.23026877e+02  1.39965756e-06 
 1.25892541e+02  1.38596852e-06 
 1.28824955e+02  1.37241413e-06 
 1.31825674e+02  1.35899305e-06 
 1.34896288e+02  1.34570395e-06 
 1.38038426e+02  1.33254554e-06 
 1.41253754e+02  1.31951652e-06 
 1.44543977e+02  1.30661561e-06 
 1.47910839e+02  1.29384153e-06 
 1.51356125e+02  1.28119304e-06 
 1.54881662e+02  1.26866890e-06 
 1.58489319e+02  1.25626786e-06 
 1.62181010e+02  1.24398872e-06 
 1.65958691e+02  1.23183026e-06 
 1.69824365e+02  1.21979130e-06 
 1.73780083e+02  1.20787064e-06 
 1.77827941e+02  1.19606713e-06 
 1.81970086e+02  1.18437960e-06 
 1.86208714e+02  1.17280691e-06 
 1.90546072e+02  1.16134791e-06 
 1.94984460e+02  1.15000149e-06 
 1.99526231e+02  1.13876653e-06 
 2.04173794e+02  1.12764194e-06 
 2.08929613e+02  1.11662661e-06 
 2.13796209e+02  1.10571947e-06 
 2.18776162e+02  1.09491945e-06 
 2.23872114e+02  1.08422549e-06 
 2.29086765e+02  1.07363655e-06 
 2.34422882e+02  1.06315158e-06 
 2.39883292e+02  1.05276956e-06 
 2.45470892e+02  1.04248947e-06 
 2.51188643e+02  1.03231030e-06 
 2.57039578e+02  1.02223107e-06 
 2.63026799e+02  1.01225077e-06 
 2.69153480e+02  1.00236844e-06 
 2.75422870e+02  9.92583098e-07 
 2.81838293e+02  9.82893799e-07 
 2.88403150e+02  9.73299590e-07 
 2.95120923e+02  9.63799532e-07 
 3.01995172e+02  9.54392696e-07 
 3.09029543e+02  9.45078162e-07 
 3.16227766e+02  9.35855018e-07 
 3.23593657e+02  9.26722363e-07 
 3.31131121e+02  9.17679304e-07 
 3.38844156e+02  9.08724957e-07 
 3.46736850e+02  8.99858446e-07 
 3.54813389e+02  8.91078905e-07 
 3.63078055e+02  8.82385475e-07 
 3.71535229e+02  8.73777308e-07 
 3.80189396e+02  8.65253563e-07 
 3.89045145e+02  8.56813406e-07 
 3.98107171e+02  8.48456015e-07 
 4.07380278e+02  8.40180571e-07 
 4.16869383e+02  8.31986268e-07 
 4.26579519e+02  8.23872306e-07 
 4.36515832e+02  8.15837891e-07 
 4.46683592e+02  8.07882242e-07 
 4.57088190e+02  8.00004580e-07 
 4.67735141e+02  7.92204137e-07 
 4.78630092e+02  7.84480153e-07 
 4.89778819e+02  7.76831874e-07 
 5.01187234e+02  7.69258554e-07 
 5.12861384e+02  7.61759454e-07 
 5.24807460e+02  7.54333843e-07 
 5.37031796e+02  7.46980998e-07 
 5.49540874e+02  7.39700201e-07 
 5.62341325e+02  7.32490743e-07 
 5.75439937e+02  7.25351921e-07 
 5.88843655e+02  7.18283040e-07 
 6.02559586e+02  7.11283411e-07 
 6.16595002e+02  7.04352352e-07 
 6.30957344e+02  6.97489189e-07 
 6.45654229e+02  6.90693252e-07 
 6.60693448e+02  6.83963879e-07 
 6.76082975e+02  6.77300417e-07 
 6.91830971e+02  6.70702216e-07 
 7.07945784e+02  6.64168633e-07 
 7.24435960e+02  6.57699034e-07 
 7.41310241e+02  6.51292788e-07 
 7.58577575e+02  6.44949272e-07 
 7.76247117e+02  6.38667869e-07 
 7.94328235e+02  6.32447967e-07 
 8.12830516e+02  6.26288963e-07 
 8.31763771e+02  6.20190257e-07 
 8.51138038e+02  6.14151256e-07 
 8.70963590e+02  6.08171372e-07 
 8.91250938e+02  6.02250025e-07 
 9.12010839e+02  5.96386640e-07 
 9.33254301e+02  5.90580645e-07 
 9.54992586e+02  5.84831477e-07 
 9.77237221e+02  5.79138578e-07 
 1.00000000e+03  5.73501394e-07 
 1.02329299e+03  5.67919378e-07 
 1.04712855e+03  5.62391987e-07 
 1.07151931e+03  5.56918685e-07 
 1.09647820e+03  5.51498940e-07 
 1.12201845e+03  5.46132226e-07 
 1.14815362e+03  5.40818023e-07 
 1.17489755e+03  5.35555814e-07 
 1.20226443e+03  5.30345088e-07 
 1.23026877e+03  5.25185340e-07 
 1.25892541e+03  5.20076070e-07 
 1.28824955e+03  5.15016781e-07 
 1.31825674e+03  5.10006982e-07 
 1.34896288e+03  5.05046189e-07 
 1.38038426e+03  5.00133919e-07 
 1.41253754e+03  4.95269697e-07 
 1.44543977e+03  4.90453050e-07 
 1.47910839e+03  4.85683512e-07 
 1.51356125e+03  4.80960621e-07 
 1.54881662e+03  4.76283918e-07 
 1.58489319e+03  4.71652951e-07 
 1.62181010e+03  4.67067270e-07 
 1.65958691e+03  4.62526432e-07 
 1.69824365e+03  4.58029996e-07 
 1.73780083e+03  4.53577527e-07 
 1.77827941e+03  4.49168593e-07 
 1.81970086e+03  4.44802768e-07 
 1.86208714e+03  4.40479629e-07 
 1.90546072e+03  4.36198757e-07 
 1.94984460e+03  4.31959738e-07 
 1.99526231e+03  4.27762161e-07 
 2.04173794e+03  4.23605621e-07 
 2.08929613e+03  4.19489714e-07 
 2.13796209e+03  4.15414043e-07 
 2.18776162e+03  4.11378213e-07 
 2.23872114e+03  4.07381834e-07 
 2.29086765e+03  4.03424520e-07 
 2.34422882e+03  3.99505886e-07 
 2.39883292e+03  3.95625555e-07 
 2.45470892e+03  3.91783152e-07 
 2.51188643e+03  3.87978304e-07 
 2.57039578e+03  3.84210643e-07 
 2.63026799e+03  3.80479807e-07 
 2.69153480e+03  3.76785433e-07 
 2.75422870e+03  3.73127165e-07 
 2.81838293e+03  3.69504649e-07 
 2.88403150e+03  3.65917536e-07 
 2.95120923e+03  3.62365478e-07 
 3.01995172e+03  3.58848133e-07 
 3.09029543e+03  3.55365161e-07 
 3.16227766e+03  3.51916225e-07 
 3.23593657e+03  3.48500993e-07 
 3.31131121e+03  3.45119133e-07 
 3.38844156e+03  3.41770321e-07 
 3.46736850e+03  3.38454233e-07 
 3.54813389e+03  3.35170547e-07 
 3.63078055e+03  3.31918949e-07 
 3.71535229e+03  3.28699123e-07 
 3.80189396e+03  3.25510759e-07 
 3.89045145e+03  3.22353549e-07 
 3.98107171e+03  3.19227189e-07 
 4.07380278e+03  3.16131377e-07 
 4.16869383e+03  3.13065815e-07 
 4.26579519e+03  3.10030206e-07 
 4.36515832e+03  3.07024258e-07 
 4.46683592e+03  3.04047681e-07 
 4.57088190e+03  3.01100189e-07 
 4.67735141e+03  2.98181496e-07 
 4.78630092e+03  2.95291321e-07 
 4.89778819e+03  2.92429387e-07 
 5.01187234e+03  2.89595416e-07 
 5.12861384e+03  2.86789137e-07 
 5.24807460e+03  2.84010278e-07 
 5.37031796e+03  2.81258571e-07 
 5.49540874e+03  2.78533752e-07 
 5.62341325e+03  2.75835558e-07 
 5.75439937e+03  2.73163730e-07 
 5.88843655e+03  2.70518009e-07 
 6.02559586e+03  2.67898141e-07 
 6.16595002e+03  2.65303873e-07 
 6.30957344e+03  2.62734957e-07 
 6.45654229e+03  2.60191144e-07 
 6.60693448e+03  2.57672189e-07 
 6.76082975e+03  2.55177851e-07 
 6.91830971e+03  2.52707889e-07 
 7.07945784e+03  2.50262065e-07 
 7.24435960e+03  2.47840144e-07 
 7.41310241e+03  2.45441893e-07 
 7.58577575e+03  2.43067081e-07 
 7.76247117e+03  2.40715480e-07 
 7.94328235e+03  2.38386863e-07 
 8.12830516e+03  2.36081007e-07 
 8.31763771e+03  2.33797689e-07 
 8.51138038e+03  2.31536691e-07 
 8.70963590e+03  2.29297793e-07 
 8.91250938e+03  2.27080783e-07 
 9.12010839e+03  2.24885445e-07 
 9.33254301e+03  2.22711570e-07 
 9.54992586e+03  2.20558947e-07 
 9.77237221e+03  2.18427371e-07 
 1.00000000e+04  2.16316636e-07 
 1.02329299e+04  2.14226540e-07 
 1.04712855e+04  2.12156882e-07 
 1.07151931e+04  2.10107462e-07 
 1.09647820e+04  2.08078084e-07 
 1.12201845e+04  2.06068553e-07 
 1.14815362e+04  2.04078676e-07 
 1.17489755e+04  2.02108262e-07 
 1.20226443e+04  2.00157121e-07 
 1.23026877e+04  1.98225067e-07 
 1.25892541e+04  1.96311913e-07 
 1.28824955e+04  1.94417475e-07 
 1.31825674e+04  1.92541573e-07 
 1.34896288e+04  1.90684026e-07 
 1.38038426e+04  1.88844655e-07 
 1.41253754e+04  1.87023285e-07 
 1.44543977e+04  1.85219740e-07 
 1.47910839e+04  1.83433846e-07 
 1.51356125e+04  1.81665434e-07 
 1.54881662e+04  1.79914333e-07 
 1.58489319e+04  1.78180374e-07 
 1.62181010e+04  1.76463393e-07 
 1.65958691e+04  1.74763223e-07 
 1.69824365e+04  1.73079702e-07 
 1.73780083e+04  1.71412669e-07 
 1.77827941e+04  1.69761963e-07 
 1.81970086e+04  1.68127427e-07 
 1.86208714e+04  1.66508903e-07 
 1.90546072e+04  1.64906236e-07 
 1.94984460e+04  1.63319273e-07 
 1.99526231e+04  1.61747861e-07 
 2.04173794e+04  1.60191851e-07 
 2.08929613e+04  1.58651092e-07 
 2.13796209e+04  1.57125436e-07 
 2.18776162e+04  1.55614739e-07 
 2.23872114e+04  1.54118855e-07 
 2.29086765e+04  1.52637640e-07 
 2.34422882e+04  1.51170953e-07 
 2.39883292e+04  1.49718654e-07 
 2.45470892e+04  1.48280602e-07 
 2.51188643e+04  1.46856660e-07 
 2.57039578e+04  1.45446693e-07 
 2.63026799e+04  1.44050564e-07 
 2.69153480e+04  1.42668140e-07 
 2.75422870e+04  1.41299289e-07 
 2.81838293e+04  1.39943880e-07 
 2.88403150e+04  1.38601783e-07 
 2.95120923e+04  1.37272868e-07 
 3.01995172e+04  1.35957010e-07 
 3.09029543e+04  1.34654082e-07 
 3.16227766e+04  1.33363959e-07 
 3.23593657e+04  1.32086518e-07 
 3.31131121e+04  1.30821636e-07 
 3.38844156e+04  1.29569193e-07 
 3.46736850e+04  1.28329069e-07 
 3.54813389e+04  1.27101144e-07 
 3.63078055e+04  1.25885302e-07 
 3.71535229e+04  1.24681425e-07 
 3.80189396e+04  1.23489400e-07 
 3.89045145e+04  1.22309111e-07 
 3.98107171e+04  1.21140446e-07 
 4.07380278e+04  1.19983293e-07 
 4.16869383e+04  1.18837542e-07 
 4.26579519e+04  1.17703082e-07 
 4.36515832e+04  1.16579805e-07 
 4.46683592e+04  1.15467604e-07 
 4.57088190e+04  1.14366372e-07 
 4.67735141e+04  1.13276004e-07 
 4.78630092e+04  1.12196396e-07 
 4.89778819e+04  1.11127445e-07 
 5.01187234e+04  1.10069047e-07 
 5.12861384e+04  1.09021103e-07 
 5.24807460e+04  1.07983511e-07 
 5.37031796e+04  1.06956173e-07 
 5.49540874e+04  1.05938990e-07 
 5.62341325e+04  1.04931866e-07 
 5.75439937e+04  1.03934703e-07 
 5.88843655e+04  1.02947406e-07 
 6.02559586e+04  1.01969882e-07 
 6.16595002e+04  1.01002036e-07 
 6.30957344e+04  1.00043776e-07 
 6.45654229e+04  9.90950104e-08 
 6.60693448e+04  9.81556487e-08 
 6.76082975e+04  9.72256009e-08 
 6.91830971e+04  9.63047781e-08 
 7.07945784e+04  9.53930923e-08 
 7.24435960e+04  9.44904562e-08 
 7.41310241e+04  9.35967838e-08 
 7.58577575e+04  9.27119894e-08 
 7.76247117e+04  9.18359885e-08 
 7.94328235e+04  9.09686975e-08 
 8.12830516e+04  9.01100333e-08 
 8.31763771e+04  8.92599139e-08 
 8.51138038e+04  8.84182580e-08 
 8.70963590e+04  8.75849852e-08 
 8.91250938e+04  8.67600158e-08 
 9.12010839e+04  8.59432709e-08 
 9.33254301e+04  8.51346725e-08 
 9.54992586e+04  8.43341432e-08 
 9.77237221e+04  8.35416065e-08 
 1.00000000e+05  8.27569867e-08 
 1.02329299e+05  8.19802087e-08 
 1.04712855e+05  8.12111983e-08 
 1.07151931e+05  8.04498818e-08 
 1.09647820e+05  7.96961866e-08 
 1.12201845e+05  7.89500405e-08 
 1.14815362e+05  7.82113722e-08 
 1.17489755e+05  7.74801110e-08 
 1.20226443e+05  7.67561870e-08 
 1.23026877e+05  7.60395310e-08 
 1.25892541e+05  7.53300743e-08 
 1.28824955e+05  7.46277491e-08 
 1.31825674e+05  7.39324883e-08 
 1.34896288e+05  7.32442252e-08 
 1.38038426e+05  7.25628941e-08 
 1.41253754e+05  7.18884296e-08 
 1.44543977e+05  7.12207673e-08 
 1.47910839e+05  7.05598433e-08 
 1.51356125e+05  6.99055942e-08 
 1.54881662e+05  6.92579575e-08 
 1.58489319e+05  6.86168710e-08 
 1.62181010e+05  6.79822734e-08 
 1.65958691e+05  6.73541039e-08 
 1.69824365e+05  6.67323023e-08 
 1.73780083e+05  6.61168091e-08 
 1.77827941e+05  6.55075651e-08 
 1.81970086e+05  6.49045121e-08 
 1.86208714e+05  6.43075922e-08 
 1.90546072e+05  6.37167482e-08 
 1.94984460e+05  6.31319233e-08 
 1.99526231e+05  6.25530615e-08 
 2.04173794e+05  6.19801072e-08 
 2.08929613e+05  6.14130055e-08 
 2.13796209e+05  6.08517017e-08 
 2.18776162e+05  6.02961422e-08 
 2.23872114e+05  5.97462734e-08 
 2.29086765e+05  5.92020426e-08 
 2.34422882e+05  5.86633973e-08 
 2.39883292e+05  5.81302859e-08 
 2.45470892e+05  5.76026571e-08 
 2.51188643e+05  5.70804600e-08 
 2.57039578e+05  5.65636444e-08 
 2.63026799e+05  5.60521605e-08 
 2.69153480e+05  5.55459591e-08 
 2.75422870e+05  5.50449913e-08 
 2.81838293e+05  5.45492089e-08 
 2.88403150e+05  5.40585641e-08 
 2.95120923e+05  5.35730094e-08 
 3.01995172e+05  5.30924980e-08 
 3.09029543e+05  5.26169835e-08 
 3.16227766e+05  5.21464200e-08 
 3.23593657e+05  5.16807618e-08 
 3.31131121e+05  5.12199640e-08 
 3.38844156e+05  5.07639820e-08 
 3.46736850e+05  5.03127715e-08 
 3.54813389e+05  4.98662889e-08 
 3.63078055e+05  4.94244908e-08 
 3.71535229e+05  4.89873343e-08 
 3.80189396e+05  4.85547770e-08 
 3.89045145e+05  4.81267768e-08 
 3.98107171e+05  4.77032922e-08 
 4.07380278e+05  4.72842818e-08 
 4.16869383e+05  4.68697048e-08 
 4.26579519e+05  4.64595209e-08 
 4.36515832e+05  4.60536900e-08 
 4.46683592e+05  4.56521724e-08 
 4.57088190e+05  4.52549288e-08 
 4.67735141e+05  4.48619205e-08 
 4.78630092e+05  4.44731089e-08 
 4.89778819e+05  4.40884559e-08 
 5.01187234e+05  4.37079236e-08 
 5.12861384e+05  4.33314748e-08 
 5.24807460e+05  4.29590724e-08 
 5.37031796e+05  4.25906796e-08 
 5.49540874e+05  4.22262602e-08 
 5.62341325e+05  4.18657782e-08 
 5.75439937e+05  4.15091979e-08 
 5.88843655e+05  4.11564841e-08 
 6.02559586e+05  4.08076017e-08 
 6.16595002e+05  4.04625161e-08 
 6.30957344e+05  4.01211930e-08 
 6.45654229e+05  3.97835984e-08 
 6.60693448e+05  3.94496987e-08 
 6.76082975e+05  3.91194605e-08 
 6.91830971e+05  3.87928507e-08 
 7.07945784e+05  3.84698367e-08 
 7.24435960e+05  3.81503859e-08 
 7.41310241e+05  3.78344663e-08 
 7.58577575e+05  3.75220460e-08 
 7.76247117e+05  3.72130935e-08 
 7.94328235e+05  3.69075775e-08 
 8.12830516e+05  3.66054670e-08 
 8.31763771e+05  3.63067314e-08 
 8.51138038e+05  3.60113402e-08 
 8.70963590e+05  3.57192633e-08 
 8.91250938e+05  3.54304708e-08 
 9.12010839e+05  3.51449332e-08 
 9.33254301e+05  3.48626211e-08 
 9.54992586e+05  3.45835054e-08 
 9.77237221e+05  3.43075572e-08 
 1.00000000e+06  3.40347481e-08 
 1.02329299e+06  3.37650497e-08 
 1.04712855e+06  3.34984339e-08 
 1.07151931e+06  3.32348729e-08 
 1.09647820e+06  3.29743391e-08 
 1.12201845e+06  3.27168051e-08 
 1.14815362e+06  3.24622439e-08 
 1.17489755e+06  3.22106284e-08 
 1.20226443e+06  3.19619322e-08 
 1.23026877e+06  3.17161286e-08 
 1.25892541e+06  3.14731915e-08 
 1.28824955e+06  3.12330949e-08 
 1.31825674e+06  3.09958130e-08 
 1.34896288e+06  3.07613201e-08 
 1.38038426e+06  3.05295910e-08 
 1.41253754e+06  3.03006004e-08 
 1.44543977e+06  3.00743234e-08 
 1.47910839e+06  2.98507352e-08 
 1.51356125e+06  2.96298112e-08 
 1.54881662e+06  2.94115270e-08 
 1.58489319e+06  2.91958585e-08 
 1.62181010e+06  2.89827816e-08 
 1.65958691e+06  2.87722726e-08 
 1.69824365e+06  2.85643077e-08 
 1.73780083e+06  2.83588635e-08 
 1.77827941e+06  2.81559168e-08 
 1.81970086e+06  2.79554443e-08 
 1.86208714e+06  2.77574233e-08 
 1.90546072e+06  2.75618309e-08 
 1.94984460e+06  2.73686444e-08 
 1.99526231e+06  2.71778416e-08 
 2.04173794e+06  2.69894000e-08 
 2.08929613e+06  2.68032976e-08 
 2.13796209e+06  2.66195124e-08 
 2.18776162e+06  2.64380226e-08 
 2.23872114e+06  2.62588065e-08 
 2.29086765e+06  2.60818427e-08 
 2.34422882e+06  2.59071098e-08 
 2.39883292e+06  2.57345865e-08 
 2.45470892e+06  2.55642519e-08 
 2.51188643e+06  2.53960850e-08 
 2.57039578e+06  2.52300650e-08 
 2.63026799e+06  2.50661712e-08 
 2.69153480e+06  2.49043832e-08 
 2.75422870e+06  2.47446806e-08 
 2.81838293e+06  2.45870431e-08 
 2.88403150e+06  2.44314507e-08 
 2.95120923e+06  2.42778834e-08 
 3.01995172e+06  2.41263213e-08 
 3.09029543e+06  2.39767447e-08 
 3.16227766e+06  2.38291339e-08 
 3.23593657e+06  2.36834697e-08 
 3.31131121e+06  2.35397325e-08 
 3.38844156e+06  2.33979031e-08 
 3.46736850e+06  2.32579625e-08 
 3.54813389e+06  2.31198917e-08 
 3.63078055e+06  2.29836717e-08 
 3.71535229e+06  2.28492839e-08 
 3.80189396e+06  2.27167096e-08 
 3.89045145e+06  2.25859303e-08 
 3.98107171e+06  2.24569276e-08 
 4.07380278e+06  2.23296831e-08 
 4.16869383e+06  2.22041787e-08 
 4.26579519e+06  2.20803963e-08 
 4.36515832e+06  2.19583180e-08 
 4.46683592e+06  2.18379259e-08 
 4.57088190e+06  2.17192023e-08 
 4.67735141e+06  2.16021295e-08 
 4.78630092e+06  2.14866900e-08 
 4.89778819e+06  2.13728664e-08 
 5.01187234e+06  2.12606413e-08 
 5.12861384e+06  2.11499976e-08 
 5.24807460e+06  2.10409183e-08 
 5.37031796e+06  2.09333862e-08 
 5.49540874e+06  2.08273845e-08 
 5.62341325e+06  2.07228964e-08 
 5.75439937e+06  2.06199053e-08 
 5.88843655e+06  2.05183946e-08 
 6.02559586e+06  2.04183478e-08 
 6.16595002e+06  2.03197485e-08 
 6.30957344e+06  2.02225806e-08 
 6.45654229e+06  2.01268279e-08 
 6.60693448e+06  2.00324742e-08 
 6.76082975e+06  1.99395038e-08 
 6.91830971e+06  1.98479008e-08 
 7.07945784e+06  1.97576494e-08 
 7.24435960e+06  1.96687340e-08 
 7.41310241e+06  1.95811392e-08 
 7.58577575e+06  1.94948495e-08 
 7.76247117e+06  1.94098496e-08 
 7.94328235e+06  1.93261243e-08 
 8.12830516e+06  1.92436586e-08 
 8.31763771e+06  1.91624374e-08 
 8.51138038e+06  1.90824460e-08 
 8.70963590e+06  1.90036695e-08 
 8.91250938e+06  1.89260933e-08 
 9.12010839e+06  1.88497029e-08 
 9.33254301e+06  1.87744838e-08 
 9.54992586e+06  1.87004218e-08 
 9.77237221e+06  1.86275025e-08 
 1.00000000e+07  1.85557120e-08 
 1.02329299e+07  1.84850361e-08 
 1.04712855e+07  1.84154612e-08 
 1.07151931e+07  1.83469733e-08 
 1.09647820e+07  1.82795590e-08 
 1.12201845e+07  1.82132045e-08 
 1.14815362e+07  1.81478965e-08 
 1.17489755e+07  1.80836218e-08 
 1.20226443e+07  1.80203671e-08 
 1.23026877e+07  1.79581193e-08 
 1.25892541e+07  1.78968656e-08 
 1.28824955e+07  1.78365930e-08 
 1.31825674e+07  1.77772889e-08 
 1.34896288e+07  1.77189406e-08 
 1.38038426e+07  1.76615358e-08 
 1.41253754e+07  1.76050620e-08 
 1.44543977e+07  1.75495070e-08 
 1.47910839e+07  1.74948587e-08 
 1.51356125e+07  1.74411051e-08 
 1.54881662e+07  1.73882343e-08 
 1.58489319e+07  1.73362347e-08 
 1.62181010e+07  1.72850945e-08 
 1.65958691e+07  1.72348024e-08 
 1.69824365e+07  1.71853468e-08 
 1.73780083e+07  1.71367167e-08 
 1.77827941e+07  1.70889008e-08 
 1.81970086e+07  1.70418882e-08 
 1.86208714e+07  1.69956680e-08 
 1.90546072e+07  1.69502295e-08 
 1.94984460e+07  1.69055623e-08 
 1.99526231e+07  1.68616556e-08 
 2.04173794e+07  1.68184991e-08 
 2.08929613e+07  1.67760829e-08 
 2.13796209e+07  1.67343966e-08 
 2.18776162e+07  1.66934305e-08 
 2.23872114e+07  1.66531747e-08 
 2.29086765e+07  1.66136195e-08 
 2.34422882e+07  1.65747555e-08 
 2.39883292e+07  1.65365732e-08 
 2.45470892e+07  1.64990634e-08 
 2.51188643e+07  1.64622169e-08 
 2.57039578e+07  1.64260249e-08 
 2.63026799e+07  1.63904785e-08 
 2.69153480e+07  1.63555689e-08 
 2.75422870e+07  1.63212877e-08 
 2.81838293e+07  1.62876265e-08 
 2.88403150e+07  1.62545770e-08 
 2.95120923e+07  1.62221311e-08 
 3.01995172e+07  1.61902808e-08 
 3.09029543e+07  1.61590184e-08 
 3.16227766e+07  1.61283362e-08 
 3.23593657e+07  1.60982267e-08 
 3.31131121e+07  1.60686825e-08 
 3.38844156e+07  1.60396965e-08 
 3.46736850e+07  1.60112616e-08 
 3.54813389e+07  1.59833710e-08 
 3.63078055e+07  1.59560180e-08 
 3.71535229e+07  1.59291959e-08 
 3.80189396e+07  1.59028985e-08 
 3.89045145e+07  1.58771195e-08 
 3.98107171e+07  1.58518528e-08 
 4.07380278e+07  1.58270928e-08 
 4.16869383e+07  1.58028334e-08 
 4.26579519e+07  1.57790694e-08 
 4.36515832e+07  1.57557953e-08 
 4.46683592e+07  1.57330059e-08 
 4.57088190e+07  1.57106965e-08 
 4.67735141e+07  1.56888620e-08 
 4.78630092e+07  1.56674981e-08 
 4.89778819e+07  1.56466002e-08 
 5.01187234e+07  1.56261642e-08 
 5.12861384e+07  1.56061862e-08 
 5.24807460e+07  1.55866623e-08 
 5.37031796e+07  1.55675889e-08 
 5.49540874e+07  1.55489629e-08 
 5.62341325e+07  1.55307810e-08 
 5.75439937e+07  1.55130403e-08 
 5.88843655e+07  1.54957383e-08 
 6.02559586e+07  1.54788724e-08 
 6.16595002e+07  1.54624406e-08 
 6.30957344e+07  1.54464409e-08 
 6.45654229e+07  1.54308717e-08 
 6.60693448e+07  1.54157316e-08 
 6.76082975e+07  1.54010194e-08 
 6.91830971e+07  1.53867346e-08 
 7.07945784e+07  1.53728762e-08 
 7.24435960e+07  1.53594442e-08 
 7.41310241e+07  1.53464386e-08 
 7.58577575e+07  1.53338599e-08 
 7.76247117e+07  1.53217087e-08 
 7.94328235e+07  1.53099861e-08 
 8.12830516e+07  1.52986936e-08 
 8.31763771e+07  1.52878329e-08 
 8.51138038e+07  1.52774062e-08 
 8.70963590e+07  1.52674159e-08 
 8.91250938e+07  1.52578650e-08 
 9.12010839e+07  1.52487570e-08 
 9.33254301e+07  1.52400955e-08 
 9.54992586e+07  1.52318847e-08 
 9.77237221e+07  1.52241295e-08 
 1.00000000e+08  1.52168351e-08 
 1.02329299e+08  1.52100070e-08 
 1.04712855e+08  1.52036516e-08 
 1.07151931e+08  1.51977755e-08 
 1.09647820e+08  1.51923860e-08 
 1.12201845e+08  1.51874914e-08 
 1.14815362e+08  1.51830997e-08 
 1.17489755e+08  1.51792203e-08 
 1.20226443e+08  1.51758630e-08 
 1.23026877e+08  1.51730384e-08 
 1.25892541e+08  1.51707577e-08 
 1.28824955e+08  1.51690328e-08 
 1.31825674e+08  1.51678768e-08 
 1.34896288e+08  1.51673029e-08 
 1.38038426e+08  1.51673259e-08 
 1.41253754e+08  1.51679609e-08 
 1.44543977e+08  1.51692245e-08 
 1.47910839e+08  1.51711338e-08 
 1.51356125e+08  1.51737072e-08 
 1.54881662e+08  1.51769642e-08 
 1.58489319e+08  1.51809250e-08 
 1.62181010e+08  1.51856117e-08 
 1.65958691e+08  1.51910470e-08 
 1.69824365e+08  1.51972551e-08 
 1.73780083e+08  1.52042619e-08 
 1.77827941e+08  1.52120941e-08 
 1.81970086e+08  1.52207805e-08 
 1.86208714e+08  1.52303509e-08 
 1.90546072e+08  1.52408371e-08 
 1.94984460e+08  1.52522727e-08 
 1.99526231e+08  1.52646929e-08 
 2.04173794e+08  1.52781348e-08 
 2.08929613e+08  1.52926376e-08 
 2.13796209e+08  1.53082427e-08 
 2.18776162e+08  1.53249934e-08 
 2.23872114e+08  1.53429356e-08 
 2.29086765e+08  1.53621177e-08 
 2.34422882e+08  1.53825904e-08 
 2.39883292e+08  1.54044074e-08 
 2.45470892e+08  1.54276249e-08 
 2.51188643e+08  1.54523027e-08 
 2.57039578e+08  1.54785031e-08 
 2.63026799e+08  1.55062925e-08 
 2.69153480e+08  1.55357397e-08 
 2.75422870e+08  1.55669186e-08 
 2.81838293e+08  1.55999060e-08 
 2.88403150e+08  1.56347833e-08 
 2.95120923e+08  1.56716361e-08 
 3.01995172e+08  1.57105549e-08 
 3.09029543e+08  1.57516346e-08 
 3.16227766e+08  1.57949757e-08 
 3.23593657e+08  1.58406841e-08 
 3.31131121e+08  1.58888710e-08 
 3.38844156e+08  1.59396542e-08 
 3.46736850e+08  1.59931579e-08 
 3.54813389e+08  1.60495127e-08 
 3.63078055e+08  1.61088567e-08 
 3.71535229e+08  1.61713356e-08 
 3.80189396e+08  1.62371029e-08 
 3.89045145e+08  1.63063208e-08 
 3.98107171e+08  1.63791605e-08 
 4.07380278e+08  1.64558025e-08 
 4.16869383e+08  1.65364373e-08 
 4.26579519e+08  1.66212661e-08 
 4.36515832e+08  1.67105013e-08 
 4.46683592e+08  1.68043670e-08 
 4.57088190e+08  1.69030995e-08 
 4.67735141e+08  1.70069485e-08 
 4.78630092e+08  1.71161776e-08 
 4.89778819e+08  1.72310638e-08 
 5.01187234e+08  1.73519007e-08 
 5.12861384e+08  1.74789968e-08 
 5.24807460e+08  1.76126776e-08 
 5.37031796e+08  1.77532859e-08 
 5.49540874e+08  1.79011825e-08 
 5.62341325e+08  1.80567467e-08 
 5.75439937e+08  1.82203771e-08 
 5.88843655e+08  1.83924929e-08 
 6.02559586e+08  1.85735325e-08 
 6.16595002e+08  1.87639558e-08 
 6.30957344e+08  1.89642429e-08 
 6.45654229e+08  1.91748953e-08 
 6.60693448e+08  1.93964346e-08 
 6.76082975e+08  1.96294023e-08 
 6.91830971e+08  1.98743586e-08 
 7.07945784e+08  2.01318819e-08 
 7.24435960e+08  2.04025653e-08 
 7.41310241e+08  2.06870146e-08 
 7.58577575e+08  2.09858456e-08 
 7.76247117e+08  2.12996788e-08 
 7.94328235e+08  2.16291341e-08 
 8.12830516e+08  2.19748246e-08 
 8.31763771e+08  2.23373482e-08 
 8.51138038e+08  2.27172786e-08 
 8.70963590e+08  2.31151534e-08 
 8.91250938e+08  2.35314613e-08 
 9.12010839e+08  2.39666278e-08 
 9.33254301e+08  2.44209966e-08 
 9.54992586e+08  2.48948124e-08 
 9.77237221e+08  2.53881968e-08 
 1.00000000e+09  2.59011295e-08 
