 1.00000000e+00  1.10790058e-05 
 1.02329299e+00  1.09689621e-05 
 1.04712855e+00  1.08600217e-05 
 1.07151931e+00  1.07521736e-05 
 1.09647820e+00  1.06454065e-05 
 1.12201845e+00  1.05397096e-05 
 1.14815362e+00  1.04350719e-05 
 1.17489755e+00  1.03314829e-05 
 1.20226443e+00  1.02289317e-05 
 1.23026877e+00  1.01274080e-05 
 1.25892541e+00  1.00269013e-05 
 1.28824955e+00  9.92740129e-06 
 1.31825674e+00  9.82889778e-06 
 1.34896288e+00  9.73138069e-06 
 1.38038426e+00  9.63484002e-06 
 1.41253754e+00  9.53926588e-06 
 1.44543977e+00  9.44464851e-06 
 1.47910839e+00  9.35097820e-06 
 1.51356125e+00  9.25824537e-06 
 1.54881662e+00  9.16644055e-06 
 1.58489319e+00  9.07555433e-06 
 1.62181010e+00  8.98557742e-06 
 1.65958691e+00  8.89650063e-06 
 1.69824365e+00  8.80831486e-06 
 1.73780083e+00  8.72101108e-06 
 1.77827941e+00  8.63458039e-06 
 1.81970086e+00  8.54901396e-06 
 1.86208714e+00  8.46430304e-06 
 1.90546072e+00  8.38043900e-06 
 1.94984460e+00  8.29741328e-06 
 1.99526231e+00  8.21521739e-06 
 2.04173794e+00  8.13384297e-06 
 2.08929613e+00  8.05328171e-06 
 2.13796209e+00  7.97352539e-06 
 2.18776162e+00  7.89456590e-06 
 2.23872114e+00  7.81639517e-06 
 2.29086765e+00  7.73900525e-06 
 2.34422882e+00  7.66238826e-06 
 2.39883292e+00  7.58653639e-06 
 2.45470892e+00  7.51144192e-06 
 2.51188643e+00  7.43709720e-06 
 2.57039578e+00  7.36349468e-06 
 2.63026799e+00  7.29062687e-06 
 2.69153480e+00  7.21848634e-06 
 2.75422870e+00  7.14706578e-06 
 2.81838293e+00  7.07635790e-06 
 2.88403150e+00  7.00635554e-06 
 2.95120923e+00  6.93705158e-06 
 3.01995172e+00  6.86843897e-06 
 3.09029543e+00  6.80051074e-06 
 3.16227766e+00  6.73326001e-06 
 3.23593657e+00  6.66667993e-06 
 3.31131121e+00  6.60076376e-06 
 3.38844156e+00  6.53550481e-06 
 3.46736850e+00  6.47089645e-06 
 3.54813389e+00  6.40693213e-06 
 3.63078055e+00  6.34360537e-06 
 3.71535229e+00  6.28090975e-06 
 3.80189396e+00  6.21883890e-06 
 3.89045145e+00  6.15738655e-06 
 3.98107171e+00  6.09654646e-06 
 4.07380278e+00  6.03631247e-06 
 4.16869383e+00  5.97667849e-06 
 4.26579519e+00  5.91763848e-06 
 4.36515832e+00  5.85918645e-06 
 4.46683592e+00  5.80131650e-06 
 4.57088190e+00  5.74402277e-06 
 4.67735141e+00  5.68729947e-06 
 4.78630092e+00  5.63114086e-06 
 4.89778819e+00  5.57554125e-06 
 5.01187234e+00  5.52049504e-06 
 5.12861384e+00  5.46599666e-06 
 5.24807460e+00  5.41204060e-06 
 5.37031796e+00  5.35862141e-06 
 5.49540874e+00  5.30573370e-06 
 5.62341325e+00  5.25337213e-06 
 5.75439937e+00  5.20153141e-06 
 5.88843655e+00  5.15020631e-06 
 6.02559586e+00  5.09939164e-06 
 6.16595002e+00  5.04908230e-06 
 6.30957344e+00  4.99927319e-06 
 6.45654229e+00  4.94995930e-06 
 6.60693448e+00  4.90113566e-06 
 6.76082975e+00  4.85279735e-06 
 6.91830971e+00  4.80493948e-06 
 7.07945784e+00  4.75755726e-06 
 7.24435960e+00  4.71064589e-06 
 7.41310241e+00  4.66420066e-06 
 7.58577575e+00  4.61821689e-06 
 7.76247117e+00  4.57268995e-06 
 7.94328235e+00  4.52761526e-06 
 8.12830516e+00  4.48298828e-06 
 8.31763771e+00  4.43880454e-06 
 8.51138038e+00  4.39505957e-06 
 8.70963590e+00  4.35174898e-06 
 8.91250938e+00  4.30886843e-06 
 9.12010839e+00  4.26641359e-06 
 9.33254301e+00  4.22438020e-06 
 9.54992586e+00  4.18276405e-06 
 9.77237221e+00  4.14156094e-06 
 1.00000000e+01  4.10076675e-06 
 1.02329299e+01  4.06037737e-06 
 1.04712855e+01  4.02038875e-06 
 1.07151931e+01  3.98079688e-06 
 1.09647820e+01  3.94159779e-06 
 1.12201845e+01  3.90278754e-06 
 1.14815362e+01  3.86436224e-06 
 1.17489755e+01  3.82631803e-06 
 1.20226443e+01  3.78865111e-06 
 1.23026877e+01  3.75135770e-06 
 1.25892541e+01  3.71443406e-06 
 1.28824955e+01  3.67787648e-06 
 1.31825674e+01  3.64168132e-06 
 1.34896288e+01  3.60584493e-06 
 1.38038426e+01  3.57036374e-06 
 1.41253754e+01  3.53523420e-06 
 1.44543977e+01  3.50045277e-06 
 1.47910839e+01  3.46601600e-06 
 1.51356125e+01  3.43192042e-06 
 1.54881662e+01  3.39816264e-06 
 1.58489319e+01  3.36473926e-06 
 1.62181010e+01  3.33164696e-06 
 1.65958691e+01  3.29888241e-06 
 1.69824365e+01  3.26644236e-06 
 1.73780083e+01  3.23432355e-06 
 1.77827941e+01  3.20252278e-06 
 1.81970086e+01  3.17103687e-06 
 1.86208714e+01  3.13986267e-06 
 1.90546072e+01  3.10899707e-06 
 1.94984460e+01  3.07843700e-06 
 1.99526231e+01  3.04817939e-06 
 2.04173794e+01  3.01822124e-06 
 2.08929613e+01  2.98855954e-06 
 2.13796209e+01  2.95919135e-06 
 2.18776162e+01  2.93011374e-06 
 2.23872114e+01  2.90132379e-06 
 2.29086765e+01  2.87281865e-06 
 2.34422882e+01  2.84459548e-06 
 2.39883292e+01  2.81665145e-06 
 2.45470892e+01  2.78898379e-06 
 2.51188643e+01  2.76158974e-06 
 2.57039578e+01  2.73446656e-06 
 2.63026799e+01  2.70761157e-06 
 2.69153480e+01  2.68102208e-06 
 2.75422870e+01  2.65469545e-06 
 2.81838293e+01  2.62862906e-06 
 2.88403150e+01  2.60282031e-06 
 2.95120923e+01  2.57726665e-06 
 3.01995172e+01  2.55196551e-06 
 3.09029543e+01  2.52691439e-06 
 3.16227766e+01  2.50211081e-06 
 3.23593657e+01  2.47755228e-06 
 3.31131121e+01  2.45323638e-06 
 3.38844156e+01  2.42916068e-06 
 3.46736850e+01  2.40532279e-06 
 3.54813389e+01  2.38172034e-06 
 3.63078055e+01  2.35835100e-06 
 3.71535229e+01  2.33521244e-06 
 3.80189396e+01  2.31230235e-06 
 3.89045145e+01  2.28961848e-06 
 3.98107171e+01  2.26715856e-06 
 4.07380278e+01  2.24492037e-06 
 4.16869383e+01  2.22290170e-06 
 4.26579519e+01  2.20110037e-06 
 4.36515832e+01  2.17951421e-06 
 4.46683592e+01  2.15814108e-06 
 4.57088190e+01  2.13697888e-06 
 4.67735141e+01  2.11602549e-06 
 4.78630092e+01  2.09527884e-06 
 4.89778819e+01  2.07473687e-06 
 5.01187234e+01  2.05439756e-06 
 5.12861384e+01  2.03425888e-06 
 5.24807460e+01  2.01431884e-06 
 5.37031796e+01  1.99457547e-06 
 5.49540874e+01  1.97502681e-06 
 5.62341325e+01  1.95567093e-06 
 5.75439937e+01  1.93650591e-06 
 5.88843655e+01  1.91752986e-06 
 6.02559586e+01  1.89874089e-06 
 6.16595002e+01  1.88013715e-06 
 6.30957344e+01  1.86171680e-06 
 6.45654229e+01  1.84347802e-06 
 6.60693448e+01  1.82541901e-06 
 6.76082975e+01  1.80753797e-06 
 6.91830971e+01  1.78983315e-06 
 7.07945784e+01  1.77230278e-06 
 7.24435960e+01  1.75494516e-06 
 7.41310241e+01  1.73775854e-06 
 7.58577575e+01  1.72074125e-06 
 7.76247117e+01  1.70389159e-06 
 7.94328235e+01  1.68720791e-06 
 8.12830516e+01  1.67068856e-06 
 8.31763771e+01  1.65433191e-06 
 8.51138038e+01  1.63813634e-06 
 8.70963590e+01  1.62210026e-06 
 8.91250938e+01  1.60622208e-06 
 9.12010839e+01  1.59050024e-06 
 9.33254301e+01  1.57493319e-06 
 9.54992586e+01  1.55951939e-06 
 9.77237221e+01  1.54425733e-06 
 1.00000000e+02  1.52914549e-06 
 1.02329299e+02  1.51418239e-06 
 1.04712855e+02  1.49936656e-06 
 1.07151931e+02  1.48469654e-06 
 1.09647820e+02  1.47017088e-06 
 1.12201845e+02  1.45578814e-06 
 1.14815362e+02  1.44154693e-06 
 1.17489755e+02  1.42744582e-06 
 1.20226443e+02  1.41348344e-06 
 1.23026877e+02  1.39965841e-06 
 1.25892541e+02  1.38596937e-06 
 1.28824955e+02  1.37241497e-06 
 1.31825674e+02  1.35899388e-06 
 1.34896288e+02  1.34570478e-06 
 1.38038426e+02  1.33254637e-06 
 1.41253754e+02  1.31951734e-06 
 1.44543977e+02  1.30661642e-06 
 1.47910839e+02  1.29384234e-06 
 1.51356125e+02  1.28119384e-06 
 1.54881662e+02  1.26866969e-06 
 1.58489319e+02  1.25626865e-06 
 1.62181010e+02  1.24398950e-06 
 1.65958691e+02  1.23183104e-06 
 1.69824365e+02  1.21979207e-06 
 1.73780083e+02  1.20787141e-06 
 1.77827941e+02  1.19606789e-06 
 1.81970086e+02  1.18438036e-06 
 1.86208714e+02  1.17280766e-06 
 1.90546072e+02  1.16134866e-06 
 1.94984460e+02  1.15000223e-06 
 1.99526231e+02  1.13876727e-06 
 2.04173794e+02  1.12764266e-06 
 2.08929613e+02  1.11662733e-06 
 2.13796209e+02  1.10572019e-06 
 2.18776162e+02  1.09492016e-06 
 2.23872114e+02  1.08422620e-06 
 2.29086765e+02  1.07363725e-06 
 2.34422882e+02  1.06315228e-06 
 2.39883292e+02  1.05277025e-06 
 2.45470892e+02  1.04249016e-06 
 2.51188643e+02  1.03231099e-06 
 2.57039578e+02  1.02223175e-06 
 2.63026799e+02  1.01225144e-06 
 2.69153480e+02  1.00236911e-06 
 2.75422870e+02  9.92583763e-07 
 2.81838293e+02  9.82894459e-07 
 2.88403150e+02  9.73300245e-07 
 2.95120923e+02  9.63800183e-07 
 3.01995172e+02  9.54393342e-07 
 3.09029543e+02  9.45078803e-07 
 3.16227766e+02  9.35855655e-07 
 3.23593657e+02  9.26722995e-07 
 3.31131121e+02  9.17679932e-07 
 3.38844156e+02  9.08725580e-07 
 3.46736850e+02  8.99859064e-07 
 3.54813389e+02  8.91079519e-07 
 3.63078055e+02  8.82386085e-07 
 3.71535229e+02  8.73777914e-07 
 3.80189396e+02  8.65254164e-07 
 3.89045145e+02  8.56814003e-07 
 3.98107171e+02  8.48456607e-07 
 4.07380278e+02  8.40181159e-07 
 4.16869383e+02  8.31986852e-07 
 4.26579519e+02  8.23872885e-07 
 4.36515832e+02  8.15838467e-07 
 4.46683592e+02  8.07882813e-07 
 4.57088190e+02  8.00005147e-07 
 4.67735141e+02  7.92204701e-07 
 4.78630092e+02  7.84480712e-07 
 4.89778819e+02  7.76832429e-07 
 5.01187234e+02  7.69259105e-07 
 5.12861384e+02  7.61760001e-07 
 5.24807460e+02  7.54334386e-07 
 5.37031796e+02  7.46981537e-07 
 5.49540874e+02  7.39700736e-07 
 5.62341325e+02  7.32491274e-07 
 5.75439937e+02  7.25352449e-07 
 5.88843655e+02  7.18283564e-07 
 6.02559586e+02  7.11283932e-07 
 6.16595002e+02  7.04352869e-07 
 6.30957344e+02  6.97489702e-07 
 6.45654229e+02  6.90693761e-07 
 6.60693448e+02  6.83964385e-07 
 6.76082975e+02  6.77300919e-07 
 6.91830971e+02  6.70702715e-07 
 7.07945784e+02  6.64169129e-07 
 7.24435960e+02  6.57699526e-07 
 7.41310241e+02  6.51293276e-07 
 7.58577575e+02  6.44949756e-07 
 7.76247117e+02  6.38668350e-07 
 7.94328235e+02  6.32448445e-07 
 8.12830516e+02  6.26289438e-07 
 8.31763771e+02  6.20190728e-07 
 8.51138038e+02  6.14151724e-07 
 8.70963590e+02  6.08171837e-07 
 8.91250938e+02  6.02250487e-07 
 9.12010839e+02  5.96387098e-07 
 9.33254301e+02  5.90581100e-07 
 9.54992586e+02  5.84831929e-07 
 9.77237221e+02  5.79139027e-07 
 1.00000000e+03  5.73501839e-07 
 1.02329299e+03  5.67919820e-07 
 1.04712855e+03  5.62392426e-07 
 1.07151931e+03  5.56919121e-07 
 1.09647820e+03  5.51499373e-07 
 1.12201845e+03  5.46132657e-07 
 1.14815362e+03  5.40818450e-07 
 1.17489755e+03  5.35556238e-07 
 1.20226443e+03  5.30345509e-07 
 1.23026877e+03  5.25185759e-07 
 1.25892541e+03  5.20076485e-07 
 1.28824955e+03  5.15017194e-07 
 1.31825674e+03  5.10007393e-07 
 1.34896288e+03  5.05046596e-07 
 1.38038426e+03  5.00134324e-07 
 1.41253754e+03  4.95270099e-07 
 1.44543977e+03  4.90453450e-07 
 1.47910839e+03  4.85683909e-07 
 1.51356125e+03  4.80961015e-07 
 1.54881662e+03  4.76284310e-07 
 1.58489319e+03  4.71653340e-07 
 1.62181010e+03  4.67067656e-07 
 1.65958691e+03  4.62526815e-07 
 1.69824365e+03  4.58030377e-07 
 1.73780083e+03  4.53577905e-07 
 1.77827941e+03  4.49168969e-07 
 1.81970086e+03  4.44803142e-07 
 1.86208714e+03  4.40480000e-07 
 1.90546072e+03  4.36199126e-07 
 1.94984460e+03  4.31960105e-07 
 1.99526231e+03  4.27762526e-07 
 2.04173794e+03  4.23605983e-07 
 2.08929613e+03  4.19490074e-07 
 2.13796209e+03  4.15414401e-07 
 2.18776162e+03  4.11378569e-07 
 2.23872114e+03  4.07382188e-07 
 2.29086765e+03  4.03424871e-07 
 2.34422882e+03  3.99506235e-07 
 2.39883292e+03  3.95625902e-07 
 2.45470892e+03  3.91783496e-07 
 2.51188643e+03  3.87978646e-07 
 2.57039578e+03  3.84210984e-07 
 2.63026799e+03  3.80480145e-07 
 2.69153480e+03  3.76785769e-07 
 2.75422870e+03  3.73127499e-07 
 2.81838293e+03  3.69504982e-07 
 2.88403150e+03  3.65917866e-07 
 2.95120923e+03  3.62365807e-07 
 3.01995172e+03  3.58848460e-07 
 3.09029543e+03  3.55365486e-07 
 3.16227766e+03  3.51916548e-07 
 3.23593657e+03  3.48501313e-07 
 3.31131121e+03  3.45119452e-07 
 3.38844156e+03  3.41770638e-07 
 3.46736850e+03  3.38454548e-07 
 3.54813389e+03  3.35170861e-07 
 3.63078055e+03  3.31919261e-07 
 3.71535229e+03  3.28699433e-07 
 3.80189396e+03  3.25511067e-07 
 3.89045145e+03  3.22353856e-07 
 3.98107171e+03  3.19227495e-07 
 4.07380278e+03  3.16131681e-07 
 4.16869383e+03  3.13066117e-07 
 4.26579519e+03  3.10030507e-07 
 4.36515832e+03  3.07024557e-07 
 4.46683592e+03  3.04047979e-07 
 4.57088190e+03  3.01100485e-07 
 4.67735141e+03  2.98181790e-07 
 4.78630092e+03  2.95291614e-07 
 4.89778819e+03  2.92429678e-07 
 5.01187234e+03  2.89595706e-07 
 5.12861384e+03  2.86789425e-07 
 5.24807460e+03  2.84010565e-07 
 5.37031796e+03  2.81258857e-07 
 5.49540874e+03  2.78534037e-07 
 5.62341325e+03  2.75835842e-07 
 5.75439937e+03  2.73164011e-07 
 5.88843655e+03  2.70518289e-07 
 6.02559586e+03  2.67898420e-07 
 6.16595002e+03  2.65304151e-07 
 6.30957344e+03  2.62735234e-07 
 6.45654229e+03  2.60191420e-07 
 6.60693448e+03  2.57672464e-07 
 6.76082975e+03  2.55178125e-07 
 6.91830971e+03  2.52708161e-07 
 7.07945784e+03  2.50262336e-07 
 7.24435960e+03  2.47840414e-07 
 7.41310241e+03  2.45442162e-07 
 7.58577575e+03  2.43067349e-07 
 7.76247117e+03  2.40715747e-07 
 7.94328235e+03  2.38387129e-07 
 8.12830516e+03  2.36081272e-07 
 8.31763771e+03  2.33797953e-07 
 8.51138038e+03  2.31536954e-07 
 8.70963590e+03  2.29298056e-07 
 8.91250938e+03  2.27081044e-07 
 9.12010839e+03  2.24885705e-07 
 9.33254301e+03  2.22711829e-07 
 9.54992586e+03  2.20559206e-07 
 9.77237221e+03  2.18427629e-07 
 1.00000000e+04  2.16316893e-07 
 1.02329299e+04  2.14226796e-07 
 1.04712855e+04  2.12157137e-07 
 1.07151931e+04  2.10107717e-07 
 1.09647820e+04  2.08078338e-07 
 1.12201845e+04  2.06068806e-07 
 1.14815362e+04  2.04078929e-07 
 1.17489755e+04  2.02108514e-07 
 1.20226443e+04  2.00157372e-07 
 1.23026877e+04  1.98225317e-07 
 1.25892541e+04  1.96312163e-07 
 1.28824955e+04  1.94417725e-07 
 1.31825674e+04  1.92541822e-07 
 1.34896288e+04  1.90684274e-07 
 1.38038426e+04  1.88844903e-07 
 1.41253754e+04  1.87023532e-07 
 1.44543977e+04  1.85219986e-07 
 1.47910839e+04  1.83434093e-07 
 1.51356125e+04  1.81665680e-07 
 1.54881662e+04  1.79914578e-07 
 1.58489319e+04  1.78180619e-07 
 1.62181010e+04  1.76463637e-07 
 1.65958691e+04  1.74763467e-07 
 1.69824365e+04  1.73079946e-07 
 1.73780083e+04  1.71412913e-07 
 1.77827941e+04  1.69762207e-07 
 1.81970086e+04  1.68127670e-07 
 1.86208714e+04  1.66509146e-07 
 1.90546072e+04  1.64906479e-07 
 1.94984460e+04  1.63319515e-07 
 1.99526231e+04  1.61748103e-07 
 2.04173794e+04  1.60192092e-07 
 2.08929613e+04  1.58651333e-07 
 2.13796209e+04  1.57125678e-07 
 2.18776162e+04  1.55614981e-07 
 2.23872114e+04  1.54119096e-07 
 2.29086765e+04  1.52637881e-07 
 2.34422882e+04  1.51171194e-07 
 2.39883292e+04  1.49718895e-07 
 2.45470892e+04  1.48280843e-07 
 2.51188643e+04  1.46856901e-07 
 2.57039578e+04  1.45446934e-07 
 2.63026799e+04  1.44050805e-07 
 2.69153480e+04  1.42668382e-07 
 2.75422870e+04  1.41299531e-07 
 2.81838293e+04  1.39944121e-07 
 2.88403150e+04  1.38602024e-07 
 2.95120923e+04  1.37273110e-07 
 3.01995172e+04  1.35957252e-07 
 3.09029543e+04  1.34654324e-07 
 3.16227766e+04  1.33364201e-07 
 3.23593657e+04  1.32086760e-07 
 3.31131121e+04  1.30821879e-07 
 3.38844156e+04  1.29569436e-07 
 3.46736850e+04  1.28329311e-07 
 3.54813389e+04  1.27101387e-07 
 3.63078055e+04  1.25885545e-07 
 3.71535229e+04  1.24681669e-07 
 3.80189396e+04  1.23489644e-07 
 3.89045145e+04  1.22309356e-07 
 3.98107171e+04  1.21140691e-07 
 4.07380278e+04  1.19983539e-07 
 4.16869383e+04  1.18837787e-07 
 4.26579519e+04  1.17703328e-07 
 4.36515832e+04  1.16580052e-07 
 4.46683592e+04  1.15467851e-07 
 4.57088190e+04  1.14366620e-07 
 4.67735141e+04  1.13276252e-07 
 4.78630092e+04  1.12196645e-07 
 4.89778819e+04  1.11127694e-07 
 5.01187234e+04  1.10069297e-07 
 5.12861384e+04  1.09021353e-07 
 5.24807460e+04  1.07983762e-07 
 5.37031796e+04  1.06956425e-07 
 5.49540874e+04  1.05939243e-07 
 5.62341325e+04  1.04932119e-07 
 5.75439937e+04  1.03934957e-07 
 5.88843655e+04  1.02947661e-07 
 6.02559586e+04  1.01970137e-07 
 6.16595002e+04  1.01002292e-07 
 6.30957344e+04  1.00044033e-07 
 6.45654229e+04  9.90952682e-08 
 6.60693448e+04  9.81559074e-08 
 6.76082975e+04  9.72258604e-08 
 6.91830971e+04  9.63050385e-08 
 7.07945784e+04  9.53933536e-08 
 7.24435960e+04  9.44907185e-08 
 7.41310241e+04  9.35970469e-08 
 7.58577575e+04  9.27122535e-08 
 7.76247117e+04  9.18362537e-08 
 7.94328235e+04  9.09689636e-08 
 8.12830516e+04  9.01103005e-08 
 8.31763771e+04  8.92601821e-08 
 8.51138038e+04  8.84185273e-08 
 8.70963590e+04  8.75852556e-08 
 8.91250938e+04  8.67602873e-08 
 9.12010839e+04  8.59435435e-08 
 9.33254301e+04  8.51349463e-08 
 9.54992586e+04  8.43344182e-08 
 9.77237221e+04  8.35418827e-08 
 1.00000000e+05  8.27572641e-08 
 1.02329299e+05  8.19804874e-08 
 1.04712855e+05  8.12114782e-08 
 1.07151931e+05  8.04501630e-08 
 1.09647820e+05  7.96964691e-08 
 1.12201845e+05  7.89503244e-08 
 1.14815362e+05  7.82116574e-08 
 1.17489755e+05  7.74803976e-08 
 1.20226443e+05  7.67564750e-08 
 1.23026877e+05  7.60398204e-08 
 1.25892541e+05  7.53303651e-08 
 1.28824955e+05  7.46280415e-08 
 1.31825674e+05  7.39327821e-08 
 1.34896288e+05  7.32445205e-08 
 1.38038426e+05  7.25631909e-08 
 1.41253754e+05  7.18887280e-08 
 1.44543977e+05  7.12210673e-08 
 1.47910839e+05  7.05601449e-08 
 1.51356125e+05  6.99058974e-08 
 1.54881662e+05  6.92582623e-08 
 1.58489319e+05  6.86171775e-08 
 1.62181010e+05  6.79825816e-08 
 1.65958691e+05  6.73544138e-08 
 1.69824365e+05  6.67326139e-08 
 1.73780083e+05  6.61171224e-08 
 1.77827941e+05  6.55078803e-08 
 1.81970086e+05  6.49048290e-08 
 1.86208714e+05  6.43079110e-08 
 1.90546072e+05  6.37170687e-08 
 1.94984460e+05  6.31322457e-08 
 1.99526231e+05  6.25533858e-08 
 2.04173794e+05  6.19804334e-08 
 2.08929613e+05  6.14133336e-08 
 2.13796209e+05  6.08520318e-08 
 2.18776162e+05  6.02964742e-08 
 2.23872114e+05  5.97466074e-08 
 2.29086765e+05  5.92023786e-08 
 2.34422882e+05  5.86637354e-08 
 2.39883292e+05  5.81306260e-08 
 2.45470892e+05  5.76029992e-08 
 2.51188643e+05  5.70808042e-08 
 2.57039578e+05  5.65639907e-08 
 2.63026799e+05  5.60525090e-08 
 2.69153480e+05  5.55463097e-08 
 2.75422870e+05  5.50453441e-08 
 2.81838293e+05  5.45495639e-08 
 2.88403150e+05  5.40589212e-08 
 2.95120923e+05  5.35733688e-08 
 3.01995172e+05  5.30928596e-08 
 3.09029543e+05  5.26173474e-08 
 3.16227766e+05  5.21467861e-08 
 3.23593657e+05  5.16811303e-08 
 3.31131121e+05  5.12203348e-08 
 3.38844156e+05  5.07643551e-08 
 3.46736850e+05  5.03131470e-08 
 3.54813389e+05  4.98666667e-08 
 3.63078055e+05  4.94248710e-08 
 3.71535229e+05  4.89877169e-08 
 3.80189396e+05  4.85551621e-08 
 3.89045145e+05  4.81271643e-08 
 3.98107171e+05  4.77036821e-08 
 4.07380278e+05  4.72846742e-08 
 4.16869383e+05  4.68700997e-08 
 4.26579519e+05  4.64599183e-08 
 4.36515832e+05  4.60540899e-08 
 4.46683592e+05  4.56525748e-08 
 4.57088190e+05  4.52553338e-08 
 4.67735141e+05  4.48623280e-08 
 4.78630092e+05  4.44735190e-08 
 4.89778819e+05  4.40888685e-08 
 5.01187234e+05  4.37083389e-08 
 5.12861384e+05  4.33318926e-08 
 5.24807460e+05  4.29594928e-08 
 5.37031796e+05  4.25911027e-08 
 5.49540874e+05  4.22266859e-08 
 5.62341325e+05  4.18662065e-08 
 5.75439937e+05  4.15096289e-08 
 5.88843655e+05  4.11569176e-08 
 6.02559586e+05  4.08080379e-08 
 6.16595002e+05  4.04629550e-08 
 6.30957344e+05  4.01216345e-08 
 6.45654229e+05  3.97840426e-08 
 6.60693448e+05  3.94501456e-08 
 6.76082975e+05  3.91199100e-08 
 6.91830971e+05  3.87933030e-08 
 7.07945784e+05  3.84702916e-08 
 7.24435960e+05  3.81508435e-08 
 7.41310241e+05  3.78349265e-08 
 7.58577575e+05  3.75225089e-08 
 7.76247117e+05  3.72135590e-08 
 7.94328235e+05  3.69080456e-08 
 8.12830516e+05  3.66059378e-08 
 8.31763771e+05  3.63072048e-08 
 8.51138038e+05  3.60118163e-08 
 8.70963590e+05  3.57197420e-08 
 8.91250938e+05  3.54309521e-08 
 9.12010839e+05  3.51454171e-08 
 9.33254301e+05  3.48631075e-08 
 9.54992586e+05  3.45839944e-08 
 9.77237221e+05  3.43080488e-08 
 1.00000000e+06  3.40352422e-08 
 1.02329299e+06  3.37655462e-08 
 1.04712855e+06  3.34989329e-08 
 1.07151931e+06  3.32353744e-08 
 1.09647820e+06  3.29748430e-08 
 1.12201845e+06  3.27173114e-08 
 1.14815362e+06  3.24627525e-08 
 1.17489755e+06  3.22111394e-08 
 1.20226443e+06  3.19624455e-08 
 1.23026877e+06  3.17166441e-08 
 1.25892541e+06  3.14737093e-08 
 1.28824955e+06  3.12336149e-08 
 1.31825674e+06  3.09963351e-08 
 1.34896288e+06  3.07618443e-08 
 1.38038426e+06  3.05301172e-08 
 1.41253754e+06  3.03011286e-08 
 1.44543977e+06  3.00748535e-08 
 1.47910839e+06  2.98512672e-08 
 1.51356125e+06  2.96303450e-08 
 1.54881662e+06  2.94120626e-08 
 1.58489319e+06  2.91963958e-08 
 1.62181010e+06  2.89833205e-08 
 1.65958691e+06  2.87728130e-08 
 1.69824365e+06  2.85648496e-08 
 1.73780083e+06  2.83594068e-08 
 1.77827941e+06  2.81564614e-08 
 1.81970086e+06  2.79559902e-08 
 1.86208714e+06  2.77579702e-08 
 1.90546072e+06  2.75623788e-08 
 1.94984460e+06  2.73691933e-08 
 1.99526231e+06  2.71783913e-08 
 2.04173794e+06  2.69899504e-08 
 2.08929613e+06  2.68038486e-08 
 2.13796209e+06  2.66200639e-08 
 2.18776162e+06  2.64385745e-08 
 2.23872114e+06  2.62593587e-08 
 2.29086765e+06  2.60823950e-08 
 2.34422882e+06  2.59076620e-08 
 2.39883292e+06  2.57351386e-08 
 2.45470892e+06  2.55648037e-08 
 2.51188643e+06  2.53966363e-08 
 2.57039578e+06  2.52306156e-08 
 2.63026799e+06  2.50667211e-08 
 2.69153480e+06  2.49049321e-08 
 2.75422870e+06  2.47452284e-08 
 2.81838293e+06  2.45875896e-08 
 2.88403150e+06  2.44319957e-08 
 2.95120923e+06  2.42784266e-08 
 3.01995172e+06  2.41268625e-08 
 3.09029543e+06  2.39772838e-08 
 3.16227766e+06  2.38296707e-08 
 3.23593657e+06  2.36840038e-08 
 3.31131121e+06  2.35402638e-08 
 3.38844156e+06  2.33984313e-08 
 3.46736850e+06  2.32584874e-08 
 3.54813389e+06  2.31204129e-08 
 3.63078055e+06  2.29841891e-08 
 3.71535229e+06  2.28497971e-08 
 3.80189396e+06  2.27172183e-08 
 3.89045145e+06  2.25864342e-08 
 3.98107171e+06  2.24574264e-08 
 4.07380278e+06  2.23301765e-08 
 4.16869383e+06  2.22046663e-08 
 4.26579519e+06  2.20808778e-08 
 4.36515832e+06  2.19587930e-08 
 4.46683592e+06  2.18383940e-08 
 4.57088190e+06  2.17196631e-08 
 4.67735141e+06  2.16025826e-08 
 4.78630092e+06  2.14871350e-08 
 4.89778819e+06  2.13733029e-08 
 5.01187234e+06  2.12610688e-08 
 5.12861384e+06  2.11504157e-08 
 5.24807460e+06  2.10413264e-08 
 5.37031796e+06  2.09337839e-08 
 5.49540874e+06  2.08277712e-08 
 5.62341325e+06  2.07232716e-08 
 5.75439937e+06  2.06202685e-08 
 5.88843655e+06  2.05187451e-08 
 6.02559586e+06  2.04186851e-08 
 6.16595002e+06  2.03200720e-08 
 6.30957344e+06  2.02228896e-08 
 6.45654229e+06  2.01271217e-08 
 6.60693448e+06  2.00327523e-08 
 6.76082975e+06  1.99397653e-08 
 6.91830971e+06  1.98481450e-08 
 7.07945784e+06  1.97578756e-08 
 7.24435960e+06  1.96689414e-08 
 7.41310241e+06  1.95813270e-08 
 7.58577575e+06  1.94950168e-08 
 7.76247117e+06  1.94099955e-08 
 7.94328235e+06  1.93262480e-08 
 8.12830516e+06  1.92437591e-08 
 8.31763771e+06  1.91625138e-08 
 8.51138038e+06  1.90824972e-08 
 8.70963590e+06  1.90036945e-08 
 8.91250938e+06  1.89260911e-08 
 9.12010839e+06  1.88496723e-08 
 9.33254301e+06  1.87744237e-08 
 9.54992586e+06  1.87003309e-08 
 9.77237221e+06  1.86273796e-08 
 1.00000000e+07  1.85555558e-08 
 1.02329299e+07  1.84848454e-08 
 1.04712855e+07  1.84152345e-08 
 1.07151931e+07  1.83467092e-08 
 1.09647820e+07  1.82792559e-08 
 1.12201845e+07  1.82128611e-08 
 1.14815362e+07  1.81475111e-08 
 1.17489755e+07  1.80831927e-08 
 1.20226443e+07  1.80198926e-08 
 1.23026877e+07  1.79575977e-08 
 1.25892541e+07  1.78962949e-08 
 1.28824955e+07  1.78359714e-08 
 1.31825674e+07  1.77766144e-08 
 1.34896288e+07  1.77182113e-08 
 1.38038426e+07  1.76607494e-08 
 1.41253754e+07  1.76042163e-08 
 1.44543977e+07  1.75485997e-08 
 1.47910839e+07  1.74938875e-08 
 1.51356125e+07  1.74400675e-08 
 1.54881662e+07  1.73871278e-08 
 1.58489319e+07  1.73350565e-08 
 1.62181010e+07  1.72838419e-08 
 1.65958691e+07  1.72334725e-08 
 1.69824365e+07  1.71839367e-08 
 1.73780083e+07  1.71352233e-08 
 1.77827941e+07  1.70873208e-08 
 1.81970086e+07  1.70402184e-08 
 1.86208714e+07  1.69939049e-08 
 1.90546072e+07  1.69483696e-08 
 1.94984460e+07  1.69036016e-08 
 1.99526231e+07  1.68595904e-08 
 2.04173794e+07  1.68163255e-08 
 2.08929613e+07  1.67737966e-08 
 2.13796209e+07  1.67319933e-08 
 2.18776162e+07  1.66909056e-08 
 2.23872114e+07  1.66505236e-08 
 2.29086765e+07  1.66108373e-08 
 2.34422882e+07  1.65718371e-08 
 2.39883292e+07  1.65335134e-08 
 2.45470892e+07  1.64958566e-08 
 2.51188643e+07  1.64588576e-08 
 2.57039578e+07  1.64225070e-08 
 2.63026799e+07  1.63867959e-08 
 2.69153480e+07  1.63517153e-08 
 2.75422870e+07  1.63172563e-08 
 2.81838293e+07  1.62834104e-08 
 2.88403150e+07  1.62501690e-08 
 2.95120923e+07  1.62175237e-08 
 3.01995172e+07  1.61854662e-08 
 3.09029543e+07  1.61539885e-08 
 3.16227766e+07  1.61230825e-08 
 3.23593657e+07  1.60927405e-08 
 3.31131121e+07  1.60629546e-08 
 3.38844156e+07  1.60337173e-08 
 3.46736850e+07  1.60050213e-08 
 3.54813389e+07  1.59768592e-08 
 3.63078055e+07  1.59492239e-08 
 3.71535229e+07  1.59221084e-08 
 3.80189396e+07  1.58955058e-08 
 3.89045145e+07  1.58694096e-08 
 3.98107171e+07  1.58438130e-08 
 4.07380278e+07  1.58187098e-08 
 4.16869383e+07  1.57940936e-08 
 4.26579519e+07  1.57699584e-08 
 4.36515832e+07  1.57462983e-08 
 4.46683592e+07  1.57231074e-08 
 4.57088190e+07  1.57003802e-08 
 4.67735141e+07  1.56781111e-08 
 4.78630092e+07  1.56562949e-08 
 4.89778819e+07  1.56349265e-08 
 5.01187234e+07  1.56140009e-08 
 5.12861384e+07  1.55935133e-08 
 5.24807460e+07  1.55734591e-08 
 5.37031796e+07  1.55538339e-08 
 5.49540874e+07  1.55346333e-08 
 5.62341325e+07  1.55158533e-08 
 5.75439937e+07  1.54974900e-08 
 5.88843655e+07  1.54795397e-08 
 6.02559586e+07  1.54619988e-08 
 6.16595002e+07  1.54448641e-08 
 6.30957344e+07  1.54281325e-08 
 6.45654229e+07  1.54118010e-08 
 6.60693448e+07  1.53958669e-08 
 6.76082975e+07  1.53803277e-08 
 6.91830971e+07  1.53651812e-08 
 7.07945784e+07  1.53504253e-08 
 7.24435960e+07  1.53360583e-08 
 7.41310241e+07  1.53220784e-08 
 7.58577575e+07  1.53084844e-08 
 7.76247117e+07  1.52952753e-08 
 7.94328235e+07  1.52824501e-08 
 8.12830516e+07  1.52700083e-08 
 8.31763771e+07  1.52579496e-08 
 8.51138038e+07  1.52462740e-08 
 8.70963590e+07  1.52349818e-08 
 8.91250938e+07  1.52240735e-08 
 9.12010839e+07  1.52135501e-08 
 9.33254301e+07  1.52034126e-08 
 9.54992586e+07  1.51936626e-08 
 9.77237221e+07  1.51843020e-08 
 1.00000000e+08  1.51753330e-08 
 1.02329299e+08  1.51667582e-08 
 1.04712855e+08  1.51585804e-08 
 1.07151931e+08  1.51508030e-08 
 1.09647820e+08  1.51434298e-08 
 1.12201845e+08  1.51364649e-08 
 1.14815362e+08  1.51299128e-08 
 1.17489755e+08  1.51237785e-08 
 1.20226443e+08  1.51180677e-08 
 1.23026877e+08  1.51127861e-08 
 1.25892541e+08  1.51079404e-08 
 1.28824955e+08  1.51035375e-08 
 1.31825674e+08  1.50995849e-08 
 1.34896288e+08  1.50960907e-08 
 1.38038426e+08  1.50930637e-08 
 1.41253754e+08  1.50905131e-08 
 1.44543977e+08  1.50884488e-08 
 1.47910839e+08  1.50868815e-08 
 1.51356125e+08  1.50858224e-08 
 1.54881662e+08  1.50852836e-08 
 1.58489319e+08  1.50852777e-08 
 1.62181010e+08  1.50858185e-08 
 1.65958691e+08  1.50869201e-08 
 1.69824365e+08  1.50885979e-08 
 1.73780083e+08  1.50908680e-08 
 1.77827941e+08  1.50937473e-08 
 1.81970086e+08  1.50972539e-08 
 1.86208714e+08  1.51014068e-08 
 1.90546072e+08  1.51062261e-08 
 1.94984460e+08  1.51117330e-08 
 1.99526231e+08  1.51179499e-08 
 2.04173794e+08  1.51249004e-08 
 2.08929613e+08  1.51326092e-08 
 2.13796209e+08  1.51411026e-08 
 2.18776162e+08  1.51504081e-08 
 2.23872114e+08  1.51605547e-08 
 2.29086765e+08  1.51715730e-08 
 2.34422882e+08  1.51834952e-08 
 2.39883292e+08  1.51963550e-08 
 2.45470892e+08  1.52101880e-08 
 2.51188643e+08  1.52250317e-08 
 2.57039578e+08  1.52409254e-08 
 2.63026799e+08  1.52579104e-08 
 2.69153480e+08  1.52760302e-08 
 2.75422870e+08  1.52953306e-08 
 2.81838293e+08  1.53158595e-08 
 2.88403150e+08  1.53376675e-08 
 2.95120923e+08  1.53608077e-08 
 3.01995172e+08  1.53853357e-08 
 3.09029543e+08  1.54113103e-08 
 3.16227766e+08  1.54387931e-08 
 3.23593657e+08  1.54678486e-08 
 3.31131121e+08  1.54985450e-08 
 3.38844156e+08  1.55309538e-08 
 3.46736850e+08  1.55651501e-08 
 3.54813389e+08  1.56012129e-08 
 3.63078055e+08  1.56392251e-08 
 3.71535229e+08  1.56792741e-08 
 3.80189396e+08  1.57214515e-08 
 3.89045145e+08  1.57658537e-08 
 3.98107171e+08  1.58125823e-08 
 4.07380278e+08  1.58617437e-08 
 4.16869383e+08  1.59134501e-08 
 4.26579519e+08  1.59678194e-08 
 4.36515832e+08  1.60249757e-08 
 4.46683592e+08  1.60850494e-08 
 4.57088190e+08  1.61481778e-08 
 4.67735141e+08  1.62145054e-08 
 4.78630092e+08  1.62841843e-08 
 4.89778819e+08  1.63573743e-08 
 5.01187234e+08  1.64342440e-08 
 5.12861384e+08  1.65149707e-08 
 5.24807460e+08  1.65997411e-08 
 5.37031796e+08  1.66887517e-08 
 5.49540874e+08  1.67822096e-08 
 5.62341325e+08  1.68803328e-08 
 5.75439937e+08  1.69833509e-08 
 5.88843655e+08  1.70915057e-08 
 6.02559586e+08  1.72050521e-08 
 6.16595002e+08  1.73242582e-08 
 6.30957344e+08  1.74494067e-08 
 6.45654229e+08  1.75807952e-08 
 6.60693448e+08  1.77187370e-08 
 6.76082975e+08  1.78635620e-08 
 6.91830971e+08  1.80156174e-08 
 7.07945784e+08  1.81752685e-08 
 7.24435960e+08  1.83428997e-08 
 7.41310241e+08  1.85189148e-08 
 7.58577575e+08  1.87037384e-08 
 7.76247117e+08  1.88978159e-08 
 7.94328235e+08  1.91016147e-08 
 8.12830516e+08  1.93156248e-08 
 8.31763771e+08  1.95403587e-08 
 8.51138038e+08  1.97763522e-08 
 8.70963590e+08  2.00241643e-08 
 8.91250938e+08  2.02843772e-08 
 9.12010839e+08  2.05575956e-08 
 9.33254301e+08  2.08444462e-08 
 9.54992586e+08  2.11455760e-08 
 9.77237221e+08  2.14616509e-08 
 1.00000000e+09  2.17933526e-08 
