 1.00000000e+00 -1.06942783e-03 
 1.25892541e+00 -1.34632987e-03 
 1.58489319e+00 -1.69492889e-03 
 1.99526231e+00 -2.13378905e-03 
 2.51188643e+00 -2.68628125e-03 
 3.16227766e+00 -3.38182773e-03 
 3.98107171e+00 -4.25746887e-03 
 5.01187234e+00 -5.35983574e-03 
 6.30957344e+00 -6.74763340e-03 
 7.94328235e+00 -8.49476714e-03 
 1.00000000e+01 -1.06942782e-02 
 1.25892541e+01 -1.34632985e-02 
 1.58489319e+01 -1.69492884e-02 
 1.99526231e+01 -2.13378895e-02 
 2.51188643e+01 -2.68628106e-02 
 3.16227766e+01 -3.38182734e-02 
 3.98107171e+01 -4.25746809e-02 
 5.01187234e+01 -5.35983419e-02 
 6.30957344e+01 -6.74763032e-02 
 7.94328235e+01 -8.49476098e-02 
 1.00000000e+02 -1.06942659e-01 
 1.25892541e+02 -1.34632739e-01 
 1.58489319e+02 -1.69492394e-01 
 1.99526231e+02 -2.13377918e-01 
 2.51188643e+02 -2.68626158e-01 
 3.16227766e+02 -3.38178847e-01 
 3.98107171e+02 -4.25739054e-01 
 5.01187234e+02 -5.35967946e-01 
 6.30957344e+02 -6.74732159e-01 
 7.94328235e+02 -8.49414502e-01 
 1.00000000e+03 -1.06930370e+00 
 1.25892541e+03 -1.34608223e+00 
 1.58489319e+03 -1.69443487e+00 
 1.99526231e+03 -2.13280365e+00 
 2.51188643e+03 -2.68431608e+00 
 3.16227766e+03 -3.37790972e+00 
 3.98107171e+03 -4.24966092e+00 
 5.01187234e+03 -5.34428681e+00 
 6.30957344e+03 -6.71670345e+00 
 7.94328235e+03 -8.43334900e+00 
 1.00000000e+04 -1.05726529e+01 
 1.25892541e+04 -1.32234674e+01 
 1.58489319e+04 -1.64794389e+01 
 1.99526231e+04 -2.04263884e+01 
 2.51188643e+04 -2.51197038e+01 
 3.16227766e+04 -3.05515903e+01 
 3.98107171e+04 -3.66162191e+01 
 5.01187234e+04 -4.30925728e+01 
 6.30957344e+04 -4.96680856e+01 
 7.94328235e+04 -5.60061685e+01 
 1.00000000e+05 -6.18266883e+01 
 1.25892541e+05 -6.69569429e+01 
 1.58489319e+05 -7.13360431e+01 
 1.99526231e+05 -7.49873037e+01 
 2.51188643e+05 -7.79825444e+01 
 3.16227766e+05 -8.04132392e+01 
 3.98107171e+05 -8.23723969e+01 
 5.01187234e+05 -8.39452918e+01 
 6.30957344e+05 -8.52058699e+01 
 7.94328235e+05 -8.62162553e+01 
 1.00000000e+06 -8.70277178e+01 
 1.25892541e+06 -8.76821902e+01 
 1.58489319e+06 -8.82138812e+01 
 1.99526231e+06 -8.86507811e+01 
 2.51188643e+06 -8.90159938e+01 
 3.16227766e+06 -8.93288866e+01 
 3.98107171e+06 -8.96060811e+01 
 5.01187234e+06 -8.98623182e+01 
 6.30957344e+06 -9.01112329e+01 
 7.94328235e+06 -9.03660748e+01 
 1.00000000e+07 -9.06404112e+01 
 1.25892541e+07 -9.09488472e+01 
 1.58489319e+07 -9.13078015e+01 
 1.99526231e+07 -9.17363777e+01 
 2.51188643e+07 -9.22573753e+01 
 3.16227766e+07 -9.28984921e+01 
 3.98107171e+07 -9.36937758e+01 
 5.01187234e+07 -9.46853900e+01 
 6.30957344e+07 -9.59257649e+01 
 7.94328235e+07 -9.74801984e+01 
 1.00000000e+08 -9.94299462e+01 
 1.25892541e+08 -1.01875755e+02 
 1.58489319e+08 -1.04941580e+02 
 1.99526231e+08 -1.08777702e+02 
 2.51188643e+08 -1.13561203e+02 
 3.16227766e+08 -1.19488690e+02 
 3.98107171e+08 -1.26749014e+02 
 5.01187234e+08 -1.35448039e+02 
 6.30957344e+08 -1.45431010e+02 
 7.94328235e+08 -1.55937530e+02 
 1.00000000e+09 -1.65178909e+02 
