 1.00000000e+00 -1.06845515e-03 
 1.25892541e+00 -1.34510534e-03 
 1.58489319e+00 -1.69338729e-03 
 1.99526231e+00 -2.13184829e-03 
 2.51188643e+00 -2.68383798e-03 
 3.16227766e+00 -3.37875184e-03 
 3.98107171e+00 -4.25359654e-03 
 5.01187234e+00 -5.35496078e-03 
 6.30957344e+00 -6.74149619e-03 
 7.94328235e+00 -8.48704084e-03 
 1.00000000e+01 -1.06845513e-02 
 1.25892541e+01 -1.34510531e-02 
 1.58489319e+01 -1.69338724e-02 
 1.99526231e+01 -2.13184819e-02 
 2.51188643e+01 -2.68383779e-02 
 3.16227766e+01 -3.37875145e-02 
 3.98107171e+01 -4.25359577e-02 
 5.01187234e+01 -5.35495923e-02 
 6.30957344e+01 -6.74149311e-02 
 7.94328235e+01 -8.48703470e-02 
 1.00000000e+02 -1.06845391e-01 
 1.25892541e+02 -1.34510286e-01 
 1.58489319e+02 -1.69338236e-01 
 1.99526231e+02 -2.13183845e-01 
 2.51188643e+02 -2.68381836e-01 
 3.16227766e+02 -3.37871269e-01 
 3.98107171e+02 -4.25351843e-01 
 5.01187234e+02 -5.35480492e-01 
 6.30957344e+02 -6.74118521e-01 
 7.94328235e+02 -8.48642040e-01 
 1.00000000e+03 -1.06833135e+00 
 1.25892541e+03 -1.34485836e+00 
 1.58489319e+03 -1.69289460e+00 
 1.99526231e+03 -2.13086554e+00 
 2.51188643e+03 -2.68187809e+00 
 3.16227766e+03 -3.37484434e+00 
 3.98107171e+03 -4.24580954e+00 
 5.01187234e+03 -5.33945349e+00 
 6.30957344e+03 -6.71064891e+00 
 7.94328235e+03 -8.42578634e+00 
 1.00000000e+04 -1.05632485e+01 
 1.25892541e+04 -1.32118530e+01 
 1.58489319e+04 -1.64652444e+01 
 1.99526231e+04 -2.04093086e+01 
 2.51188643e+04 -2.50996072e+01 
 3.16227766e+04 -3.05286587e+01 
 3.98107171e+04 -3.65910645e+01 
 5.01187234e+04 -4.30662360e+01 
 6.30957344e+04 -4.96418479e+01 
 7.94328235e+04 -5.59812326e+01 
 1.00000000e+05 -6.18038962e+01 
 1.25892541e+05 -6.69366661e+01 
 1.58489319e+05 -7.13182393e+01 
 1.99526231e+05 -7.49716492e+01 
 2.51188643e+05 -7.79685591e+01 
 3.16227766e+05 -8.04003702e+01 
 3.98107171e+05 -8.23600604e+01 
 5.01187234e+05 -8.39328832e+01 
 6.30957344e+05 -8.51927553e+01 
 7.94328235e+05 -8.62017500e+01 
 1.00000000e+06 -8.70110562e+01 
 1.25892541e+06 -8.76624886e+01 
 1.58489319e+06 -8.81900919e+01 
 1.99526231e+06 -8.86216383e+01 
 2.51188643e+06 -8.89799460e+01 
 3.16227766e+06 -8.92840143e+01 
 3.98107171e+06 -8.95499949e+01 
 5.01187234e+06 -8.97920314e+01 
 6.30957344e+06 -9.00230026e+01 
 7.94328235e+06 -9.02552026e+01 
 1.00000000e+07 -9.05009932e+01 
 1.25892541e+07 -9.07734597e+01 
 1.58489319e+07 -9.10871062e+01 
 1.99526231e+07 -9.14586252e+01 
 2.51188643e+07 -9.19077811e+01 
 3.16227766e+07 -9.24584528e+01 
 3.98107171e+07 -9.31398853e+01 
 5.01187234e+07 -9.39882074e+01 
 6.30957344e+07 -9.50482759e+01 
 7.94328235e+07 -9.63759066e+01 
 1.00000000e+08 -9.80405302e+01 
 1.25892541e+08 -1.00128261e+02 
 1.58489319e+08 -1.02745226e+02 
 1.99526231e+08 -1.06020723e+02 
 2.51188643e+08 -1.10109139e+02 
 3.16227766e+08 -1.15188333e+02 
 3.98107171e+08 -1.21449689e+02 
 5.01187234e+08 -1.29070313e+02 
 6.30957344e+08 -1.38149391e+02 
 7.94328235e+08 -1.48577992e+02 
 1.00000000e+09 -1.59802741e+02 
