 1.00000000e+00  3.65146169e+01 
 1.25892541e+00  3.65146169e+01 
 1.58489319e+00  3.65146169e+01 
 1.99526231e+00  3.65146169e+01 
 2.51188643e+00  3.65146169e+01 
 3.16227766e+00  3.65146169e+01 
 3.98107171e+00  3.65146169e+01 
 5.01187234e+00  3.65146169e+01 
 6.30957344e+00  3.65146169e+01 
 7.94328235e+00  3.65146169e+01 
 1.00000000e+01  3.65146169e+01 
 1.25892541e+01  3.65146168e+01 
 1.58489319e+01  3.65146168e+01 
 1.99526231e+01  3.65146167e+01 
 2.51188643e+01  3.65146165e+01 
 3.16227766e+01  3.65146163e+01 
 3.98107171e+01  3.65146159e+01 
 5.01187234e+01  3.65146152e+01 
 6.30957344e+01  3.65146142e+01 
 7.94328235e+01  3.65146127e+01 
 1.00000000e+02  3.65146102e+01 
 1.25892541e+02  3.65146062e+01 
 1.58489319e+02  3.65146000e+01 
 1.99526231e+02  3.65145901e+01 
 2.51188643e+02  3.65145744e+01 
 3.16227766e+02  3.65145495e+01 
 3.98107171e+02  3.65145101e+01 
 5.01187234e+02  3.65144475e+01 
 6.30957344e+02  3.65143485e+01 
 7.94328235e+02  3.65141915e+01 
 1.00000000e+03  3.65139426e+01 
 1.25892541e+03  3.65135483e+01 
 1.58489319e+03  3.65129233e+01 
 1.99526231e+03  3.65119330e+01 
 2.51188643e+03  3.65103640e+01 
 3.16227766e+03  3.65078784e+01 
 3.98107171e+03  3.65039420e+01 
 5.01187234e+03  3.64977104e+01 
 6.30957344e+03  3.64878523e+01 
 7.94328235e+03  3.64722740e+01 
 1.00000000e+04  3.64476980e+01 
 1.25892541e+04  3.64090302e+01 
 1.58489319e+04  3.63484425e+01 
 1.99526231e+04  3.62541160e+01 
 2.51188643e+04  3.61086926e+01 
 3.16227766e+04  3.58877449e+01 
 3.98107171e+04  3.55590811e+01 
 5.01187234e+04  3.50843273e+01 
 6.30957344e+04  3.44243481e+01 
 7.94328235e+04  3.35485142e+01 
 1.00000000e+05  3.24444516e+01 
 1.25892541e+05  3.11225761e+01 
 1.58489319e+05  2.96122542e+01 
 1.99526231e+05  2.79522825e+01 
 2.51188643e+05  2.61813862e+01 
 3.16227766e+05  2.43324176e+01 
 3.98107171e+05  2.24304872e+01 
 5.01187234e+05  2.04935240e+01 
 6.30957344e+05  1.85337733e+01 
 7.94328235e+05  1.65593618e+01 
 1.00000000e+06  1.45755843e+01 
 1.25892541e+06  1.25858503e+01 
 1.58489319e+06  1.05923387e+01 
 1.99526231e+06  8.59643504e+00 
 2.51188643e+06  6.59901774e+00 
 3.16227766e+06  4.60064186e+00 
 3.98107171e+06  2.60165703e+00 
 5.01187234e+06  6.02282001e-01 
 6.30957344e+06 -1.39734848e+00 
 7.94328235e+06 -3.39715472e+00 
 1.00000000e+07 -5.39709491e+00 
 1.25892541e+07 -7.39715614e+00 
 1.58489319e+07 -9.39735164e+00 
 1.99526231e+07 -1.13977236e+01 
 2.51188643e+07 -1.33983523e+01 
 3.16227766e+07 -1.53993733e+01 
 3.98107171e+07 -1.74010070e+01 
 5.01187234e+07 -1.94036055e+01 
 6.30957344e+07 -2.14077289e+01 
 7.94328235e+07 -2.34142649e+01 
 1.00000000e+08 -2.54246185e+01 
 1.25892541e+08 -2.74410103e+01 
 1.58489319e+08 -2.94669422e+01 
 1.99526231e+08 -3.15079219e+01 
 2.51188643e+08 -3.35725713e+01 
 3.16227766e+08 -3.56742919e+01 
 3.98107171e+08 -3.78336846e+01 
 5.01187234e+08 -4.00818711e+01 
 6.30957344e+08 -4.24646087e+01 
 7.94328235e+08 -4.50463269e+01 
 1.00000000e+09 -4.79113278e+01 
