 1.00000000e+00  3.65145560e+01 
 1.25892541e+00  3.65145560e+01 
 1.58489319e+00  3.65145560e+01 
 1.99526231e+00  3.65145560e+01 
 2.51188643e+00  3.65145560e+01 
 3.16227766e+00  3.65145560e+01 
 3.98107171e+00  3.65145560e+01 
 5.01187234e+00  3.65145560e+01 
 6.30957344e+00  3.65145560e+01 
 7.94328235e+00  3.65145560e+01 
 1.00000000e+01  3.65145560e+01 
 1.25892541e+01  3.65145559e+01 
 1.58489319e+01  3.65145559e+01 
 1.99526231e+01  3.65145558e+01 
 2.51188643e+01  3.65145556e+01 
 3.16227766e+01  3.65145554e+01 
 3.98107171e+01  3.65145550e+01 
 5.01187234e+01  3.65145543e+01 
 6.30957344e+01  3.65145533e+01 
 7.94328235e+01  3.65145518e+01 
 1.00000000e+02  3.65145493e+01 
 1.25892541e+02  3.65145453e+01 
 1.58489319e+02  3.65145390e+01 
 1.99526231e+02  3.65145291e+01 
 2.51188643e+02  3.65145133e+01 
 3.16227766e+02  3.65144884e+01 
 3.98107171e+02  3.65144488e+01 
 5.01187234e+02  3.65143860e+01 
 6.30957344e+02  3.65142866e+01 
 7.94328235e+02  3.65141289e+01 
 1.00000000e+03  3.65138792e+01 
 1.25892541e+03  3.65134833e+01 
 1.58489319e+03  3.65128560e+01 
 1.99526231e+03  3.65118619e+01 
 2.51188643e+03  3.65102869e+01 
 3.16227766e+03  3.65077919e+01 
 3.98107171e+03  3.65038405e+01 
 5.01187234e+03  3.64975852e+01 
 6.30957344e+03  3.64876898e+01 
 7.94328235e+03  3.64720526e+01 
 1.00000000e+04  3.64473840e+01 
 1.25892541e+04  3.64085718e+01 
 1.58489319e+04  3.63477603e+01 
 1.99526231e+04  3.62530916e+01 
 2.51188643e+04  3.61071550e+01 
 3.16227766e+04  3.58854599e+01 
 3.98107171e+04  3.55557525e+01 
 5.01187234e+04  3.50796244e+01 
 6.30957344e+04  3.44179686e+01 
 7.94328235e+04  3.35402698e+01 
 1.00000000e+05  3.24343342e+01 
 1.25892541e+05  3.11107616e+01 
 1.58489319e+05  2.95990389e+01 
 1.99526231e+05  2.79379976e+01 
 2.51188643e+05  2.61663320e+01 
 3.16227766e+05  2.43168337e+01 
 3.98107171e+05  2.24145492e+01 
 5.01187234e+05  2.04773540e+01 
 6.30957344e+05  1.85174531e+01 
 7.94328235e+05  1.65429449e+01 
 1.00000000e+06  1.45591050e+01 
 1.25892541e+06  1.25693302e+01 
 1.58489319e+06  1.05757908e+01 
 1.99526231e+06  8.57986650e+00 
 2.51188643e+06  6.58243127e+00 
 3.16227766e+06  4.58403634e+00 
 3.98107171e+06  2.58502722e+00 
 5.01187234e+06  5.85617430e-01 
 6.30957344e+06 -1.41406579e+00 
 7.94328235e+06 -3.41395412e+00 
 1.00000000e+07 -5.41402347e+00 
 1.25892541e+07 -7.41428883e+00 
 1.58489319e+07 -9.41480749e+00 
 1.99526231e+07 -1.14156914e+01 
 2.51188643e+07 -1.34171314e+01 
 3.16227766e+07 -1.54194384e+01 
 3.98107171e+07 -1.74231104e+01 
 5.01187234e+07 -1.94289406e+01 
 6.30957344e+07 -2.14381882e+01 
 7.94328235e+07 -2.34528519e+01 
 1.00000000e+08 -2.54761024e+01 
 1.25892541e+08 -2.75129722e+01 
 1.58489319e+08 -2.95714502e+01 
 1.99526231e+08 -3.16642229e+01 
 2.51188643e+08 -3.38114235e+01 
 3.16227766e+08 -3.60448959e+01 
 3.98107171e+08 -3.84144643e+01 
 5.01187234e+08 -4.09958058e+01 
 6.30957344e+08 -4.38954930e+01 
 7.94328235e+08 -4.72368240e+01 
 1.00000000e+09 -5.10890393e+01 
