 1.00000000e+00  1.14790961e-05 
 1.02329299e+00  1.13652984e-05 
 1.04712855e+00  1.12526391e-05 
 1.07151931e+00  1.11411066e-05 
 1.09647820e+00  1.10306894e-05 
 1.12201845e+00  1.09213764e-05 
 1.14815362e+00  1.08131564e-05 
 1.17489755e+00  1.07060183e-05 
 1.20226443e+00  1.05999511e-05 
 1.23026877e+00  1.04949442e-05 
 1.25892541e+00  1.03909866e-05 
 1.28824955e+00  1.02880679e-05 
 1.31825674e+00  1.01861776e-05 
 1.34896288e+00  1.00853052e-05 
 1.38038426e+00  9.98544057e-06 
 1.41253754e+00  9.88657341e-06 
 1.44543977e+00  9.78869369e-06 
 1.47910839e+00  9.69179145e-06 
 1.51356125e+00  9.59585682e-06 
 1.54881662e+00  9.50088003e-06 
 1.58489319e+00  9.40685142e-06 
 1.62181010e+00  9.31376143e-06 
 1.65958691e+00  9.22160057e-06 
 1.69824365e+00  9.13035949e-06 
 1.73780083e+00  9.04002891e-06 
 1.77827941e+00  8.95059964e-06 
 1.81970086e+00  8.86206260e-06 
 1.86208714e+00  8.77440880e-06 
 1.90546072e+00  8.68762932e-06 
 1.94984460e+00  8.60171535e-06 
 1.99526231e+00  8.51665819e-06 
 2.04173794e+00  8.43244918e-06 
 2.08929613e+00  8.34907979e-06 
 2.13796209e+00  8.26654155e-06 
 2.18776162e+00  8.18482611e-06 
 2.23872114e+00  8.10392516e-06 
 2.29086765e+00  8.02383051e-06 
 2.34422882e+00  7.94453404e-06 
 2.39883292e+00  7.86602771e-06 
 2.45470892e+00  7.78830358e-06 
 2.51188643e+00  7.71135376e-06 
 2.57039578e+00  7.63517046e-06 
 2.63026799e+00  7.55974598e-06 
 2.69153480e+00  7.48507267e-06 
 2.75422870e+00  7.41114298e-06 
 2.81838293e+00  7.33794943e-06 
 2.88403150e+00  7.26548462e-06 
 2.95120923e+00  7.19374122e-06 
 3.01995172e+00  7.12271197e-06 
 3.09029543e+00  7.05238970e-06 
 3.16227766e+00  6.98276730e-06 
 3.23593657e+00  6.91383772e-06 
 3.31131121e+00  6.84559402e-06 
 3.38844156e+00  6.77802930e-06 
 3.46736850e+00  6.71113673e-06 
 3.54813389e+00  6.64490956e-06 
 3.63078055e+00  6.57934111e-06 
 3.71535229e+00  6.51442477e-06 
 3.80189396e+00  6.45015398e-06 
 3.89045145e+00  6.38652226e-06 
 3.98107171e+00  6.32352319e-06 
 4.07380278e+00  6.26115043e-06 
 4.16869383e+00  6.19939768e-06 
 4.26579519e+00  6.13825873e-06 
 4.36515832e+00  6.07772741e-06 
 4.46683592e+00  6.01779763e-06 
 4.57088190e+00  5.95846335e-06 
 4.67735141e+00  5.89971860e-06 
 4.78630092e+00  5.84155746e-06 
 4.89778819e+00  5.78397408e-06 
 5.01187234e+00  5.72696266e-06 
 5.12861384e+00  5.67051748e-06 
 5.24807460e+00  5.61463285e-06 
 5.37031796e+00  5.55930316e-06 
 5.49540874e+00  5.50452283e-06 
 5.62341325e+00  5.45028637e-06 
 5.75439937e+00  5.39658833e-06 
 5.88843655e+00  5.34342331e-06 
 6.02559586e+00  5.29078597e-06 
 6.16595002e+00  5.23867102e-06 
 6.30957344e+00  5.18707323e-06 
 6.45654229e+00  5.13598742e-06 
 6.60693448e+00  5.08540847e-06 
 6.76082975e+00  5.03533129e-06 
 6.91830971e+00  4.98575087e-06 
 7.07945784e+00  4.93666223e-06 
 7.24435960e+00  4.88806045e-06 
 7.41310241e+00  4.83994065e-06 
 7.58577575e+00  4.79229802e-06 
 7.76247117e+00  4.74512777e-06 
 7.94328235e+00  4.69842519e-06 
 8.12830516e+00  4.65218559e-06 
 8.31763771e+00  4.60640433e-06 
 8.51138038e+00  4.56107685e-06 
 8.70963590e+00  4.51619859e-06 
 8.91250938e+00  4.47176508e-06 
 9.12010839e+00  4.42777185e-06 
 9.33254301e+00  4.38421450e-06 
 9.54992586e+00  4.34108869e-06 
 9.77237221e+00  4.29839010e-06 
 1.00000000e+01  4.25611445e-06 
 1.02329299e+01  4.21425753e-06 
 1.04712855e+01  4.17281514e-06 
 1.07151931e+01  4.13178314e-06 
 1.09647820e+01  4.09115745e-06 
 1.12201845e+01  4.05093399e-06 
 1.14815362e+01  4.01110874e-06 
 1.17489755e+01  3.97167775e-06 
 1.20226443e+01  3.93263705e-06 
 1.23026877e+01  3.89398277e-06 
 1.25892541e+01  3.85571104e-06 
 1.28824955e+01  3.81781804e-06 
 1.31825674e+01  3.78030000e-06 
 1.34896288e+01  3.74315316e-06 
 1.38038426e+01  3.70637383e-06 
 1.41253754e+01  3.66995834e-06 
 1.44543977e+01  3.63390306e-06 
 1.47910839e+01  3.59820440e-06 
 1.51356125e+01  3.56285879e-06 
 1.54881662e+01  3.52786273e-06 
 1.58489319e+01  3.49321271e-06 
 1.62181010e+01  3.45890529e-06 
 1.65958691e+01  3.42493706e-06 
 1.69824365e+01  3.39130464e-06 
 1.73780083e+01  3.35800466e-06 
 1.77827941e+01  3.32503384e-06 
 1.81970086e+01  3.29238887e-06 
 1.86208714e+01  3.26006652e-06 
 1.90546072e+01  3.22806356e-06 
 1.94984460e+01  3.19637683e-06 
 1.99526231e+01  3.16500316e-06 
 2.04173794e+01  3.13393944e-06 
 2.08929613e+01  3.10318259e-06 
 2.13796209e+01  3.07272954e-06 
 2.18776162e+01  3.04257727e-06 
 2.23872114e+01  3.01272278e-06 
 2.29086765e+01  2.98316312e-06 
 2.34422882e+01  2.95389534e-06 
 2.39883292e+01  2.92491654e-06 
 2.45470892e+01  2.89622385e-06 
 2.51188643e+01  2.86781441e-06 
 2.57039578e+01  2.83968541e-06 
 2.63026799e+01  2.81183406e-06 
 2.69153480e+01  2.78425759e-06 
 2.75422870e+01  2.75695328e-06 
 2.81838293e+01  2.72991840e-06 
 2.88403150e+01  2.70315030e-06 
 2.95120923e+01  2.67664630e-06 
 3.01995172e+01  2.65040379e-06 
 3.09029543e+01  2.62442016e-06 
 3.16227766e+01  2.59869284e-06 
 3.23593657e+01  2.57321929e-06 
 3.31131121e+01  2.54799697e-06 
 3.38844156e+01  2.52302340e-06 
 3.46736850e+01  2.49829610e-06 
 3.54813389e+01  2.47381262e-06 
 3.63078055e+01  2.44957055e-06 
 3.71535229e+01  2.42556748e-06 
 3.80189396e+01  2.40180103e-06 
 3.89045145e+01  2.37826887e-06 
 3.98107171e+01  2.35496865e-06 
 4.07380278e+01  2.33189808e-06 
 4.16869383e+01  2.30905488e-06 
 4.26579519e+01  2.28643679e-06 
 4.36515832e+01  2.26404157e-06 
 4.46683592e+01  2.24186702e-06 
 4.57088190e+01  2.21991093e-06 
 4.67735141e+01  2.19817115e-06 
 4.78630092e+01  2.17664553e-06 
 4.89778819e+01  2.15533193e-06 
 5.01187234e+01  2.13422826e-06 
 5.12861384e+01  2.11333244e-06 
 5.24807460e+01  2.09264240e-06 
 5.37031796e+01  2.07215609e-06 
 5.49540874e+01  2.05187151e-06 
 5.62341325e+01  2.03178665e-06 
 5.75439937e+01  2.01189953e-06 
 5.88843655e+01  1.99220818e-06 
 6.02559586e+01  1.97271067e-06 
 6.16595002e+01  1.95340507e-06 
 6.30957344e+01  1.93428949e-06 
 6.45654229e+01  1.91536203e-06 
 6.60693448e+01  1.89662084e-06 
 6.76082975e+01  1.87806406e-06 
 6.91830971e+01  1.85968988e-06 
 7.07945784e+01  1.84149647e-06 
 7.24435960e+01  1.82348206e-06 
 7.41310241e+01  1.80564486e-06 
 7.58577575e+01  1.78798312e-06 
 7.76247117e+01  1.77049511e-06 
 7.94328235e+01  1.75317909e-06 
 8.12830516e+01  1.73603338e-06 
 8.31763771e+01  1.71905628e-06 
 8.51138038e+01  1.70224612e-06 
 8.70963590e+01  1.68560125e-06 
 8.91250938e+01  1.66912003e-06 
 9.12010839e+01  1.65280085e-06 
 9.33254301e+01  1.63664210e-06 
 9.54992586e+01  1.62064218e-06 
 9.77237221e+01  1.60479954e-06 
 1.00000000e+02  1.58911261e-06 
 1.02329299e+02  1.57357986e-06 
 1.04712855e+02  1.55819975e-06 
 1.07151931e+02  1.54297078e-06 
 1.09647820e+02  1.52789145e-06 
 1.12201845e+02  1.51296028e-06 
 1.14815362e+02  1.49817581e-06 
 1.17489755e+02  1.48353658e-06 
 1.20226443e+02  1.46904116e-06 
 1.23026877e+02  1.45468814e-06 
 1.25892541e+02  1.44047609e-06 
 1.28824955e+02  1.42640362e-06 
 1.31825674e+02  1.41246937e-06 
 1.34896288e+02  1.39867195e-06 
 1.38038426e+02  1.38501002e-06 
 1.41253754e+02  1.37148224e-06 
 1.44543977e+02  1.35808728e-06 
 1.47910839e+02  1.34482383e-06 
 1.51356125e+02  1.33169059e-06 
 1.54881662e+02  1.31868628e-06 
 1.58489319e+02  1.30580962e-06 
 1.62181010e+02  1.29305935e-06 
 1.65958691e+02  1.28043422e-06 
 1.69824365e+02  1.26793300e-06 
 1.73780083e+02  1.25555445e-06 
 1.77827941e+02  1.24329738e-06 
 1.81970086e+02  1.23116058e-06 
 1.86208714e+02  1.21914287e-06 
 1.90546072e+02  1.20724306e-06 
 1.94984460e+02  1.19546000e-06 
 1.99526231e+02  1.18379253e-06 
 2.04173794e+02  1.17223951e-06 
 2.08929613e+02  1.16079982e-06 
 2.13796209e+02  1.14947233e-06 
 2.18776162e+02  1.13825593e-06 
 2.23872114e+02  1.12714954e-06 
 2.29086765e+02  1.11615206e-06 
 2.34422882e+02  1.10526242e-06 
 2.39883292e+02  1.09447956e-06 
 2.45470892e+02  1.08380242e-06 
 2.51188643e+02  1.07322996e-06 
 2.57039578e+02  1.06276116e-06 
 2.63026799e+02  1.05239498e-06 
 2.69153480e+02  1.04213041e-06 
 2.75422870e+02  1.03196646e-06 
 2.81838293e+02  1.02190213e-06 
 2.88403150e+02  1.01193644e-06 
 2.95120923e+02  1.00206842e-06 
 3.01995172e+02  9.92297096e-07 
 3.09029543e+02  9.82621529e-07 
 3.16227766e+02  9.73040769e-07 
 3.23593657e+02  9.63553884e-07 
 3.31131121e+02  9.54159947e-07 
 3.38844156e+02  9.44858044e-07 
 3.46736850e+02  9.35647267e-07 
 3.54813389e+02  9.26526719e-07 
 3.63078055e+02  9.17495511e-07 
 3.71535229e+02  9.08552763e-07 
 3.80189396e+02  8.99697605e-07 
 3.89045145e+02  8.90929173e-07 
 3.98107171e+02  8.82246614e-07 
 4.07380278e+02  8.73649082e-07 
 4.16869383e+02  8.65135740e-07 
 4.26579519e+02  8.56705760e-07 
 4.36515832e+02  8.48358320e-07 
 4.46683592e+02  8.40092609e-07 
 4.57088190e+02  8.31907821e-07 
 4.67735141e+02  8.23803161e-07 
 4.78630092e+02  8.15777841e-07 
 4.89778819e+02  8.07831078e-07 
 5.01187234e+02  7.99962102e-07 
 5.12861384e+02  7.92170145e-07 
 5.24807460e+02  7.84454451e-07 
 5.37031796e+02  7.76814270e-07 
 5.49540874e+02  7.69248858e-07 
 5.62341325e+02  7.61757481e-07 
 5.75439937e+02  7.54339410e-07 
 5.88843655e+02  7.46993924e-07 
 6.02559586e+02  7.39720310e-07 
 6.16595002e+02  7.32517862e-07 
 6.30957344e+02  7.25385878e-07 
 6.45654229e+02  7.18323668e-07 
 6.60693448e+02  7.11330544e-07 
 6.76082975e+02  7.04405828e-07 
 6.91830971e+02  6.97548847e-07 
 7.07945784e+02  6.90758936e-07 
 7.24435960e+02  6.84035436e-07 
 7.41310241e+02  6.77377694e-07 
 7.58577575e+02  6.70785065e-07 
 7.76247117e+02  6.64256907e-07 
 7.94328235e+02  6.57792589e-07 
 8.12830516e+02  6.51391482e-07 
 8.31763771e+02  6.45052967e-07 
 8.51138038e+02  6.38776428e-07 
 8.70963590e+02  6.32561256e-07 
 8.91250938e+02  6.26406850e-07 
 9.12010839e+02  6.20312612e-07 
 9.33254301e+02  6.14277951e-07 
 9.54992586e+02  6.08302283e-07 
 9.77237221e+02  6.02385029e-07 
 1.00000000e+03  5.96525615e-07 
 1.02329299e+03  5.90723473e-07 
 1.04712855e+03  5.84978041e-07 
 1.07151931e+03  5.79288763e-07 
 1.09647820e+03  5.73655088e-07 
 1.12201845e+03  5.68076470e-07 
 1.14815362e+03  5.62552368e-07 
 1.17489755e+03  5.57082248e-07 
 1.20226443e+03  5.51665581e-07 
 1.23026877e+03  5.46301842e-07 
 1.25892541e+03  5.40990512e-07 
 1.28824955e+03  5.35731076e-07 
 1.31825674e+03  5.30523026e-07 
 1.34896288e+03  5.25365858e-07 
 1.38038426e+03  5.20259073e-07 
 1.41253754e+03  5.15202177e-07 
 1.44543977e+03  5.10194681e-07 
 1.47910839e+03  5.05236101e-07 
 1.51356125e+03  5.00325956e-07 
 1.54881662e+03  4.95463772e-07 
 1.58489319e+03  4.90649080e-07 
 1.62181010e+03  4.85881413e-07 
 1.65958691e+03  4.81160312e-07 
 1.69824365e+03  4.76485318e-07 
 1.73780083e+03  4.71855982e-07 
 1.77827941e+03  4.67271854e-07 
 1.81970086e+03  4.62732493e-07 
 1.86208714e+03  4.58237461e-07 
 1.90546072e+03  4.53786321e-07 
 1.94984460e+03  4.49378646e-07 
 1.99526231e+03  4.45014009e-07 
 2.04173794e+03  4.40691988e-07 
 2.08929613e+03  4.36412167e-07 
 2.13796209e+03  4.32174132e-07 
 2.18776162e+03  4.27977473e-07 
 2.23872114e+03  4.23821787e-07 
 2.29086765e+03  4.19706671e-07 
 2.34422882e+03  4.15631729e-07 
 2.39883292e+03  4.11596568e-07 
 2.45470892e+03  4.07600797e-07 
 2.51188643e+03  4.03644032e-07 
 2.57039578e+03  3.99725891e-07 
 2.63026799e+03  3.95845996e-07 
 2.69153480e+03  3.92003973e-07 
 2.75422870e+03  3.88199451e-07 
 2.81838293e+03  3.84432064e-07 
 2.88403150e+03  3.80701447e-07 
 2.95120923e+03  3.77007243e-07 
 3.01995172e+03  3.73349093e-07 
 3.09029543e+03  3.69726647e-07 
 3.16227766e+03  3.66139554e-07 
 3.23593657e+03  3.62587469e-07 
 3.31131121e+03  3.59070050e-07 
 3.38844156e+03  3.55586958e-07 
 3.46736850e+03  3.52137857e-07 
 3.54813389e+03  3.48722415e-07 
 3.63078055e+03  3.45340303e-07 
 3.71535229e+03  3.41991196e-07 
 3.80189396e+03  3.38674770e-07 
 3.89045145e+03  3.35390707e-07 
 3.98107171e+03  3.32138691e-07 
 4.07380278e+03  3.28918407e-07 
 4.16869383e+03  3.25729547e-07 
 4.26579519e+03  3.22571803e-07 
 4.36515832e+03  3.19444871e-07 
 4.46683592e+03  3.16348451e-07 
 4.57088190e+03  3.13282244e-07 
 4.67735141e+03  3.10245956e-07 
 4.78630092e+03  3.07239294e-07 
 4.89778819e+03  3.04261969e-07 
 5.01187234e+03  3.01313695e-07 
 5.12861384e+03  2.98394189e-07 
 5.24807460e+03  2.95503168e-07 
 5.37031796e+03  2.92640356e-07 
 5.49540874e+03  2.89805478e-07 
 5.62341325e+03  2.86998259e-07 
 5.75439937e+03  2.84218432e-07 
 5.88843655e+03  2.81465728e-07 
 6.02559586e+03  2.78739883e-07 
 6.16595002e+03  2.76040635e-07 
 6.30957344e+03  2.73367724e-07 
 6.45654229e+03  2.70720894e-07 
 6.60693448e+03  2.68099891e-07 
 6.76082975e+03  2.65504462e-07 
 6.91830971e+03  2.62934358e-07 
 7.07945784e+03  2.60389333e-07 
 7.24435960e+03  2.57869142e-07 
 7.41310241e+03  2.55373543e-07 
 7.58577575e+03  2.52902295e-07 
 7.76247117e+03  2.50455163e-07 
 7.94328235e+03  2.48031911e-07 
 8.12830516e+03  2.45632306e-07 
 8.31763771e+03  2.43256119e-07 
 8.51138038e+03  2.40903120e-07 
 8.70963590e+03  2.38573084e-07 
 8.91250938e+03  2.36265788e-07 
 9.12010839e+03  2.33981009e-07 
 9.33254301e+03  2.31718530e-07 
 9.54992586e+03  2.29478132e-07 
 9.77237221e+03  2.27259601e-07 
 1.00000000e+04  2.25062724e-07 
 1.02329299e+04  2.22887291e-07 
 1.04712855e+04  2.20733091e-07 
 1.07151931e+04  2.18599920e-07 
 1.09647820e+04  2.16487573e-07 
 1.12201845e+04  2.14395846e-07 
 1.14815362e+04  2.12324539e-07 
 1.17489755e+04  2.10273455e-07 
 1.20226443e+04  2.08242395e-07 
 1.23026877e+04  2.06231166e-07 
 1.25892541e+04  2.04239574e-07 
 1.28824955e+04  2.02267429e-07 
 1.31825674e+04  2.00314542e-07 
 1.34896288e+04  1.98380725e-07 
 1.38038426e+04  1.96465794e-07 
 1.41253754e+04  1.94569565e-07 
 1.44543977e+04  1.92691856e-07 
 1.47910839e+04  1.90832487e-07 
 1.51356125e+04  1.88991280e-07 
 1.54881662e+04  1.87168059e-07 
 1.58489319e+04  1.85362649e-07 
 1.62181010e+04  1.83574878e-07 
 1.65958691e+04  1.81804574e-07 
 1.69824365e+04  1.80051567e-07 
 1.73780083e+04  1.78315690e-07 
 1.77827941e+04  1.76596777e-07 
 1.81970086e+04  1.74894663e-07 
 1.86208714e+04  1.73209185e-07 
 1.90546072e+04  1.71540181e-07 
 1.94984460e+04  1.69887493e-07 
 1.99526231e+04  1.68250962e-07 
 2.04173794e+04  1.66630431e-07 
 2.08929613e+04  1.65025745e-07 
 2.13796209e+04  1.63436750e-07 
 2.18776162e+04  1.61863296e-07 
 2.23872114e+04  1.60305230e-07 
 2.29086765e+04  1.58762405e-07 
 2.34422882e+04  1.57234672e-07 
 2.39883292e+04  1.55721885e-07 
 2.45470892e+04  1.54223900e-07 
 2.51188643e+04  1.52740574e-07 
 2.57039578e+04  1.51271764e-07 
 2.63026799e+04  1.49817330e-07 
 2.69153480e+04  1.48377134e-07 
 2.75422870e+04  1.46951037e-07 
 2.81838293e+04  1.45538902e-07 
 2.88403150e+04  1.44140596e-07 
 2.95120923e+04  1.42755985e-07 
 3.01995172e+04  1.41384935e-07 
 3.09029543e+04  1.40027316e-07 
 3.16227766e+04  1.38682999e-07 
 3.23593657e+04  1.37351854e-07 
 3.31131121e+04  1.36033755e-07 
 3.38844156e+04  1.34728576e-07 
 3.46736850e+04  1.33436192e-07 
 3.54813389e+04  1.32156479e-07 
 3.63078055e+04  1.30889315e-07 
 3.71535229e+04  1.29634580e-07 
 3.80189396e+04  1.28392153e-07 
 3.89045145e+04  1.27161915e-07 
 3.98107171e+04  1.25943750e-07 
 4.07380278e+04  1.24737540e-07 
 4.16869383e+04  1.23543171e-07 
 4.26579519e+04  1.22360529e-07 
 4.36515832e+04  1.21189500e-07 
 4.46683592e+04  1.20029973e-07 
 4.57088190e+04  1.18881838e-07 
 4.67735141e+04  1.17744983e-07 
 4.78630092e+04  1.16619302e-07 
 4.89778819e+04  1.15504686e-07 
 5.01187234e+04  1.14401029e-07 
 5.12861384e+04  1.13308226e-07 
 5.24807460e+04  1.12226172e-07 
 5.37031796e+04  1.11154765e-07 
 5.49540874e+04  1.10093901e-07 
 5.62341325e+04  1.09043480e-07 
 5.75439937e+04  1.08003401e-07 
 5.88843655e+04  1.06973566e-07 
 6.02559586e+04  1.05953875e-07 
 6.16595002e+04  1.04944232e-07 
 6.30957344e+04  1.03944540e-07 
 6.45654229e+04  1.02954704e-07 
 6.60693448e+04  1.01974629e-07 
 6.76082975e+04  1.01004222e-07 
 6.91830971e+04  1.00043391e-07 
 7.07945784e+04  9.90920427e-08 
 7.24435960e+04  9.81500876e-08 
 7.41310241e+04  9.72174355e-08 
 7.58577575e+04  9.62939974e-08 
 7.76247117e+04  9.53796853e-08 
 7.94328235e+04  9.44744118e-08 
 8.12830516e+04  9.35780908e-08 
 8.31763771e+04  9.26906366e-08 
 8.51138038e+04  9.18119646e-08 
 8.70963590e+04  9.09419910e-08 
 8.91250938e+04  9.00806329e-08 
 9.12010839e+04  8.92278080e-08 
 9.33254301e+04  8.83834350e-08 
 9.54992586e+04  8.75474334e-08 
 9.77237221e+04  8.67197235e-08 
 1.00000000e+05  8.59002262e-08 
 1.02329299e+05  8.50888635e-08 
 1.04712855e+05  8.42855579e-08 
 1.07151931e+05  8.34902328e-08 
 1.09647820e+05  8.27028124e-08 
 1.12201845e+05  8.19232215e-08 
 1.14815362e+05  8.11513859e-08 
 1.17489755e+05  8.03872317e-08 
 1.20226443e+05  7.96306863e-08 
 1.23026877e+05  7.88816774e-08 
 1.25892541e+05  7.81401335e-08 
 1.28824955e+05  7.74059839e-08 
 1.31825674e+05  7.66791586e-08 
 1.34896288e+05  7.59595882e-08 
 1.38038426e+05  7.52472041e-08 
 1.41253754e+05  7.45419383e-08 
 1.44543977e+05  7.38437235e-08 
 1.47910839e+05  7.31524931e-08 
 1.51356125e+05  7.24681811e-08 
 1.54881662e+05  7.17907222e-08 
 1.58489319e+05  7.11200518e-08 
 1.62181010e+05  7.04561058e-08 
 1.65958691e+05  6.97988209e-08 
 1.69824365e+05  6.91481342e-08 
 1.73780083e+05  6.85039838e-08 
 1.77827941e+05  6.78663080e-08 
 1.81970086e+05  6.72350461e-08 
 1.86208714e+05  6.66101376e-08 
 1.90546072e+05  6.59915230e-08 
 1.94984460e+05  6.53791431e-08 
 1.99526231e+05  6.47729394e-08 
 2.04173794e+05  6.41728539e-08 
 2.08929613e+05  6.35788295e-08 
 2.13796209e+05  6.29908092e-08 
 2.18776162e+05  6.24087369e-08 
 2.23872114e+05  6.18325569e-08 
 2.29086765e+05  6.12622141e-08 
 2.34422882e+05  6.06976539e-08 
 2.39883292e+05  6.01388225e-08 
 2.45470892e+05  5.95856662e-08 
 2.51188643e+05  5.90381322e-08 
 2.57039578e+05  5.84961680e-08 
 2.63026799e+05  5.79597218e-08 
 2.69153480e+05  5.74287421e-08 
 2.75422870e+05  5.69031782e-08 
 2.81838293e+05  5.63829797e-08 
 2.88403150e+05  5.58680967e-08 
 2.95120923e+05  5.53584798e-08 
 3.01995172e+05  5.48540802e-08 
 3.09029543e+05  5.43548495e-08 
 3.16227766e+05  5.38607399e-08 
 3.23593657e+05  5.33717037e-08 
 3.31131121e+05  5.28876942e-08 
 3.38844156e+05  5.24086649e-08 
 3.46736850e+05  5.19345696e-08 
 3.54813389e+05  5.14653628e-08 
 3.63078055e+05  5.10009995e-08 
 3.71535229e+05  5.05414348e-08 
 3.80189396e+05  5.00866247e-08 
 3.89045145e+05  4.96365252e-08 
 3.98107171e+05  4.91910931e-08 
 4.07380278e+05  4.87502854e-08 
 4.16869383e+05  4.83140595e-08 
 4.26579519e+05  4.78823735e-08 
 4.36515832e+05  4.74551856e-08 
 4.46683592e+05  4.70324545e-08 
 4.57088190e+05  4.66141394e-08 
 4.67735141e+05  4.62001999e-08 
 4.78630092e+05  4.57905959e-08 
 4.89778819e+05  4.53852876e-08 
 5.01187234e+05  4.49842360e-08 
 5.12861384e+05  4.45874019e-08 
 5.24807460e+05  4.41947470e-08 
 5.37031796e+05  4.38062331e-08 
 5.49540874e+05  4.34218225e-08 
 5.62341325e+05  4.30414777e-08 
 5.75439937e+05  4.26651617e-08 
 5.88843655e+05  4.22928379e-08 
 6.02559586e+05  4.19244698e-08 
 6.16595002e+05  4.15600217e-08 
 6.30957344e+05  4.11994578e-08 
 6.45654229e+05  4.08427429e-08 
 6.60693448e+05  4.04898421e-08 
 6.76082975e+05  4.01407208e-08 
 6.91830971e+05  3.97953446e-08 
 7.07945784e+05  3.94536797e-08 
 7.24435960e+05  3.91156925e-08 
 7.41310241e+05  3.87813497e-08 
 7.58577575e+05  3.84506183e-08 
 7.76247117e+05  3.81234656e-08 
 7.94328235e+05  3.77998594e-08 
 8.12830516e+05  3.74797676e-08 
 8.31763771e+05  3.71631584e-08 
 8.51138038e+05  3.68500004e-08 
 8.70963590e+05  3.65402624e-08 
 8.91250938e+05  3.62339137e-08 
 9.12010839e+05  3.59309237e-08 
 9.33254301e+05  3.56312620e-08 
 9.54992586e+05  3.53348987e-08 
 9.77237221e+05  3.50418040e-08 
 1.00000000e+06  3.47519486e-08 
 1.02329299e+06  3.44653033e-08 
 1.04712855e+06  3.41818390e-08 
 1.07151931e+06  3.39015273e-08 
 1.09647820e+06  3.36243397e-08 
 1.12201845e+06  3.33502481e-08 
 1.14815362e+06  3.30792246e-08 
 1.17489755e+06  3.28112416e-08 
 1.20226443e+06  3.25462717e-08 
 1.23026877e+06  3.22842878e-08 
 1.25892541e+06  3.20252631e-08 
 1.28824955e+06  3.17691708e-08 
 1.31825674e+06  3.15159845e-08 
 1.34896288e+06  3.12656782e-08 
 1.38038426e+06  3.10182257e-08 
 1.41253754e+06  3.07736014e-08 
 1.44543977e+06  3.05317797e-08 
 1.47910839e+06  3.02927355e-08 
 1.51356125e+06  3.00564435e-08 
 1.54881662e+06  2.98228789e-08 
 1.58489319e+06  2.95920172e-08 
 1.62181010e+06  2.93638338e-08 
 1.65958691e+06  2.91383045e-08 
 1.69824365e+06  2.89154052e-08 
 1.73780083e+06  2.86951121e-08 
 1.77827941e+06  2.84774016e-08 
 1.81970086e+06  2.82622503e-08 
 1.86208714e+06  2.80496348e-08 
 1.90546072e+06  2.78395320e-08 
 1.94984460e+06  2.76319191e-08 
 1.99526231e+06  2.74267735e-08 
 2.04173794e+06  2.72240724e-08 
 2.08929613e+06  2.70237936e-08 
 2.13796209e+06  2.68259150e-08 
 2.18776162e+06  2.66304144e-08 
 2.23872114e+06  2.64372701e-08 
 2.29086765e+06  2.62464603e-08 
 2.34422882e+06  2.60579637e-08 
 2.39883292e+06  2.58717588e-08 
 2.45470892e+06  2.56878243e-08 
 2.51188643e+06  2.55061395e-08 
 2.57039578e+06  2.53266832e-08 
 2.63026799e+06  2.51494348e-08 
 2.69153480e+06  2.49743738e-08 
 2.75422870e+06  2.48014796e-08 
 2.81838293e+06  2.46307321e-08 
 2.88403150e+06  2.44621111e-08 
 2.95120923e+06  2.42955966e-08 
 3.01995172e+06  2.41311687e-08 
 3.09029543e+06  2.39688077e-08 
 3.16227766e+06  2.38084940e-08 
 3.23593657e+06  2.36502083e-08 
 3.31131121e+06  2.34939311e-08 
 3.38844156e+06  2.33396434e-08 
 3.46736850e+06  2.31873259e-08 
 3.54813389e+06  2.30369599e-08 
 3.63078055e+06  2.28885265e-08 
 3.71535229e+06  2.27420071e-08 
 3.80189396e+06  2.25973830e-08 
 3.89045145e+06  2.24546359e-08 
 3.98107171e+06  2.23137474e-08 
 4.07380278e+06  2.21746993e-08 
 4.16869383e+06  2.20374736e-08 
 4.26579519e+06  2.19020523e-08 
 4.36515832e+06  2.17684175e-08 
 4.46683592e+06  2.16365515e-08 
 4.57088190e+06  2.15064367e-08 
 4.67735141e+06  2.13780555e-08 
 4.78630092e+06  2.12513906e-08 
 4.89778819e+06  2.11264246e-08 
 5.01187234e+06  2.10031404e-08 
 5.12861384e+06  2.08815209e-08 
 5.24807460e+06  2.07615491e-08 
 5.37031796e+06  2.06432081e-08 
 5.49540874e+06  2.05264812e-08 
 5.62341325e+06  2.04113517e-08 
 5.75439937e+06  2.02978030e-08 
 5.88843655e+06  2.01858187e-08 
 6.02559586e+06  2.00753825e-08 
 6.16595002e+06  1.99664779e-08 
 6.30957344e+06  1.98590890e-08 
 6.45654229e+06  1.97531997e-08 
 6.60693448e+06  1.96487939e-08 
 6.76082975e+06  1.95458559e-08 
 6.91830971e+06  1.94443699e-08 
 7.07945784e+06  1.93443202e-08 
 7.24435960e+06  1.92456913e-08 
 7.41310241e+06  1.91484677e-08 
 7.58577575e+06  1.90526340e-08 
 7.76247117e+06  1.89581750e-08 
 7.94328235e+06  1.88650755e-08 
 8.12830516e+06  1.87733205e-08 
 8.31763771e+06  1.86828949e-08 
 8.51138038e+06  1.85937839e-08 
 8.70963590e+06  1.85059728e-08 
 8.91250938e+06  1.84194469e-08 
 9.12010839e+06  1.83341915e-08 
 9.33254301e+06  1.82501922e-08 
 9.54992586e+06  1.81674346e-08 
 9.77237221e+06  1.80859045e-08 
 1.00000000e+07  1.80055877e-08 
 1.02329299e+07  1.79264701e-08 
 1.04712855e+07  1.78485377e-08 
 1.07151931e+07  1.77717766e-08 
 1.09647820e+07  1.76961731e-08 
 1.12201845e+07  1.76217134e-08 
 1.14815362e+07  1.75483841e-08 
 1.17489755e+07  1.74761716e-08 
 1.20226443e+07  1.74050626e-08 
 1.23026877e+07  1.73350439e-08 
 1.25892541e+07  1.72661021e-08 
 1.28824955e+07  1.71982244e-08 
 1.31825674e+07  1.71313977e-08 
 1.34896288e+07  1.70656093e-08 
 1.38038426e+07  1.70008463e-08 
 1.41253754e+07  1.69370962e-08 
 1.44543977e+07  1.68743463e-08 
 1.47910839e+07  1.68125844e-08 
 1.51356125e+07  1.67517981e-08 
 1.54881662e+07  1.66919752e-08 
 1.58489319e+07  1.66331037e-08 
 1.62181010e+07  1.65751715e-08 
 1.65958691e+07  1.65181668e-08 
 1.69824365e+07  1.64620778e-08 
 1.73780083e+07  1.64068930e-08 
 1.77827941e+07  1.63526008e-08 
 1.81970086e+07  1.62991898e-08 
 1.86208714e+07  1.62466487e-08 
 1.90546072e+07  1.61949664e-08 
 1.94984460e+07  1.61441317e-08 
 1.99526231e+07  1.60941339e-08 
 2.04173794e+07  1.60449620e-08 
 2.08929613e+07  1.59966054e-08 
 2.13796209e+07  1.59490535e-08 
 2.18776162e+07  1.59022959e-08 
 2.23872114e+07  1.58563222e-08 
 2.29086765e+07  1.58111223e-08 
 2.34422882e+07  1.57666860e-08 
 2.39883292e+07  1.57230035e-08 
 2.45470892e+07  1.56800650e-08 
 2.51188643e+07  1.56378606e-08 
 2.57039578e+07  1.55963810e-08 
 2.63026799e+07  1.55556166e-08 
 2.69153480e+07  1.55155582e-08 
 2.75422870e+07  1.54761966e-08 
 2.81838293e+07  1.54375229e-08 
 2.88403150e+07  1.53995280e-08 
 2.95120923e+07  1.53622033e-08 
 3.01995172e+07  1.53255402e-08 
 3.09029543e+07  1.52895302e-08 
 3.16227766e+07  1.52541650e-08 
 3.23593657e+07  1.52194364e-08 
 3.31131121e+07  1.51853364e-08 
 3.38844156e+07  1.51518571e-08 
 3.46736850e+07  1.51189907e-08 
 3.54813389e+07  1.50867297e-08 
 3.63078055e+07  1.50550667e-08 
 3.71535229e+07  1.50239943e-08 
 3.80189396e+07  1.49935055e-08 
 3.89045145e+07  1.49635933e-08 
 3.98107171e+07  1.49342510e-08 
 4.07380278e+07  1.49054718e-08 
 4.16869383e+07  1.48772492e-08 
 4.26579519e+07  1.48495772e-08 
 4.36515832e+07  1.48224494e-08 
 4.46683592e+07  1.47958599e-08 
 4.57088190e+07  1.47698030e-08 
 4.67735141e+07  1.47442731e-08 
 4.78630092e+07  1.47192648e-08 
 4.89778819e+07  1.46947728e-08 
 5.01187234e+07  1.46707922e-08 
 5.12861384e+07  1.46473180e-08 
 5.24807460e+07  1.46243457e-08 
 5.37031796e+07  1.46018709e-08 
 5.49540874e+07  1.45798892e-08 
 5.62341325e+07  1.45583968e-08 
 5.75439937e+07  1.45373897e-08 
 5.88843655e+07  1.45168645e-08 
 6.02559586e+07  1.44968177e-08 
 6.16595002e+07  1.44772463e-08 
 6.30957344e+07  1.44581476e-08 
 6.45654229e+07  1.44395186e-08 
 6.60693448e+07  1.44213571e-08 
 6.76082975e+07  1.44036609e-08 
 6.91830971e+07  1.43864283e-08 
 7.07945784e+07  1.43696576e-08 
 7.24435960e+07  1.43533476e-08 
 7.41310241e+07  1.43374971e-08 
 7.58577575e+07  1.43221056e-08 
 7.76247117e+07  1.43071725e-08 
 7.94328235e+07  1.42926978e-08 
 8.12830516e+07  1.42786818e-08 
 8.31763771e+07  1.42651249e-08 
 8.51138038e+07  1.42520281e-08 
 8.70963590e+07  1.42393927e-08 
 8.91250938e+07  1.42272203e-08 
 9.12010839e+07  1.42155131e-08 
 9.33254301e+07  1.42042732e-08 
 9.54992586e+07  1.41935038e-08 
 9.77237221e+07  1.41832078e-08 
 1.00000000e+08  1.41733892e-08 
 1.02329299e+08  1.41640520e-08 
 1.04712855e+08  1.41552009e-08 
 1.07151931e+08  1.41468410e-08 
 1.09647820e+08  1.41389779e-08 
 1.12201845e+08  1.41316180e-08 
 1.14815362e+08  1.41247677e-08 
 1.17489755e+08  1.41184348e-08 
 1.20226443e+08  1.41126268e-08 
 1.23026877e+08  1.41073523e-08 
 1.25892541e+08  1.41026206e-08 
 1.28824955e+08  1.40984414e-08 
 1.31825674e+08  1.40948254e-08 
 1.34896288e+08  1.40917840e-08 
 1.38038426e+08  1.40893291e-08 
 1.41253754e+08  1.40874736e-08 
 1.44543977e+08  1.40862313e-08 
 1.47910839e+08  1.40856167e-08 
 1.51356125e+08  1.40856455e-08 
 1.54881662e+08  1.40863339e-08 
 1.58489319e+08  1.40876990e-08 
 1.62181010e+08  1.40897598e-08 
 1.65958691e+08  1.40925357e-08 
 1.69824365e+08  1.40960473e-08 
 1.73780083e+08  1.41003164e-08 
 1.77827941e+08  1.41053662e-08 
 1.81970086e+08  1.41112212e-08 
 1.86208714e+08  1.41179072e-08 
 1.90546072e+08  1.41254512e-08 
 1.94984460e+08  1.41338819e-08 
 1.99526231e+08  1.41432298e-08 
 2.04173794e+08  1.41535263e-08 
 2.08929613e+08  1.41648055e-08 
 2.13796209e+08  1.41771023e-08 
 2.18776162e+08  1.41904545e-08 
 2.23872114e+08  1.42049010e-08 
 2.29086765e+08  1.42204834e-08 
 2.34422882e+08  1.42372450e-08 
 2.39883292e+08  1.42552318e-08 
 2.45470892e+08  1.42744919e-08 
 2.51188643e+08  1.42950763e-08 
 2.57039578e+08  1.43170381e-08 
 2.63026799e+08  1.43404334e-08 
 2.69153480e+08  1.43653214e-08 
 2.75422870e+08  1.43917652e-08 
 2.81838293e+08  1.44198287e-08 
 2.88403150e+08  1.44495814e-08 
 2.95120923e+08  1.44810959e-08 
 3.01995172e+08  1.45144482e-08 
 3.09029543e+08  1.45497184e-08 
 3.16227766e+08  1.45869909e-08 
 3.23593657e+08  1.46263543e-08 
 3.31131121e+08  1.46679021e-08 
 3.38844156e+08  1.47117320e-08 
 3.46736850e+08  1.47579478e-08 
 3.54813389e+08  1.48066575e-08 
 3.63078055e+08  1.48579762e-08 
 3.71535229e+08  1.49120233e-08 
 3.80189396e+08  1.49689255e-08 
 3.89045145e+08  1.50288157e-08 
 3.98107171e+08  1.50918339e-08 
 4.07380278e+08  1.51581272e-08 
 4.16869383e+08  1.52278512e-08 
 4.26579519e+08  1.53011675e-08 
 4.36515832e+08  1.53782483e-08 
 4.46683592e+08  1.54592730e-08 
 4.57088190e+08  1.55444308e-08 
 4.67735141e+08  1.56339205e-08 
 4.78630092e+08  1.57279519e-08 
 4.89778819e+08  1.58267442e-08 
 5.01187234e+08  1.59305272e-08 
 5.12861384e+08  1.60395434e-08 
 5.24807460e+08  1.61540465e-08 
 5.37031796e+08  1.62743028e-08 
 5.49540874e+08  1.64005916e-08 
 5.62341325e+08  1.65332036e-08 
 5.75439937e+08  1.66724449e-08 
 5.88843655e+08  1.68186349e-08 
 6.02559586e+08  1.69721061e-08 
 6.16595002e+08  1.71332054e-08 
 6.30957344e+08  1.73022942e-08 
 6.45654229e+08  1.74797484e-08 
 6.60693448e+08  1.76659557e-08 
 6.76082975e+08  1.78613194e-08 
 6.91830971e+08  1.80662532e-08 
 7.07945784e+08  1.82811844e-08 
 7.24435960e+08  1.85065487e-08 
 7.41310241e+08  1.87427918e-08 
 7.58577575e+08  1.89903667e-08 
 7.76247117e+08  1.92497279e-08 
 7.94328235e+08  1.95213321e-08 
 8.12830516e+08  1.98056347e-08 
 8.31763771e+08  2.01030810e-08 
 8.51138038e+08  2.04141043e-08 
 8.70963590e+08  2.07391187e-08 
 8.91250938e+08  2.10785145e-08 
 9.12010839e+08  2.14326437e-08 
 9.33254301e+08  2.18018189e-08 
 9.54992586e+08  2.21862967e-08 
 9.77237221e+08  2.25862697e-08 
 1.00000000e+09  2.30018527e-08 
