 1.00000000e+00  1.14790878e-05 
 1.02329299e+00  1.13652903e-05 
 1.04712855e+00  1.12526311e-05 
 1.07151931e+00  1.11410986e-05 
 1.09647820e+00  1.10306816e-05 
 1.12201845e+00  1.09213687e-05 
 1.14815362e+00  1.08131488e-05 
 1.17489755e+00  1.07060108e-05 
 1.20226443e+00  1.05999437e-05 
 1.23026877e+00  1.04949369e-05 
 1.25892541e+00  1.03909794e-05 
 1.28824955e+00  1.02880609e-05 
 1.31825674e+00  1.01861706e-05 
 1.34896288e+00  1.00852984e-05 
 1.38038426e+00  9.98543378e-06 
 1.41253754e+00  9.88656672e-06 
 1.44543977e+00  9.78868710e-06 
 1.47910839e+00  9.69178495e-06 
 1.51356125e+00  9.59585040e-06 
 1.54881662e+00  9.50087371e-06 
 1.58489319e+00  9.40684519e-06 
 1.62181010e+00  9.31375528e-06 
 1.65958691e+00  9.22159451e-06 
 1.69824365e+00  9.13035352e-06 
 1.73780083e+00  9.04002302e-06 
 1.77827941e+00  8.95059384e-06 
 1.81970086e+00  8.86205688e-06 
 1.86208714e+00  8.77440315e-06 
 1.90546072e+00  8.68762375e-06 
 1.94984460e+00  8.60170987e-06 
 1.99526231e+00  8.51665278e-06 
 2.04173794e+00  8.43244385e-06 
 2.08929613e+00  8.34907453e-06 
 2.13796209e+00  8.26653637e-06 
 2.18776162e+00  8.18482100e-06 
 2.23872114e+00  8.10392012e-06 
 2.29086765e+00  8.02382555e-06 
 2.34422882e+00  7.94452915e-06 
 2.39883292e+00  7.86602289e-06 
 2.45470892e+00  7.78829882e-06 
 2.51188643e+00  7.71134907e-06 
 2.57039578e+00  7.63516584e-06 
 2.63026799e+00  7.55974142e-06 
 2.69153480e+00  7.48506818e-06 
 2.75422870e+00  7.41113855e-06 
 2.81838293e+00  7.33794507e-06 
 2.88403150e+00  7.26548032e-06 
 2.95120923e+00  7.19373698e-06 
 3.01995172e+00  7.12270779e-06 
 3.09029543e+00  7.05238558e-06 
 3.16227766e+00  6.98276323e-06 
 3.23593657e+00  6.91383372e-06 
 3.31131121e+00  6.84559007e-06 
 3.38844156e+00  6.77802541e-06 
 3.46736850e+00  6.71113289e-06 
 3.54813389e+00  6.64490578e-06 
 3.63078055e+00  6.57933739e-06 
 3.71535229e+00  6.51442110e-06 
 3.80189396e+00  6.45015036e-06 
 3.89045145e+00  6.38651869e-06 
 3.98107171e+00  6.32351967e-06 
 4.07380278e+00  6.26114696e-06 
 4.16869383e+00  6.19939427e-06 
 4.26579519e+00  6.13825536e-06 
 4.36515832e+00  6.07772409e-06 
 4.46683592e+00  6.01779436e-06 
 4.57088190e+00  5.95846013e-06 
 4.67735141e+00  5.89971542e-06 
 4.78630092e+00  5.84155433e-06 
 4.89778819e+00  5.78397099e-06 
 5.01187234e+00  5.72695962e-06 
 5.12861384e+00  5.67051448e-06 
 5.24807460e+00  5.61462990e-06 
 5.37031796e+00  5.55930024e-06 
 5.49540874e+00  5.50451996e-06 
 5.62341325e+00  5.45028355e-06 
 5.75439937e+00  5.39658554e-06 
 5.88843655e+00  5.34342056e-06 
 6.02559586e+00  5.29078326e-06 
 6.16595002e+00  5.23866835e-06 
 6.30957344e+00  5.18707060e-06 
 6.45654229e+00  5.13598483e-06 
 6.60693448e+00  5.08540591e-06 
 6.76082975e+00  5.03532877e-06 
 6.91830971e+00  4.98574839e-06 
 7.07945784e+00  4.93665979e-06 
 7.24435960e+00  4.88805804e-06 
 7.41310241e+00  4.83993828e-06 
 7.58577575e+00  4.79229568e-06 
 7.76247117e+00  4.74512547e-06 
 7.94328235e+00  4.69842292e-06 
 8.12830516e+00  4.65218335e-06 
 8.31763771e+00  4.60640213e-06 
 8.51138038e+00  4.56107468e-06 
 8.70963590e+00  4.51619646e-06 
 8.91250938e+00  4.47176297e-06 
 9.12010839e+00  4.42776977e-06 
 9.33254301e+00  4.38421246e-06 
 9.54992586e+00  4.34108668e-06 
 9.77237221e+00  4.29838811e-06 
 1.00000000e+01  4.25611249e-06 
 1.02329299e+01  4.21425560e-06 
 1.04712855e+01  4.17281324e-06 
 1.07151931e+01  4.13178127e-06 
 1.09647820e+01  4.09115560e-06 
 1.12201845e+01  4.05093217e-06 
 1.14815362e+01  4.01110695e-06 
 1.17489755e+01  3.97167598e-06 
 1.20226443e+01  3.93263532e-06 
 1.23026877e+01  3.89398106e-06 
 1.25892541e+01  3.85570935e-06 
 1.28824955e+01  3.81781638e-06 
 1.31825674e+01  3.78029836e-06 
 1.34896288e+01  3.74315155e-06 
 1.38038426e+01  3.70637225e-06 
 1.41253754e+01  3.66995678e-06 
 1.44543977e+01  3.63390152e-06 
 1.47910839e+01  3.59820288e-06 
 1.51356125e+01  3.56285730e-06 
 1.54881662e+01  3.52786125e-06 
 1.58489319e+01  3.49321126e-06 
 1.62181010e+01  3.45890386e-06 
 1.65958691e+01  3.42493565e-06 
 1.69824365e+01  3.39130325e-06 
 1.73780083e+01  3.35800330e-06 
 1.77827941e+01  3.32503249e-06 
 1.81970086e+01  3.29238754e-06 
 1.86208714e+01  3.26006521e-06 
 1.90546072e+01  3.22806228e-06 
 1.94984460e+01  3.19637556e-06 
 1.99526231e+01  3.16500191e-06 
 2.04173794e+01  3.13393821e-06 
 2.08929613e+01  3.10318138e-06 
 2.13796209e+01  3.07272834e-06 
 2.18776162e+01  3.04257609e-06 
 2.23872114e+01  3.01272162e-06 
 2.29086765e+01  2.98316198e-06 
 2.34422882e+01  2.95389422e-06 
 2.39883292e+01  2.92491544e-06 
 2.45470892e+01  2.89622276e-06 
 2.51188643e+01  2.86781334e-06 
 2.57039578e+01  2.83968436e-06 
 2.63026799e+01  2.81183302e-06 
 2.69153480e+01  2.78425657e-06 
 2.75422870e+01  2.75695227e-06 
 2.81838293e+01  2.72991741e-06 
 2.88403150e+01  2.70314932e-06 
 2.95120923e+01  2.67664534e-06 
 3.01995172e+01  2.65040284e-06 
 3.09029543e+01  2.62441923e-06 
 3.16227766e+01  2.59869192e-06 
 3.23593657e+01  2.57321838e-06 
 3.31131121e+01  2.54799608e-06 
 3.38844156e+01  2.52302252e-06 
 3.46736850e+01  2.49829524e-06 
 3.54813389e+01  2.47381178e-06 
 3.63078055e+01  2.44956971e-06 
 3.71535229e+01  2.42556665e-06 
 3.80189396e+01  2.40180022e-06 
 3.89045145e+01  2.37826807e-06 
 3.98107171e+01  2.35496787e-06 
 4.07380278e+01  2.33189731e-06 
 4.16869383e+01  2.30905412e-06 
 4.26579519e+01  2.28643604e-06 
 4.36515832e+01  2.26404084e-06 
 4.46683592e+01  2.24186629e-06 
 4.57088190e+01  2.21991022e-06 
 4.67735141e+01  2.19817045e-06 
 4.78630092e+01  2.17664483e-06 
 4.89778819e+01  2.15533125e-06 
 5.01187234e+01  2.13422759e-06 
 5.12861384e+01  2.11333178e-06 
 5.24807460e+01  2.09264175e-06 
 5.37031796e+01  2.07215546e-06 
 5.49540874e+01  2.05187088e-06 
 5.62341325e+01  2.03178603e-06 
 5.75439937e+01  2.01189892e-06 
 5.88843655e+01  1.99220758e-06 
 6.02559586e+01  1.97271008e-06 
 6.16595002e+01  1.95340449e-06 
 6.30957344e+01  1.93428891e-06 
 6.45654229e+01  1.91536147e-06 
 6.60693448e+01  1.89662028e-06 
 6.76082975e+01  1.87806352e-06 
 6.91830971e+01  1.85968934e-06 
 7.07945784e+01  1.84149595e-06 
 7.24435960e+01  1.82348154e-06 
 7.41310241e+01  1.80564435e-06 
 7.58577575e+01  1.78798262e-06 
 7.76247117e+01  1.77049461e-06 
 7.94328235e+01  1.75317861e-06 
 8.12830516e+01  1.73603290e-06 
 8.31763771e+01  1.71905581e-06 
 8.51138038e+01  1.70224566e-06 
 8.70963590e+01  1.68560079e-06 
 8.91250938e+01  1.66911959e-06 
 9.12010839e+01  1.65280041e-06 
 9.33254301e+01  1.63664166e-06 
 9.54992586e+01  1.62064176e-06 
 9.77237221e+01  1.60479912e-06 
 1.00000000e+02  1.58911220e-06 
 1.02329299e+02  1.57357945e-06 
 1.04712855e+02  1.55819935e-06 
 1.07151931e+02  1.54297039e-06 
 1.09647820e+02  1.52789106e-06 
 1.12201845e+02  1.51295990e-06 
 1.14815362e+02  1.49817544e-06 
 1.17489755e+02  1.48353622e-06 
 1.20226443e+02  1.46904081e-06 
 1.23026877e+02  1.45468778e-06 
 1.25892541e+02  1.44047574e-06 
 1.28824955e+02  1.42640328e-06 
 1.31825674e+02  1.41246903e-06 
 1.34896288e+02  1.39867162e-06 
 1.38038426e+02  1.38500970e-06 
 1.41253754e+02  1.37148192e-06 
 1.44543977e+02  1.35808697e-06 
 1.47910839e+02  1.34482352e-06 
 1.51356125e+02  1.33169029e-06 
 1.54881662e+02  1.31868598e-06 
 1.58489319e+02  1.30580933e-06 
 1.62181010e+02  1.29305906e-06 
 1.65958691e+02  1.28043394e-06 
 1.69824365e+02  1.26793272e-06 
 1.73780083e+02  1.25555418e-06 
 1.77827941e+02  1.24329712e-06 
 1.81970086e+02  1.23116032e-06 
 1.86208714e+02  1.21914261e-06 
 1.90546072e+02  1.20724281e-06 
 1.94984460e+02  1.19545975e-06 
 1.99526231e+02  1.18379229e-06 
 2.04173794e+02  1.17223928e-06 
 2.08929613e+02  1.16079958e-06 
 2.13796209e+02  1.14947210e-06 
 2.18776162e+02  1.13825571e-06 
 2.23872114e+02  1.12714931e-06 
 2.29086765e+02  1.11615184e-06 
 2.34422882e+02  1.10526220e-06 
 2.39883292e+02  1.09447935e-06 
 2.45470892e+02  1.08380221e-06 
 2.51188643e+02  1.07322976e-06 
 2.57039578e+02  1.06276096e-06 
 2.63026799e+02  1.05239478e-06 
 2.69153480e+02  1.04213022e-06 
 2.75422870e+02  1.03196627e-06 
 2.81838293e+02  1.02190195e-06 
 2.88403150e+02  1.01193626e-06 
 2.95120923e+02  1.00206824e-06 
 3.01995172e+02  9.92296924e-07 
 3.09029543e+02  9.82621360e-07 
 3.16227766e+02  9.73040604e-07 
 3.23593657e+02  9.63553721e-07 
 3.31131121e+02  9.54159788e-07 
 3.38844156e+02  9.44857888e-07 
 3.46736850e+02  9.35647114e-07 
 3.54813389e+02  9.26526569e-07 
 3.63078055e+02  9.17495364e-07 
 3.71535229e+02  9.08552620e-07 
 3.80189396e+02  8.99697464e-07 
 3.89045145e+02  8.90929036e-07 
 3.98107171e+02  8.82246479e-07 
 4.07380278e+02  8.73648950e-07 
 4.16869383e+02  8.65135611e-07 
 4.26579519e+02  8.56705634e-07 
 4.36515832e+02  8.48358197e-07 
 4.46683592e+02  8.40092488e-07 
 4.57088190e+02  8.31907703e-07 
 4.67735141e+02  8.23803046e-07 
 4.78630092e+02  8.15777728e-07 
 4.89778819e+02  8.07830968e-07 
 5.01187234e+02  7.99961994e-07 
 5.12861384e+02  7.92170040e-07 
 5.24807460e+02  7.84454349e-07 
 5.37031796e+02  7.76814170e-07 
 5.49540874e+02  7.69248760e-07 
 5.62341325e+02  7.61757385e-07 
 5.75439937e+02  7.54339317e-07 
 5.88843655e+02  7.46993833e-07 
 6.02559586e+02  7.39720222e-07 
 6.16595002e+02  7.32517775e-07 
 6.30957344e+02  7.25385794e-07 
 6.45654229e+02  7.18323585e-07 
 6.60693448e+02  7.11330464e-07 
 6.76082975e+02  7.04405750e-07 
 6.91830971e+02  6.97548771e-07 
 7.07945784e+02  6.90758863e-07 
 7.24435960e+02  6.84035365e-07 
 7.41310241e+02  6.77377625e-07 
 7.58577575e+02  6.70784997e-07 
 7.76247117e+02  6.64256842e-07 
 7.94328235e+02  6.57792525e-07 
 8.12830516e+02  6.51391421e-07 
 8.31763771e+02  6.45052907e-07 
 8.51138038e+02  6.38776370e-07 
 8.70963590e+02  6.32561200e-07 
 8.91250938e+02  6.26406796e-07 
 9.12010839e+02  6.20312559e-07 
 9.33254301e+02  6.14277900e-07 
 9.54992586e+02  6.08302234e-07 
 9.77237221e+02  6.02384982e-07 
 1.00000000e+03  5.96525569e-07 
 1.02329299e+03  5.90723429e-07 
 1.04712855e+03  5.84977999e-07 
 1.07151931e+03  5.79288722e-07 
 1.09647820e+03  5.73655049e-07 
 1.12201845e+03  5.68076432e-07 
 1.14815362e+03  5.62552332e-07 
 1.17489755e+03  5.57082214e-07 
 1.20226443e+03  5.51665548e-07 
 1.23026877e+03  5.46301811e-07 
 1.25892541e+03  5.40990482e-07 
 1.28824955e+03  5.35731048e-07 
 1.31825674e+03  5.30522999e-07 
 1.34896288e+03  5.25365833e-07 
 1.38038426e+03  5.20259049e-07 
 1.41253754e+03  5.15202155e-07 
 1.44543977e+03  5.10194660e-07 
 1.47910839e+03  5.05236081e-07 
 1.51356125e+03  5.00325937e-07 
 1.54881662e+03  4.95463755e-07 
 1.58489319e+03  4.90649064e-07 
 1.62181010e+03  4.85881399e-07 
 1.65958691e+03  4.81160298e-07 
 1.69824365e+03  4.76485306e-07 
 1.73780083e+03  4.71855971e-07 
 1.77827941e+03  4.67271845e-07 
 1.81970086e+03  4.62732486e-07 
 1.86208714e+03  4.58237454e-07 
 1.90546072e+03  4.53786316e-07 
 1.94984460e+03  4.49378642e-07 
 1.99526231e+03  4.45014006e-07 
 2.04173794e+03  4.40691986e-07 
 2.08929613e+03  4.36412166e-07 
 2.13796209e+03  4.32174132e-07 
 2.18776162e+03  4.27977475e-07 
 2.23872114e+03  4.23821790e-07 
 2.29086765e+03  4.19706675e-07 
 2.34422882e+03  4.15631734e-07 
 2.39883292e+03  4.11596574e-07 
 2.45470892e+03  4.07600804e-07 
 2.51188643e+03  4.03644041e-07 
 2.57039578e+03  3.99725901e-07 
 2.63026799e+03  3.95846007e-07 
 2.69153480e+03  3.92003985e-07 
 2.75422870e+03  3.88199464e-07 
 2.81838293e+03  3.84432078e-07 
 2.88403150e+03  3.80701462e-07 
 2.95120923e+03  3.77007259e-07 
 3.01995172e+03  3.73349110e-07 
 3.09029543e+03  3.69726665e-07 
 3.16227766e+03  3.66139573e-07 
 3.23593657e+03  3.62587489e-07 
 3.31131121e+03  3.59070071e-07 
 3.38844156e+03  3.55586980e-07 
 3.46736850e+03  3.52137880e-07 
 3.54813389e+03  3.48722439e-07 
 3.63078055e+03  3.45340328e-07 
 3.71535229e+03  3.41991222e-07 
 3.80189396e+03  3.38674797e-07 
 3.89045145e+03  3.35390735e-07 
 3.98107171e+03  3.32138719e-07 
 4.07380278e+03  3.28918437e-07 
 4.16869383e+03  3.25729578e-07 
 4.26579519e+03  3.22571834e-07 
 4.36515832e+03  3.19444904e-07 
 4.46683592e+03  3.16348484e-07 
 4.57088190e+03  3.13282279e-07 
 4.67735141e+03  3.10245991e-07 
 4.78630092e+03  3.07239331e-07 
 4.89778819e+03  3.04262007e-07 
 5.01187234e+03  3.01313734e-07 
 5.12861384e+03  2.98394228e-07 
 5.24807460e+03  2.95503208e-07 
 5.37031796e+03  2.92640397e-07 
 5.49540874e+03  2.89805520e-07 
 5.62341325e+03  2.86998302e-07 
 5.75439937e+03  2.84218476e-07 
 5.88843655e+03  2.81465773e-07 
 6.02559586e+03  2.78739928e-07 
 6.16595002e+03  2.76040681e-07 
 6.30957344e+03  2.73367772e-07 
 6.45654229e+03  2.70720943e-07 
 6.60693448e+03  2.68099940e-07 
 6.76082975e+03  2.65504512e-07 
 6.91830971e+03  2.62934409e-07 
 7.07945784e+03  2.60389385e-07 
 7.24435960e+03  2.57869195e-07 
 7.41310241e+03  2.55373596e-07 
 7.58577575e+03  2.52902350e-07 
 7.76247117e+03  2.50455219e-07 
 7.94328235e+03  2.48031967e-07 
 8.12830516e+03  2.45632364e-07 
 8.31763771e+03  2.43256177e-07 
 8.51138038e+03  2.40903179e-07 
 8.70963590e+03  2.38573144e-07 
 8.91250938e+03  2.36265848e-07 
 9.12010839e+03  2.33981071e-07 
 9.33254301e+03  2.31718592e-07 
 9.54992586e+03  2.29478196e-07 
 9.77237221e+03  2.27259666e-07 
 1.00000000e+04  2.25062790e-07 
 1.02329299e+04  2.22887357e-07 
 1.04712855e+04  2.20733159e-07 
 1.07151931e+04  2.18599988e-07 
 1.09647820e+04  2.16487642e-07 
 1.12201845e+04  2.14395916e-07 
 1.14815362e+04  2.12324610e-07 
 1.17489755e+04  2.10273526e-07 
 1.20226443e+04  2.08242467e-07 
 1.23026877e+04  2.06231239e-07 
 1.25892541e+04  2.04239648e-07 
 1.28824955e+04  2.02267504e-07 
 1.31825674e+04  2.00314618e-07 
 1.34896288e+04  1.98380803e-07 
 1.38038426e+04  1.96465872e-07 
 1.41253754e+04  1.94569644e-07 
 1.44543977e+04  1.92691936e-07 
 1.47910839e+04  1.90832568e-07 
 1.51356125e+04  1.88991362e-07 
 1.54881662e+04  1.87168142e-07 
 1.58489319e+04  1.85362733e-07 
 1.62181010e+04  1.83574963e-07 
 1.65958691e+04  1.81804660e-07 
 1.69824365e+04  1.80051654e-07 
 1.73780083e+04  1.78315778e-07 
 1.77827941e+04  1.76596866e-07 
 1.81970086e+04  1.74894753e-07 
 1.86208714e+04  1.73209275e-07 
 1.90546072e+04  1.71540273e-07 
 1.94984460e+04  1.69887586e-07 
 1.99526231e+04  1.68251055e-07 
 2.04173794e+04  1.66630525e-07 
 2.08929613e+04  1.65025840e-07 
 2.13796209e+04  1.63436847e-07 
 2.18776162e+04  1.61863393e-07 
 2.23872114e+04  1.60305329e-07 
 2.29086765e+04  1.58762505e-07 
 2.34422882e+04  1.57234773e-07 
 2.39883292e+04  1.55721987e-07 
 2.45470892e+04  1.54224003e-07 
 2.51188643e+04  1.52740678e-07 
 2.57039578e+04  1.51271869e-07 
 2.63026799e+04  1.49817437e-07 
 2.69153480e+04  1.48377241e-07 
 2.75422870e+04  1.46951145e-07 
 2.81838293e+04  1.45539012e-07 
 2.88403150e+04  1.44140707e-07 
 2.95120923e+04  1.42756096e-07 
 3.01995172e+04  1.41385048e-07 
 3.09029543e+04  1.40027430e-07 
 3.16227766e+04  1.38683114e-07 
 3.23593657e+04  1.37351970e-07 
 3.31131121e+04  1.36033873e-07 
 3.38844156e+04  1.34728695e-07 
 3.46736850e+04  1.33436311e-07 
 3.54813389e+04  1.32156600e-07 
 3.63078055e+04  1.30889437e-07 
 3.71535229e+04  1.29634703e-07 
 3.80189396e+04  1.28392277e-07 
 3.89045145e+04  1.27162041e-07 
 3.98107171e+04  1.25943877e-07 
 4.07380278e+04  1.24737668e-07 
 4.16869383e+04  1.23543301e-07 
 4.26579519e+04  1.22360660e-07 
 4.36515832e+04  1.21189632e-07 
 4.46683592e+04  1.20030106e-07 
 4.57088190e+04  1.18881972e-07 
 4.67735141e+04  1.17745119e-07 
 4.78630092e+04  1.16619439e-07 
 4.89778819e+04  1.15504824e-07 
 5.01187234e+04  1.14401169e-07 
 5.12861384e+04  1.13308367e-07 
 5.24807460e+04  1.12226314e-07 
 5.37031796e+04  1.11154908e-07 
 5.49540874e+04  1.10094046e-07 
 5.62341325e+04  1.09043626e-07 
 5.75439937e+04  1.08003549e-07 
 5.88843655e+04  1.06973715e-07 
 6.02559586e+04  1.05954025e-07 
 6.16595002e+04  1.04944384e-07 
 6.30957344e+04  1.03944693e-07 
 6.45654229e+04  1.02954858e-07 
 6.60693448e+04  1.01974785e-07 
 6.76082975e+04  1.01004380e-07 
 6.91830971e+04  1.00043550e-07 
 7.07945784e+04  9.90922031e-08 
 7.24435960e+04  9.81502495e-08 
 7.41310241e+04  9.72175989e-08 
 7.58577575e+04  9.62941623e-08 
 7.76247117e+04  9.53798517e-08 
 7.94328235e+04  9.44745798e-08 
 8.12830516e+04  9.35782603e-08 
 8.31763771e+04  9.26908077e-08 
 8.51138038e+04  9.18121373e-08 
 8.70963590e+04  9.09421653e-08 
 8.91250938e+04  9.00808087e-08 
 9.12010839e+04  8.92279854e-08 
 9.33254301e+04  8.83836141e-08 
 9.54992586e+04  8.75476141e-08 
 9.77237221e+04  8.67199058e-08 
 1.00000000e+05  8.59004102e-08 
 1.02329299e+05  8.50890491e-08 
 1.04712855e+05  8.42857452e-08 
 1.07151931e+05  8.34904219e-08 
 1.09647820e+05  8.27030032e-08 
 1.12201845e+05  8.19234140e-08 
 1.14815362e+05  8.11515801e-08 
 1.17489755e+05  8.03874277e-08 
 1.20226443e+05  7.96308840e-08 
 1.23026877e+05  7.88818768e-08 
 1.25892541e+05  7.81403347e-08 
 1.28824955e+05  7.74061870e-08 
 1.31825674e+05  7.66793635e-08 
 1.34896288e+05  7.59597949e-08 
 1.38038426e+05  7.52474126e-08 
 1.41253754e+05  7.45421487e-08 
 1.44543977e+05  7.38439358e-08 
 1.47910839e+05  7.31527072e-08 
 1.51356125e+05  7.24683971e-08 
 1.54881662e+05  7.17909401e-08 
 1.58489319e+05  7.11202716e-08 
 1.62181010e+05  7.04563276e-08 
 1.65958691e+05  6.97990446e-08 
 1.69824365e+05  6.91483599e-08 
 1.73780083e+05  6.85042115e-08 
 1.77827941e+05  6.78665377e-08 
 1.81970086e+05  6.72352777e-08 
 1.86208714e+05  6.66103713e-08 
 1.90546072e+05  6.59917587e-08 
 1.94984460e+05  6.53793808e-08 
 1.99526231e+05  6.47731791e-08 
 2.04173794e+05  6.41730958e-08 
 2.08929613e+05  6.35790734e-08 
 2.13796209e+05  6.29910552e-08 
 2.18776162e+05  6.24089850e-08 
 2.23872114e+05  6.18328071e-08 
 2.29086765e+05  6.12624664e-08 
 2.34422882e+05  6.06979084e-08 
 2.39883292e+05  6.01390791e-08 
 2.45470892e+05  5.95859250e-08 
 2.51188643e+05  5.90383931e-08 
 2.57039578e+05  5.84964311e-08 
 2.63026799e+05  5.79599871e-08 
 2.69153480e+05  5.74290097e-08 
 2.75422870e+05  5.69034480e-08 
 2.81838293e+05  5.63832517e-08 
 2.88403150e+05  5.58683709e-08 
 2.95120923e+05  5.53587563e-08 
 3.01995172e+05  5.48543589e-08 
 3.09029543e+05  5.43551305e-08 
 3.16227766e+05  5.38610231e-08 
 3.23593657e+05  5.33719893e-08 
 3.31131121e+05  5.28879821e-08 
 3.38844156e+05  5.24089550e-08 
 3.46736850e+05  5.19348620e-08 
 3.54813389e+05  5.14656576e-08 
 3.63078055e+05  5.10012966e-08 
 3.71535229e+05  5.05417342e-08 
 3.80189396e+05  5.00869264e-08 
 3.89045145e+05  4.96368293e-08 
 3.98107171e+05  4.91913995e-08 
 4.07380278e+05  4.87505941e-08 
 4.16869383e+05  4.83143707e-08 
 4.26579519e+05  4.78826870e-08 
 4.36515832e+05  4.74555014e-08 
 4.46683592e+05  4.70327727e-08 
 4.57088190e+05  4.66144600e-08 
 4.67735141e+05  4.62005229e-08 
 4.78630092e+05  4.57909212e-08 
 4.89778819e+05  4.53856153e-08 
 5.01187234e+05  4.49845660e-08 
 5.12861384e+05  4.45877343e-08 
 5.24807460e+05  4.41950818e-08 
 5.37031796e+05  4.38065703e-08 
 5.49540874e+05  4.34221620e-08 
 5.62341325e+05  4.30418195e-08 
 5.75439937e+05  4.26655058e-08 
 5.88843655e+05  4.22931843e-08 
 6.02559586e+05  4.19248186e-08 
 6.16595002e+05  4.15603728e-08 
 6.30957344e+05  4.11998112e-08 
 6.45654229e+05  4.08430986e-08 
 6.60693448e+05  4.04902001e-08 
 6.76082975e+05  4.01410810e-08 
 6.91830971e+05  3.97957071e-08 
 7.07945784e+05  3.94540444e-08 
 7.24435960e+05  3.91160594e-08 
 7.41310241e+05  3.87817188e-08 
 7.58577575e+05  3.84509895e-08 
 7.76247117e+05  3.81238390e-08 
 7.94328235e+05  3.78002349e-08 
 8.12830516e+05  3.74801451e-08 
 8.31763771e+05  3.71635380e-08 
 8.51138038e+05  3.68503820e-08 
 8.70963590e+05  3.65406461e-08 
 8.91250938e+05  3.62342993e-08 
 9.12010839e+05  3.59313112e-08 
 9.33254301e+05  3.56316514e-08 
 9.54992586e+05  3.53352899e-08 
 9.77237221e+05  3.50421971e-08 
 1.00000000e+06  3.47523434e-08 
 1.02329299e+06  3.44656997e-08 
 1.04712855e+06  3.41822372e-08 
 1.07151931e+06  3.39019270e-08 
 1.09647820e+06  3.36247410e-08 
 1.12201845e+06  3.33506508e-08 
 1.14815362e+06  3.30796287e-08 
 1.17489755e+06  3.28116471e-08 
 1.20226443e+06  3.25466785e-08 
 1.23026877e+06  3.22846959e-08 
 1.25892541e+06  3.20256722e-08 
 1.28824955e+06  3.17695810e-08 
 1.31825674e+06  3.15163957e-08 
 1.34896288e+06  3.12660902e-08 
 1.38038426e+06  3.10186385e-08 
 1.41253754e+06  3.07740149e-08 
 1.44543977e+06  3.05321939e-08 
 1.47910839e+06  3.02931501e-08 
 1.51356125e+06  3.00568586e-08 
 1.54881662e+06  2.98232943e-08 
 1.58489319e+06  2.95924327e-08 
 1.62181010e+06  2.93642493e-08 
 1.65958691e+06  2.91387199e-08 
 1.69824365e+06  2.89158204e-08 
 1.73780083e+06  2.86955270e-08 
 1.77827941e+06  2.84778160e-08 
 1.81970086e+06  2.82626640e-08 
 1.86208714e+06  2.80500477e-08 
 1.90546072e+06  2.78399440e-08 
 1.94984460e+06  2.76323300e-08 
 1.99526231e+06  2.74271830e-08 
 2.04173794e+06  2.72244804e-08 
 2.08929613e+06  2.70242000e-08 
 2.13796209e+06  2.68263195e-08 
 2.18776162e+06  2.66308168e-08 
 2.23872114e+06  2.64376702e-08 
 2.29086765e+06  2.62468580e-08 
 2.34422882e+06  2.60583586e-08 
 2.39883292e+06  2.58721506e-08 
 2.45470892e+06  2.56882130e-08 
 2.51188643e+06  2.55065246e-08 
 2.57039578e+06  2.53270646e-08 
 2.63026799e+06  2.51498122e-08 
 2.69153480e+06  2.49747469e-08 
 2.75422870e+06  2.48018481e-08 
 2.81838293e+06  2.46310957e-08 
 2.88403150e+06  2.44624695e-08 
 2.95120923e+06  2.42959494e-08 
 3.01995172e+06  2.41315156e-08 
 3.09029543e+06  2.39691483e-08 
 3.16227766e+06  2.38088281e-08 
 3.23593657e+06  2.36505353e-08 
 3.31131121e+06  2.34942507e-08 
 3.38844156e+06  2.33399551e-08 
 3.46736850e+06  2.31876295e-08 
 3.54813389e+06  2.30372548e-08 
 3.63078055e+06  2.28888123e-08 
 3.71535229e+06  2.27422832e-08 
 3.80189396e+06  2.25976490e-08 
 3.89045145e+06  2.24548913e-08 
 3.98107171e+06  2.23139916e-08 
 4.07380278e+06  2.21749319e-08 
 4.16869383e+06  2.20376939e-08 
 4.26579519e+06  2.19022597e-08 
 4.36515832e+06  2.17686115e-08 
 4.46683592e+06  2.16367315e-08 
 4.57088190e+06  2.15066019e-08 
 4.67735141e+06  2.13782054e-08 
 4.78630092e+06  2.12515244e-08 
 4.89778819e+06  2.11265416e-08 
 5.01187234e+06  2.10032399e-08 
 5.12861384e+06  2.08816021e-08 
 5.24807460e+06  2.07616111e-08 
 5.37031796e+06  2.06432502e-08 
 5.49540874e+06  2.05265025e-08 
 5.62341325e+06  2.04113513e-08 
 5.75439937e+06  2.02977800e-08 
 5.88843655e+06  2.01857721e-08 
 6.02559586e+06  2.00753112e-08 
 6.16595002e+06  1.99663812e-08 
 6.30957344e+06  1.98589656e-08 
 6.45654229e+06  1.97530485e-08 
 6.60693448e+06  1.96486139e-08 
 6.76082975e+06  1.95456459e-08 
 6.91830971e+06  1.94441286e-08 
 7.07945784e+06  1.93440464e-08 
 7.24435960e+06  1.92453836e-08 
 7.41310241e+06  1.91481248e-08 
 7.58577575e+06  1.90522546e-08 
 7.76247117e+06  1.89577575e-08 
 7.94328235e+06  1.88646185e-08 
 8.12830516e+06  1.87728224e-08 
 8.31763771e+06  1.86823541e-08 
 8.51138038e+06  1.85931988e-08 
 8.70963590e+06  1.85053416e-08 
 8.91250938e+06  1.84187678e-08 
 9.12010839e+06  1.83334627e-08 
 9.33254301e+06  1.82494117e-08 
 9.54992586e+06  1.81666005e-08 
 9.77237221e+06  1.80850147e-08 
 1.00000000e+07  1.80046401e-08 
 1.02329299e+07  1.79254624e-08 
 1.04712855e+07  1.78474676e-08 
 1.07151931e+07  1.77706418e-08 
 1.09647820e+07  1.76949711e-08 
 1.12201845e+07  1.76204417e-08 
 1.14815362e+07  1.75470400e-08 
 1.17489755e+07  1.74747524e-08 
 1.20226443e+07  1.74035655e-08 
 1.23026877e+07  1.73334658e-08 
 1.25892541e+07  1.72644401e-08 
 1.28824955e+07  1.71964752e-08 
 1.31825674e+07  1.71295581e-08 
 1.34896288e+07  1.70636758e-08 
 1.38038426e+07  1.69988154e-08 
 1.41253754e+07  1.69349642e-08 
 1.44543977e+07  1.68721095e-08 
 1.47910839e+07  1.68102388e-08 
 1.51356125e+07  1.67493396e-08 
 1.54881662e+07  1.66893996e-08 
 1.58489319e+07  1.66304065e-08 
 1.62181010e+07  1.65723482e-08 
 1.65958691e+07  1.65152126e-08 
 1.69824365e+07  1.64589879e-08 
 1.73780083e+07  1.64036622e-08 
 1.77827941e+07  1.63492238e-08 
 1.81970086e+07  1.62956611e-08 
 1.86208714e+07  1.62429626e-08 
 1.90546072e+07  1.61911170e-08 
 1.94984460e+07  1.61401128e-08 
 1.99526231e+07  1.60899391e-08 
 2.04173794e+07  1.60405847e-08 
 2.08929613e+07  1.59920386e-08 
 2.13796209e+07  1.59442901e-08 
 2.18776162e+07  1.58973285e-08 
 2.23872114e+07  1.58511430e-08 
 2.29086765e+07  1.58057233e-08 
 2.34422882e+07  1.57610589e-08 
 2.39883292e+07  1.57171395e-08 
 2.45470892e+07  1.56739551e-08 
 2.51188643e+07  1.56314955e-08 
 2.57039578e+07  1.55897509e-08 
 2.63026799e+07  1.55487115e-08 
 2.69153480e+07  1.55083675e-08 
 2.75422870e+07  1.54687094e-08 
 2.81838293e+07  1.54297277e-08 
 2.88403150e+07  1.53914131e-08 
 2.95120923e+07  1.53537564e-08 
 3.01995172e+07  1.53167485e-08 
 3.09029543e+07  1.52803804e-08 
 3.16227766e+07  1.52446433e-08 
 3.23593657e+07  1.52095283e-08 
 3.31131121e+07  1.51750270e-08 
 3.38844156e+07  1.51411308e-08 
 3.46736850e+07  1.51078313e-08 
 3.54813389e+07  1.50751204e-08 
 3.63078055e+07  1.50429899e-08 
 3.71535229e+07  1.50114317e-08 
 3.80189396e+07  1.49804382e-08 
 3.89045145e+07  1.49500014e-08 
 3.98107171e+07  1.49201138e-08 
 4.07380278e+07  1.48907680e-08 
 4.16869383e+07  1.48619566e-08 
 4.26579519e+07  1.48336723e-08 
 4.36515832e+07  1.48059081e-08 
 4.46683592e+07  1.47786570e-08 
 4.57088190e+07  1.47519122e-08 
 4.67735141e+07  1.47256670e-08 
 4.78630092e+07  1.46999149e-08 
 4.89778819e+07  1.46746495e-08 
 5.01187234e+07  1.46498645e-08 
 5.12861384e+07  1.46255537e-08 
 5.24807460e+07  1.46017113e-08 
 5.37031796e+07  1.45783312e-08 
 5.49540874e+07  1.45554080e-08 
 5.62341325e+07  1.45329359e-08 
 5.75439937e+07  1.45109095e-08 
 5.88843655e+07  1.44893238e-08 
 6.02559586e+07  1.44681734e-08 
 6.16595002e+07  1.44474536e-08 
 6.30957344e+07  1.44271594e-08 
 6.45654229e+07  1.44072864e-08 
 6.60693448e+07  1.43878299e-08 
 6.76082975e+07  1.43687858e-08 
 6.91830971e+07  1.43501498e-08 
 7.07945784e+07  1.43319181e-08 
 7.24435960e+07  1.43140868e-08 
 7.41310241e+07  1.42966522e-08 
 7.58577575e+07  1.42796111e-08 
 7.76247117e+07  1.42629601e-08 
 7.94328235e+07  1.42466962e-08 
 8.12830516e+07  1.42308164e-08 
 8.31763771e+07  1.42153182e-08 
 8.51138038e+07  1.42001991e-08 
 8.70963590e+07  1.41854567e-08 
 8.91250938e+07  1.41710891e-08 
 9.12010839e+07  1.41570943e-08 
 9.33254301e+07  1.41434708e-08 
 9.54992586e+07  1.41302172e-08 
 9.77237221e+07  1.41173323e-08 
 1.00000000e+08  1.41048151e-08 
 1.02329299e+08  1.40926651e-08 
 1.04712855e+08  1.40808817e-08 
 1.07151931e+08  1.40694649e-08 
 1.09647820e+08  1.40584146e-08 
 1.12201845e+08  1.40477314e-08 
 1.14815362e+08  1.40374158e-08 
 1.17489755e+08  1.40274689e-08 
 1.20226443e+08  1.40178918e-08 
 1.23026877e+08  1.40086862e-08 
 1.25892541e+08  1.39998539e-08 
 1.28824955e+08  1.39913972e-08 
 1.31825674e+08  1.39833187e-08 
 1.34896288e+08  1.39756213e-08 
 1.38038426e+08  1.39683083e-08 
 1.41253754e+08  1.39613834e-08 
 1.44543977e+08  1.39548508e-08 
 1.47910839e+08  1.39487148e-08 
 1.51356125e+08  1.39429804e-08 
 1.54881662e+08  1.39376531e-08 
 1.58489319e+08  1.39327387e-08 
 1.62181010e+08  1.39282434e-08 
 1.65958691e+08  1.39241742e-08 
 1.69824365e+08  1.39205383e-08 
 1.73780083e+08  1.39173436e-08 
 1.77827941e+08  1.39145986e-08 
 1.81970086e+08  1.39123123e-08 
 1.86208714e+08  1.39104943e-08 
 1.90546072e+08  1.39091548e-08 
 1.94984460e+08  1.39083048e-08 
 1.99526231e+08  1.39079559e-08 
 2.04173794e+08  1.39081204e-08 
 2.08929613e+08  1.39088113e-08 
 2.13796209e+08  1.39100425e-08 
 2.18776162e+08  1.39118287e-08 
 2.23872114e+08  1.39141852e-08 
 2.29086765e+08  1.39171285e-08 
 2.34422882e+08  1.39206758e-08 
 2.39883292e+08  1.39248454e-08 
 2.45470892e+08  1.39296565e-08 
 2.51188643e+08  1.39351293e-08 
 2.57039578e+08  1.39412853e-08 
 2.63026799e+08  1.39481469e-08 
 2.69153480e+08  1.39557378e-08 
 2.75422870e+08  1.39640830e-08 
 2.81838293e+08  1.39732085e-08 
 2.88403150e+08  1.39831422e-08 
 2.95120923e+08  1.39939128e-08 
 3.01995172e+08  1.40055509e-08 
 3.09029543e+08  1.40180885e-08 
 3.16227766e+08  1.40315592e-08 
 3.23593657e+08  1.40459984e-08 
 3.31131121e+08  1.40614431e-08 
 3.38844156e+08  1.40779323e-08 
 3.46736850e+08  1.40955068e-08 
 3.54813389e+08  1.41142096e-08 
 3.63078055e+08  1.41340857e-08 
 3.71535229e+08  1.41551824e-08 
 3.80189396e+08  1.41775492e-08 
 3.89045145e+08  1.42012381e-08 
 3.98107171e+08  1.42263037e-08 
 4.07380278e+08  1.42528033e-08 
 4.16869383e+08  1.42807969e-08 
 4.26579519e+08  1.43103474e-08 
 4.36515832e+08  1.43415209e-08 
 4.46683592e+08  1.43743868e-08 
 4.57088190e+08  1.44090176e-08 
 4.67735141e+08  1.44454896e-08 
 4.78630092e+08  1.44838827e-08 
 4.89778819e+08  1.45242807e-08 
 5.01187234e+08  1.45667716e-08 
 5.12861384e+08  1.46114477e-08 
 5.24807460e+08  1.46584055e-08 
 5.37031796e+08  1.47077467e-08 
 5.49540874e+08  1.47595777e-08 
 5.62341325e+08  1.48140101e-08 
 5.75439937e+08  1.48711612e-08 
 5.88843655e+08  1.49311538e-08 
 6.02559586e+08  1.49941170e-08 
 6.16595002e+08  1.50601861e-08 
 6.30957344e+08  1.51295031e-08 
 6.45654229e+08  1.52022171e-08 
 6.60693448e+08  1.52784845e-08 
 6.76082975e+08  1.53584696e-08 
 6.91830971e+08  1.54423447e-08 
 7.07945784e+08  1.55302906e-08 
 7.24435960e+08  1.56224974e-08 
 7.41310241e+08  1.57191643e-08 
 7.58577575e+08  1.58205006e-08 
 7.76247117e+08  1.59267261e-08 
 7.94328235e+08  1.60380714e-08 
 8.12830516e+08  1.61547784e-08 
 8.31763771e+08  1.62771013e-08 
 8.51138038e+08  1.64053065e-08 
 8.70963590e+08  1.65396738e-08 
 8.91250938e+08  1.66804966e-08 
 9.12010839e+08  1.68280824e-08 
 9.33254301e+08  1.69827538e-08 
 9.54992586e+08  1.71448486e-08 
 9.77237221e+08  1.73147205e-08 
 1.00000000e+09  1.74927398e-08 
