 1.00000000e+00 -7.14034928e-04 
 1.25892541e+00 -8.98916715e-04 
 1.58489319e+00 -1.13166910e-03 
 1.99526231e+00 -1.42468698e-03 
 2.51188643e+00 -1.79357465e-03 
 3.16227766e+00 -2.25797670e-03 
 3.98107171e+00 -2.84262424e-03 
 5.01187234e+00 -3.57865190e-03 
 6.30957344e+00 -4.50525581e-03 
 7.94328235e+00 -5.67178102e-03 
 1.00000000e+01 -7.14034924e-03 
 1.25892541e+01 -8.98916708e-03 
 1.58489319e+01 -1.13166908e-02 
 1.99526231e+01 -1.42468695e-02 
 2.51188643e+01 -1.79357459e-02 
 3.16227766e+01 -2.25797658e-02 
 3.98107171e+01 -2.84262401e-02 
 5.01187234e+01 -3.57865144e-02 
 6.30957344e+01 -4.50525489e-02 
 7.94328235e+01 -5.67177918e-02 
 1.00000000e+02 -7.14034558e-02 
 1.25892541e+02 -8.98915978e-02 
 1.58489319e+02 -1.13166762e-01 
 1.99526231e+02 -1.42468405e-01 
 2.51188643e+02 -1.79356879e-01 
 3.16227766e+02 -2.25796501e-01 
 3.98107171e+02 -2.84260093e-01 
 5.01187234e+02 -3.57860538e-01 
 6.30957344e+02 -4.50516299e-01 
 7.94328235e+02 -5.67159583e-01 
 1.00000000e+03 -7.13997976e-01 
 1.25892541e+03 -8.98842991e-01 
 1.58489319e+03 -1.13152201e+00 
 1.99526231e+03 -1.42439355e+00 
 2.51188643e+03 -1.79298929e+00 
 3.16227766e+03 -2.25680917e+00 
 3.98107171e+03 -2.84029598e+00 
 5.01187234e+03 -3.57401039e+00 
 6.30957344e+03 -4.49600740e+00 
 7.94328235e+03 -5.65336775e+00 
 1.00000000e+04 -7.10373474e+00 
 1.25892541e+04 -8.91650210e+00 
 1.58489319e+04 -1.11729201e+01 
 1.99526231e+04 -1.39637544e+01 
 2.51188643e+04 -1.73822388e+01 
 3.16227766e+04 -2.15092416e+01 
 3.98107171e+04 -2.63879669e+01 
 5.01187234e+04 -3.19895021e+01 
 6.30957344e+04 -3.81800744e+01 
 7.94328235e+04 -4.47120913e+01 
 1.00000000e+05 -5.12595807e+01 
 1.25892541e+05 -5.74928748e+01 
 1.58489319e+05 -6.31553043e+01 
 1.99526231e+05 -6.81028741e+01 
 2.51188643e+05 -7.22986245e+01 
 3.16227766e+05 -7.57809886e+01 
 3.98107171e+05 -7.86288811e+01 
 5.01187234e+05 -8.09354445e+01 
 6.30957344e+05 -8.27923831e+01 
 7.94328235e+05 -8.42823750e+01 
 1.00000000e+06 -8.54764414e+01 
 1.25892541e+06 -8.64339326e+01 
 1.58489319e+06 -8.72036930e+01 
 1.99526231e+06 -8.78256332e+01 
 2.51188643e+06 -8.83323294e+01 
 3.16227766e+06 -8.87504915e+01 
 3.98107171e+06 -8.91022508e+01 
 5.01187234e+06 -8.94062708e+01 
 6.30957344e+06 -8.96787068e+01 
 7.94328235e+06 -8.99340495e+01 
 1.00000000e+07 -9.01858873e+01 
 1.25892541e+07 -9.04476257e+01 
 1.58489319e+07 -9.07331979e+01 
 1.99526231e+07 -9.10578046e+01 
 2.51188643e+07 -9.14387199e+01 
 3.16227766e+07 -9.18962048e+01 
 3.98107171e+07 -9.24545742e+01 
 5.01187234e+07 -9.31434685e+01 
 6.30957344e+07 -9.39993845e+01 
 7.94328235e+07 -9.50675258e+01 
 1.00000000e+08 -9.64040233e+01 
 1.25892541e+08 -9.80785539e+01 
 1.58489319e+08 -1.00177317e+02 
 1.99526231e+08 -1.02806174e+02 
 2.51188643e+08 -1.06093435e+02 
 3.16227766e+08 -1.10191142e+02 
 3.98107171e+08 -1.15272493e+02 
 5.01187234e+08 -1.21520944e+02 
 6.30957344e+08 -1.29103045e+02 
 7.94328235e+08 -1.38111917e+02 
 1.00000000e+09 -1.48461745e+02 
