 1.00000000e+00 -7.15421351e-04 
 1.25892541e+00 -9.00662119e-04 
 1.58489319e+00 -1.13386643e-03 
 1.99526231e+00 -1.42745326e-03 
 2.51188643e+00 -1.79705719e-03 
 3.16227766e+00 -2.26236096e-03 
 3.98107171e+00 -2.84814370e-03 
 5.01187234e+00 -3.58560048e-03 
 6.30957344e+00 -4.51400355e-03 
 7.94328235e+00 -5.68279377e-03 
 1.00000000e+01 -7.15421348e-03 
 1.25892541e+01 -9.00662112e-03 
 1.58489319e+01 -1.13386641e-02 
 1.99526231e+01 -1.42745323e-02 
 2.51188643e+01 -1.79705713e-02 
 3.16227766e+01 -2.26236084e-02 
 3.98107171e+01 -2.84814347e-02 
 5.01187234e+01 -3.58560001e-02 
 6.30957344e+01 -4.51400263e-02 
 7.94328235e+01 -5.68279193e-02 
 1.00000000e+02 -7.15420980e-02 
 1.25892541e+02 -9.00661378e-02 
 1.58489319e+02 -1.13386495e-01 
 1.99526231e+02 -1.42745031e-01 
 2.51188643e+02 -1.79705130e-01 
 3.16227766e+02 -2.26234920e-01 
 3.98107171e+02 -2.84812025e-01 
 5.01187234e+02 -3.58555369e-01 
 6.30957344e+02 -4.51391021e-01 
 7.94328235e+02 -5.68260753e-01 
 1.00000000e+03 -7.15384188e-01 
 1.25892541e+03 -9.00587974e-01 
 1.58489319e+03 -1.13371850e+00 
 1.99526231e+03 -1.42715815e+00 
 2.51188643e+03 -1.79646848e+00 
 3.16227766e+03 -2.26118675e+00 
 3.98107171e+03 -2.84580212e+00 
 5.01187234e+03 -3.58093245e+00 
 6.30957344e+03 -4.50470236e+00 
 7.94328235e+03 -5.66427555e+00 
 1.00000000e+04 -7.11739075e+00 
 1.25892541e+04 -8.93354436e+00 
 1.58489319e+04 -1.11940832e+01 
 1.99526231e+04 -1.39898353e+01 
 2.51188643e+04 -1.74140123e+01 
 3.16227766e+04 -2.15472974e+01 
 3.98107171e+04 -2.64324579e+01 
 5.01187234e+04 -3.20398462e+01 
 6.30957344e+04 -3.82347500e+01 
 7.94328235e+04 -4.47687351e+01 
 1.00000000e+05 -5.13154819e+01 
 1.25892541e+05 -5.75456707e+01 
 1.58489319e+05 -6.32035048e+01 
 1.99526231e+05 -6.81459968e+01 
 2.51188643e+05 -7.23370162e+01 
 3.16227766e+05 -7.58155410e+01 
 3.98107171e+05 -7.86607892e+01 
 5.01187234e+05 -8.09660602e+01 
 6.30957344e+05 -8.28231545e+01 
 7.94328235e+05 -8.43148465e+01 
 1.00000000e+06 -8.55122944e+01 
 1.25892541e+06 -8.64750518e+01 
 1.58489319e+06 -8.72522559e+01 
 1.99526231e+06 -8.78842198e+01 
 2.51188643e+06 -8.84040566e+01 
 3.16227766e+06 -8.88391773e+01 
 3.98107171e+06 -8.92126171e+01 
 5.01187234e+06 -8.95441944e+01 
 6.30957344e+06 -8.98515320e+01 
 7.94328235e+06 -9.01509789e+01 
 1.00000000e+07 -9.04584713e+01 
 1.25892541e+07 -9.07903768e+01 
 1.58489319e+07 -9.11643618e+01 
 1.99526231e+07 -9.16003282e+01 
 2.51188643e+07 -9.21214661e+01 
 3.16227766e+07 -9.27554758e+01 
 3.98107171e+07 -9.35360164e+01 
 5.01187234e+07 -9.45044465e+01 
 6.30957344e+07 -9.57119226e+01 
 7.94328235e+07 -9.72219137e+01 
 1.00000000e+08 -9.91131583e+01 
 1.25892541e+08 -1.01482998e+02 
 1.58489319e+08 -1.04450794e+02 
 1.99526231e+08 -1.08160619e+02 
 2.51188643e+08 -1.12781166e+02 
 3.16227766e+08 -1.18498051e+02 
 3.98107171e+08 -1.25487348e+02 
 5.01187234e+08 -1.33846495e+02 
 6.30957344e+08 -1.43439443e+02 
 7.94328235e+08 -1.53613398e+02 
 1.00000000e+09 -1.62877359e+02 
