 1.00000000e+00  3.81941113e+01 
 1.25892541e+00  3.81941113e+01 
 1.58489319e+00  3.81941113e+01 
 1.99526231e+00  3.81941113e+01 
 2.51188643e+00  3.81941113e+01 
 3.16227766e+00  3.81941113e+01 
 3.98107171e+00  3.81941113e+01 
 5.01187234e+00  3.81941113e+01 
 6.30957344e+00  3.81941112e+01 
 7.94328235e+00  3.81941112e+01 
 1.00000000e+01  3.81941112e+01 
 1.25892541e+01  3.81941111e+01 
 1.58489319e+01  3.81941110e+01 
 1.99526231e+01  3.81941108e+01 
 2.51188643e+01  3.81941105e+01 
 3.16227766e+01  3.81941100e+01 
 3.98107171e+01  3.81941093e+01 
 5.01187234e+01  3.81941081e+01 
 6.30957344e+01  3.81941062e+01 
 7.94328235e+01  3.81941032e+01 
 1.00000000e+02  3.81940985e+01 
 1.25892541e+02  3.81940911e+01 
 1.58489319e+02  3.81940793e+01 
 1.99526231e+02  3.81940606e+01 
 2.51188643e+02  3.81940309e+01 
 3.16227766e+02  3.81939839e+01 
 3.98107171e+02  3.81939094e+01 
 5.01187234e+02  3.81937913e+01 
 6.30957344e+02  3.81936042e+01 
 7.94328235e+02  3.81933076e+01 
 1.00000000e+03  3.81928376e+01 
 1.25892541e+03  3.81920928e+01 
 1.58489319e+03  3.81909127e+01 
 1.99526231e+03  3.81890429e+01 
 2.51188643e+03  3.81860812e+01 
 3.16227766e+03  3.81813913e+01 
 3.98107171e+03  3.81739687e+01 
 5.01187234e+03  3.81622307e+01 
 6.30957344e+03  3.81436918e+01 
 7.94328235e+03  3.81144708e+01 
 1.00000000e+04  3.80685577e+01 
 1.25892541e+04  3.79967702e+01 
 1.58489319e+04  3.78853709e+01 
 1.99526231e+04  3.77144672e+01 
 2.51188643e+04  3.74566687e+01 
 3.16227766e+04  3.70770605e+01 
 3.98107171e+04  3.65361010e+01 
 5.01187234e+04  3.57966639e+01 
 6.30957344e+04  3.48340852e+01 
 7.94328235e+04  3.36445856e+01 
 1.00000000e+05  3.22466810e+01 
 1.25892541e+05  3.06745757e+01 
 1.58489319e+05  2.89679999e+01 
 1.99526231e+05  2.71638877e+01 
 2.51188643e+05  2.52921910e+01 
 3.16227766e+05  2.33751397e+01 
 3.98107171e+05  2.14283038e+01 
 5.01187234e+05  1.94621860e+01 
 6.30957344e+05  1.74837010e+01 
 7.94328235e+05  1.54973310e+01 
 1.00000000e+06  1.35059527e+01 
 1.25892541e+06  1.15114012e+01 
 1.58489319e+06  9.51484193e+00 
 1.99526231e+06  7.51701347e+00 
 2.51188643e+06  5.51838287e+00 
 3.16227766e+06  3.51924505e+00 
 3.98107171e+06  1.51978584e+00 
 5.01187234e+06 -4.79878134e-01 
 6.30957344e+06 -2.47967438e+00 
 7.94328235e+06 -4.47955892e+00 
 1.00000000e+07 -6.47950687e+00 
 1.25892541e+07 -8.47950698e+00 
 1.58489319e+07 -1.04795593e+01 
 1.99526231e+07 -1.24796751e+01 
 2.51188643e+07 -1.44798795e+01 
 3.16227766e+07 -1.64802168e+01 
 3.98107171e+07 -1.84807602e+01 
 5.01187234e+07 -2.04816281e+01 
 6.30957344e+07 -2.24830103e+01 
 7.94328235e+07 -2.44852120e+01 
 1.00000000e+08 -2.64887252e+01 
 1.25892541e+08 -2.84943501e+01 
 1.58489319e+08 -3.05034071e+01 
 1.99526231e+08 -3.25181186e+01 
 2.51188643e+08 -3.45423362e+01 
 3.16227766e+08 -3.65830002e+01 
 3.98107171e+08 -3.86532386e+01 
 5.01187234e+08 -4.07792614e+01 
 6.30957344e+08 -4.30160335e+01 
 7.94328235e+08 -4.54813711e+01 
 1.00000000e+09 -4.84136840e+01 
