 1.00000000e+00  3.81941099e+01 
 1.25892541e+00  3.81941099e+01 
 1.58489319e+00  3.81941099e+01 
 1.99526231e+00  3.81941099e+01 
 2.51188643e+00  3.81941099e+01 
 3.16227766e+00  3.81941099e+01 
 3.98107171e+00  3.81941098e+01 
 5.01187234e+00  3.81941098e+01 
 6.30957344e+00  3.81941098e+01 
 7.94328235e+00  3.81941098e+01 
 1.00000000e+01  3.81941097e+01 
 1.25892541e+01  3.81941097e+01 
 1.58489319e+01  3.81941095e+01 
 1.99526231e+01  3.81941094e+01 
 2.51188643e+01  3.81941091e+01 
 3.16227766e+01  3.81941086e+01 
 3.98107171e+01  3.81941078e+01 
 5.01187234e+01  3.81941067e+01 
 6.30957344e+01  3.81941048e+01 
 7.94328235e+01  3.81941018e+01 
 1.00000000e+02  3.81940971e+01 
 1.25892541e+02  3.81940897e+01 
 1.58489319e+02  3.81940779e+01 
 1.99526231e+02  3.81940592e+01 
 2.51188643e+02  3.81940296e+01 
 3.16227766e+02  3.81939827e+01 
 3.98107171e+02  3.81939083e+01 
 5.01187234e+02  3.81937905e+01 
 6.30957344e+02  3.81936036e+01 
 7.94328235e+02  3.81933076e+01 
 1.00000000e+03  3.81928384e+01 
 1.25892541e+03  3.81920949e+01 
 1.58489319e+03  3.81909168e+01 
 1.99526231e+03  3.81890503e+01 
 2.51188643e+03  3.81860938e+01 
 3.16227766e+03  3.81814120e+01 
 3.98107171e+03  3.81740023e+01 
 5.01187234e+03  3.81622846e+01 
 6.30957344e+03  3.81437778e+01 
 7.94328235e+03  3.81146070e+01 
 1.00000000e+04  3.80687720e+01 
 1.25892541e+04  3.79971051e+01 
 1.58489319e+04  3.78858890e+01 
 1.99526231e+04  3.77152575e+01 
 2.51188643e+04  3.74578498e+01 
 3.16227766e+04  3.70787765e+01 
 3.98107171e+04  3.65385029e+01 
 5.01187234e+04  3.57998755e+01 
 6.30957344e+04  3.48381641e+01 
 7.94328235e+04  3.36495021e+01 
 1.00000000e+05  3.22523294e+01 
 1.25892541e+05  3.06808095e+01 
 1.58489319e+05  2.89746699e+01 
 1.99526231e+05  2.71708657e+01 
 2.51188643e+05  2.52993784e+01 
 3.16227766e+05  2.33824659e+01 
 3.98107171e+05  2.14357204e+01 
 5.01187234e+05  1.94696608e+01 
 6.30957344e+05  1.74912130e+01 
 7.94328235e+05  1.55048668e+01 
 1.00000000e+06  1.35135037e+01 
 1.25892541e+06  1.15189620e+01 
 1.58489319e+06  9.52240933e+00 
 1.99526231e+06  7.52458551e+00 
 2.51188643e+06  5.52595866e+00 
 3.16227766e+06  3.52682450e+00 
 3.98107171e+06  1.52736966e+00 
 5.01187234e+06 -4.72288308e-01 
 6.30957344e+06 -2.47207560e+00 
 7.94328235e+06 -4.47194633e+00 
 1.00000000e+07 -6.47187260e+00 
 1.25892541e+07 -8.47183850e+00 
 1.58489319e+07 -1.04718367e+01 
 1.99526231e+07 -1.24718667e+01 
 2.51188643e+07 -1.44719351e+01 
 3.16227766e+07 -1.64720568e+01 
 3.98107171e+07 -1.84722579e+01 
 5.01187234e+07 -2.04725821e+01 
 6.30957344e+07 -2.24730999e+01 
 7.94328235e+07 -2.44739242e+01 
 1.00000000e+08 -2.64752360e+01 
 1.25892541e+08 -2.84773260e+01 
 1.58489319e+08 -3.04806645e+01 
 1.99526231e+08 -3.24860204e+01 
 2.51188643e+08 -3.44946715e+01 
 3.16227766e+08 -3.65087935e+01 
 3.98107171e+08 -3.85322194e+01 
 5.01187234e+08 -4.05720156e+01 
 6.30957344e+08 -4.26419640e+01 
 7.94328235e+08 -4.47707086e+01 
 1.00000000e+09 -4.70215623e+01 
