 1.00000000e+00  1.74186105e-05 
 1.02329299e+00  1.72470827e-05 
 1.04712855e+00  1.70772565e-05 
 1.07151931e+00  1.69091147e-05 
 1.09647820e+00  1.67426406e-05 
 1.12201845e+00  1.65778175e-05 
 1.14815362e+00  1.64146287e-05 
 1.17489755e+00  1.62530580e-05 
 1.20226443e+00  1.60930892e-05 
 1.23026877e+00  1.59347063e-05 
 1.25892541e+00  1.57778933e-05 
 1.28824955e+00  1.56226346e-05 
 1.31825674e+00  1.54689146e-05 
 1.34896288e+00  1.53167180e-05 
 1.38038426e+00  1.51660295e-05 
 1.41253754e+00  1.50168340e-05 
 1.44543977e+00  1.48691166e-05 
 1.47910839e+00  1.47228626e-05 
 1.51356125e+00  1.45780573e-05 
 1.54881662e+00  1.44346862e-05 
 1.58489319e+00  1.42927351e-05 
 1.62181010e+00  1.41521896e-05 
 1.65958691e+00  1.40130358e-05 
 1.69824365e+00  1.38752598e-05 
 1.73780083e+00  1.37388478e-05 
 1.77827941e+00  1.36037862e-05 
 1.81970086e+00  1.34700615e-05 
 1.86208714e+00  1.33376604e-05 
 1.90546072e+00  1.32065696e-05 
 1.94984460e+00  1.30767760e-05 
 1.99526231e+00  1.29482668e-05 
 2.04173794e+00  1.28210291e-05 
 2.08929613e+00  1.26950501e-05 
 2.13796209e+00  1.25703175e-05 
 2.18776162e+00  1.24468186e-05 
 2.23872114e+00  1.23245412e-05 
 2.29086765e+00  1.22034732e-05 
 2.34422882e+00  1.20836024e-05 
 2.39883292e+00  1.19649169e-05 
 2.45470892e+00  1.18474049e-05 
 2.51188643e+00  1.17310547e-05 
 2.57039578e+00  1.16158548e-05 
 2.63026799e+00  1.15017935e-05 
 2.69153480e+00  1.13888597e-05 
 2.75422870e+00  1.12770421e-05 
 2.81838293e+00  1.11663294e-05 
 2.88403150e+00  1.10567108e-05 
 2.95120923e+00  1.09481753e-05 
 3.01995172e+00  1.08407122e-05 
 3.09029543e+00  1.07343107e-05 
 3.16227766e+00  1.06289603e-05 
 3.23593657e+00  1.05246505e-05 
 3.31131121e+00  1.04213709e-05 
 3.38844156e+00  1.03191114e-05 
 3.46736850e+00  1.02178616e-05 
 3.54813389e+00  1.01176117e-05 
 3.63078055e+00  1.00183516e-05 
 3.71535229e+00  9.92007141e-06 
 3.80189396e+00  9.82276149e-06 
 3.89045145e+00  9.72641212e-06 
 3.98107171e+00  9.63101377e-06 
 4.07380278e+00  9.53655697e-06 
 4.16869383e+00  9.44303234e-06 
 4.26579519e+00  9.35043063e-06 
 4.36515832e+00  9.25874264e-06 
 4.46683592e+00  9.16795930e-06 
 4.57088190e+00  9.07807159e-06 
 4.67735141e+00  8.98907063e-06 
 4.78630092e+00  8.90094759e-06 
 4.89778819e+00  8.81369375e-06 
 5.01187234e+00  8.72730046e-06 
 5.12861384e+00  8.64175917e-06 
 5.24807460e+00  8.55706141e-06 
 5.37031796e+00  8.47319881e-06 
 5.49540874e+00  8.39016306e-06 
 5.62341325e+00  8.30794594e-06 
 5.75439937e+00  8.22653933e-06 
 5.88843655e+00  8.14593517e-06 
 6.02559586e+00  8.06612549e-06 
 6.16595002e+00  7.98710241e-06 
 6.30957344e+00  7.90885811e-06 
 6.45654229e+00  7.83138485e-06 
 6.60693448e+00  7.75467498e-06 
 6.76082975e+00  7.67872093e-06 
 6.91830971e+00  7.60351518e-06 
 7.07945784e+00  7.52905032e-06 
 7.24435960e+00  7.45531899e-06 
 7.41310241e+00  7.38231390e-06 
 7.58577575e+00  7.31002786e-06 
 7.76247117e+00  7.23845372e-06 
 7.94328235e+00  7.16758442e-06 
 8.12830516e+00  7.09741298e-06 
 8.31763771e+00  7.02793247e-06 
 8.51138038e+00  6.95913603e-06 
 8.70963590e+00  6.89101688e-06 
 8.91250938e+00  6.82356831e-06 
 9.12010839e+00  6.75678367e-06 
 9.33254301e+00  6.69065636e-06 
 9.54992586e+00  6.62517989e-06 
 9.77237221e+00  6.56034778e-06 
 1.00000000e+01  6.49615367e-06 
 1.02329299e+01  6.43259121e-06 
 1.04712855e+01  6.36965416e-06 
 1.07151931e+01  6.30733632e-06 
 1.09647820e+01  6.24563154e-06 
 1.12201845e+01  6.18453377e-06 
 1.14815362e+01  6.12403697e-06 
 1.17489755e+01  6.06413521e-06 
 1.20226443e+01  6.00482258e-06 
 1.23026877e+01  5.94609325e-06 
 1.25892541e+01  5.88794144e-06 
 1.28824955e+01  5.83036144e-06 
 1.31825674e+01  5.77334758e-06 
 1.34896288e+01  5.71689426e-06 
 1.38038426e+01  5.66099593e-06 
 1.41253754e+01  5.60564710e-06 
 1.44543977e+01  5.55084232e-06 
 1.47910839e+01  5.49657621e-06 
 1.51356125e+01  5.44284344e-06 
 1.54881662e+01  5.38963874e-06 
 1.58489319e+01  5.33695687e-06 
 1.62181010e+01  5.28479267e-06 
 1.65958691e+01  5.23314101e-06 
 1.69824365e+01  5.18199683e-06 
 1.73780083e+01  5.13135509e-06 
 1.77827941e+01  5.08121085e-06 
 1.81970086e+01  5.03155917e-06 
 1.86208714e+01  4.98239518e-06 
 1.90546072e+01  4.93371406e-06 
 1.94984460e+01  4.88551104e-06 
 1.99526231e+01  4.83778140e-06 
 2.04173794e+01  4.79052044e-06 
 2.08929613e+01  4.74372354e-06 
 2.13796209e+01  4.69738612e-06 
 2.18776162e+01  4.65150362e-06 
 2.23872114e+01  4.60607156e-06 
 2.29086765e+01  4.56108549e-06 
 2.34422882e+01  4.51654099e-06 
 2.39883292e+01  4.47243371e-06 
 2.45470892e+01  4.42875933e-06 
 2.51188643e+01  4.38551357e-06 
 2.57039578e+01  4.34269219e-06 
 2.63026799e+01  4.30029101e-06 
 2.69153480e+01  4.25830588e-06 
 2.75422870e+01  4.21673268e-06 
 2.81838293e+01  4.17556735e-06 
 2.88403150e+01  4.13480587e-06 
 2.95120923e+01  4.09444424e-06 
 3.01995172e+01  4.05447852e-06 
 3.09029543e+01  4.01490480e-06 
 3.16227766e+01  3.97571922e-06 
 3.23593657e+01  3.93691793e-06 
 3.31131121e+01  3.89849716e-06 
 3.38844156e+01  3.86045314e-06 
 3.46736850e+01  3.82278216e-06 
 3.54813389e+01  3.78548053e-06 
 3.63078055e+01  3.74854462e-06 
 3.71535229e+01  3.71197082e-06 
 3.80189396e+01  3.67575554e-06 
 3.89045145e+01  3.63989527e-06 
 3.98107171e+01  3.60438649e-06 
 4.07380278e+01  3.56922575e-06 
 4.16869383e+01  3.53440960e-06 
 4.26579519e+01  3.49993465e-06 
 4.36515832e+01  3.46579754e-06 
 4.46683592e+01  3.43199494e-06 
 4.57088190e+01  3.39852355e-06 
 4.67735141e+01  3.36538010e-06 
 4.78630092e+01  3.33256136e-06 
 4.89778819e+01  3.30006414e-06 
 5.01187234e+01  3.26788526e-06 
 5.12861384e+01  3.23602159e-06 
 5.24807460e+01  3.20447002e-06 
 5.37031796e+01  3.17322748e-06 
 5.49540874e+01  3.14229092e-06 
 5.62341325e+01  3.11165733e-06 
 5.75439937e+01  3.08132372e-06 
 5.88843655e+01  3.05128714e-06 
 6.02559586e+01  3.02154467e-06 
 6.16595002e+01  2.99209340e-06 
 6.30957344e+01  2.96293047e-06 
 6.45654229e+01  2.93405305e-06 
 6.60693448e+01  2.90545831e-06 
 6.76082975e+01  2.87714349e-06 
 6.91830971e+01  2.84910581e-06 
 7.07945784e+01  2.82134256e-06 
 7.24435960e+01  2.79385103e-06 
 7.41310241e+01  2.76662855e-06 
 7.58577575e+01  2.73967247e-06 
 7.76247117e+01  2.71298017e-06 
 7.94328235e+01  2.68654905e-06 
 8.12830516e+01  2.66037655e-06 
 8.31763771e+01  2.63446012e-06 
 8.51138038e+01  2.60879723e-06 
 8.70963590e+01  2.58338541e-06 
 8.91250938e+01  2.55822217e-06 
 9.12010839e+01  2.53330507e-06 
 9.33254301e+01  2.50863169e-06 
 9.54992586e+01  2.48419964e-06 
 9.77237221e+01  2.46000653e-06 
 1.00000000e+02  2.43605003e-06 
 1.02329299e+02  2.41232781e-06 
 1.04712855e+02  2.38883756e-06 
 1.07151931e+02  2.36557699e-06 
 1.09647820e+02  2.34254387e-06 
 1.12201845e+02  2.31973594e-06 
 1.14815362e+02  2.29715099e-06 
 1.17489755e+02  2.27478684e-06 
 1.20226443e+02  2.25264131e-06 
 1.23026877e+02  2.23071226e-06 
 1.25892541e+02  2.20899755e-06 
 1.28824955e+02  2.18749509e-06 
 1.31825674e+02  2.16620278e-06 
 1.34896288e+02  2.14511857e-06 
 1.38038426e+02  2.12424041e-06 
 1.41253754e+02  2.10356626e-06 
 1.44543977e+02  2.08309414e-06 
 1.47910839e+02  2.06282206e-06 
 1.51356125e+02  2.04274805e-06 
 1.54881662e+02  2.02287016e-06 
 1.58489319e+02  2.00318648e-06 
 1.62181010e+02  1.98369509e-06 
 1.65958691e+02  1.96439410e-06 
 1.69824365e+02  1.94528166e-06 
 1.73780083e+02  1.92635589e-06 
 1.77827941e+02  1.90761499e-06 
 1.81970086e+02  1.88905712e-06 
 1.86208714e+02  1.87068049e-06 
 1.90546072e+02  1.85248333e-06 
 1.94984460e+02  1.83446387e-06 
 1.99526231e+02  1.81662037e-06 
 2.04173794e+02  1.79895111e-06 
 2.08929613e+02  1.78145436e-06 
 2.13796209e+02  1.76412845e-06 
 2.18776162e+02  1.74697169e-06 
 2.23872114e+02  1.72998243e-06 
 2.29086765e+02  1.71315902e-06 
 2.34422882e+02  1.69649983e-06 
 2.39883292e+02  1.68000326e-06 
 2.45470892e+02  1.66366771e-06 
 2.51188643e+02  1.64749160e-06 
 2.57039578e+02  1.63147337e-06 
 2.63026799e+02  1.61561147e-06 
 2.69153480e+02  1.59990436e-06 
 2.75422870e+02  1.58435054e-06 
 2.81838293e+02  1.56894849e-06 
 2.88403150e+02  1.55369673e-06 
 2.95120923e+02  1.53859378e-06 
 3.01995172e+02  1.52363820e-06 
 3.09029543e+02  1.50882852e-06 
 3.16227766e+02  1.49416333e-06 
 3.23593657e+02  1.47964121e-06 
 3.31131121e+02  1.46526075e-06 
 3.38844156e+02  1.45102056e-06 
 3.46736850e+02  1.43691928e-06 
 3.54813389e+02  1.42295554e-06 
 3.63078055e+02  1.40912800e-06 
 3.71535229e+02  1.39543531e-06 
 3.80189396e+02  1.38187617e-06 
 3.89045145e+02  1.36844925e-06 
 3.98107171e+02  1.35515327e-06 
 4.07380278e+02  1.34198695e-06 
 4.16869383e+02  1.32894901e-06 
 4.26579519e+02  1.31603819e-06 
 4.36515832e+02  1.30325326e-06 
 4.46683592e+02  1.29059298e-06 
 4.57088190e+02  1.27805612e-06 
 4.67735141e+02  1.26564149e-06 
 4.78630092e+02  1.25334788e-06 
 4.89778819e+02  1.24117411e-06 
 5.01187234e+02  1.22911900e-06 
 5.12861384e+02  1.21718140e-06 
 5.24807460e+02  1.20536016e-06 
 5.37031796e+02  1.19365413e-06 
 5.49540874e+02  1.18206219e-06 
 5.62341325e+02  1.17058322e-06 
 5.75439937e+02  1.15921612e-06 
 5.88843655e+02  1.14795979e-06 
 6.02559586e+02  1.13681315e-06 
 6.16595002e+02  1.12577513e-06 
 6.30957344e+02  1.11484466e-06 
 6.45654229e+02  1.10402068e-06 
 6.60693448e+02  1.09330217e-06 
 6.76082975e+02  1.08268809e-06 
 6.91830971e+02  1.07217741e-06 
 7.07945784e+02  1.06176912e-06 
 7.24435960e+02  1.05146223e-06 
 7.41310241e+02  1.04125575e-06 
 7.58577575e+02  1.03114868e-06 
 7.76247117e+02  1.02114006e-06 
 7.94328235e+02  1.01122892e-06 
 8.12830516e+02  1.00141432e-06 
 8.31763771e+02  9.91695309e-07 
 8.51138038e+02  9.82070951e-07 
 8.70963590e+02  9.72540322e-07 
 8.91250938e+02  9.63102507e-07 
 9.12010839e+02  9.53756598e-07 
 9.33254301e+02  9.44501696e-07 
 9.54992586e+02  9.35336914e-07 
 9.77237221e+02  9.26261369e-07 
 1.00000000e+03  9.17274190e-07 
 1.02329299e+03  9.08374513e-07 
 1.04712855e+03  8.99561484e-07 
 1.07151931e+03  8.90834257e-07 
 1.09647820e+03  8.82191992e-07 
 1.12201845e+03  8.73633860e-07 
 1.14815362e+03  8.65159039e-07 
 1.17489755e+03  8.56766715e-07 
 1.20226443e+03  8.48456083e-07 
 1.23026877e+03  8.40226345e-07 
 1.25892541e+03  8.32076711e-07 
 1.28824955e+03  8.24006398e-07 
 1.31825674e+03  8.16014632e-07 
 1.34896288e+03  8.08100647e-07 
 1.38038426e+03  8.00263681e-07 
 1.41253754e+03  7.92502985e-07 
 1.44543977e+03  7.84817812e-07 
 1.47910839e+03  7.77207427e-07 
 1.51356125e+03  7.69671098e-07 
 1.54881662e+03  7.62208103e-07 
 1.58489319e+03  7.54817726e-07 
 1.62181010e+03  7.47499259e-07 
 1.65958691e+03  7.40251999e-07 
 1.69824365e+03  7.33075252e-07 
 1.73780083e+03  7.25968330e-07 
 1.77827941e+03  7.18930551e-07 
 1.81970086e+03  7.11961240e-07 
 1.86208714e+03  7.05059731e-07 
 1.90546072e+03  6.98225360e-07 
 1.94984460e+03  6.91457474e-07 
 1.99526231e+03  6.84755423e-07 
 2.04173794e+03  6.78118566e-07 
 2.08929613e+03  6.71546266e-07 
 2.13796209e+03  6.65037894e-07 
 2.18776162e+03  6.58592827e-07 
 2.23872114e+03  6.52210447e-07 
 2.29086765e+03  6.45890143e-07 
 2.34422882e+03  6.39631309e-07 
 2.39883292e+03  6.33433346e-07 
 2.45470892e+03  6.27295661e-07 
 2.51188643e+03  6.21217665e-07 
 2.57039578e+03  6.15198778e-07 
 2.63026799e+03  6.09238422e-07 
 2.69153480e+03  6.03336028e-07 
 2.75422870e+03  5.97491030e-07 
 2.81838293e+03  5.91702869e-07 
 2.88403150e+03  5.85970991e-07 
 2.95120923e+03  5.80294847e-07 
 3.01995172e+03  5.74673894e-07 
 3.09029543e+03  5.69107595e-07 
 3.16227766e+03  5.63595417e-07 
 3.23593657e+03  5.58136832e-07 
 3.31131121e+03  5.52731318e-07 
 3.38844156e+03  5.47378359e-07 
 3.46736850e+03  5.42077443e-07 
 3.54813389e+03  5.36828061e-07 
 3.63078055e+03  5.31629713e-07 
 3.71535229e+03  5.26481902e-07 
 3.80189396e+03  5.21384135e-07 
 3.89045145e+03  5.16335924e-07 
 3.98107171e+03  5.11336788e-07 
 4.07380278e+03  5.06386247e-07 
 4.16869383e+03  5.01483830e-07 
 4.26579519e+03  4.96629068e-07 
 4.36515832e+03  4.91821496e-07 
 4.46683592e+03  4.87060655e-07 
 4.57088190e+03  4.82346090e-07 
 4.67735141e+03  4.77677351e-07 
 4.78630092e+03  4.73053992e-07 
 4.89778819e+03  4.68475571e-07 
 5.01187234e+03  4.63941650e-07 
 5.12861384e+03  4.59451797e-07 
 5.24807460e+03  4.55005582e-07 
 5.37031796e+03  4.50602581e-07 
 5.49540874e+03  4.46242374e-07 
 5.62341325e+03  4.41924544e-07 
 5.75439937e+03  4.37648679e-07 
 5.88843655e+03  4.33414371e-07 
 6.02559586e+03  4.29221215e-07 
 6.16595002e+03  4.25068811e-07 
 6.30957344e+03  4.20956762e-07 
 6.45654229e+03  4.16884677e-07 
 6.60693448e+03  4.12852166e-07 
 6.76082975e+03  4.08858845e-07 
 6.91830971e+03  4.04904332e-07 
 7.07945784e+03  4.00988250e-07 
 7.24435960e+03  3.97110226e-07 
 7.41310241e+03  3.93269889e-07 
 7.58577575e+03  3.89466874e-07 
 7.76247117e+03  3.85700816e-07 
 7.94328235e+03  3.81971358e-07 
 8.12830516e+03  3.78278143e-07 
 8.31763771e+03  3.74620819e-07 
 8.51138038e+03  3.70999037e-07 
 8.70963590e+03  3.67412452e-07 
 8.91250938e+03  3.63860721e-07 
 9.12010839e+03  3.60343507e-07 
 9.33254301e+03  3.56860474e-07 
 9.54992586e+03  3.53411289e-07 
 9.77237221e+03  3.49995624e-07 
 1.00000000e+04  3.46613153e-07 
 1.02329299e+04  3.43263554e-07 
 1.04712855e+04  3.39946507e-07 
 1.07151931e+04  3.36661697e-07 
 1.09647820e+04  3.33408810e-07 
 1.12201845e+04  3.30187537e-07 
 1.14815362e+04  3.26997570e-07 
 1.17489755e+04  3.23838605e-07 
 1.20226443e+04  3.20710341e-07 
 1.23026877e+04  3.17612481e-07 
 1.25892541e+04  3.14544730e-07 
 1.28824955e+04  3.11506794e-07 
 1.31825674e+04  3.08498385e-07 
 1.34896288e+04  3.05519216e-07 
 1.38038426e+04  3.02569003e-07 
 1.41253754e+04  2.99647466e-07 
 1.44543977e+04  2.96754326e-07 
 1.47910839e+04  2.93889307e-07 
 1.51356125e+04  2.91052137e-07 
 1.54881662e+04  2.88242546e-07 
 1.58489319e+04  2.85460267e-07 
 1.62181010e+04  2.82705033e-07 
 1.65958691e+04  2.79976584e-07 
 1.69824365e+04  2.77274659e-07 
 1.73780083e+04  2.74599001e-07 
 1.77827941e+04  2.71949355e-07 
 1.81970086e+04  2.69325470e-07 
 1.86208714e+04  2.66727095e-07 
 1.90546072e+04  2.64153984e-07 
 1.94984460e+04  2.61605891e-07 
 1.99526231e+04  2.59082574e-07 
 2.04173794e+04  2.56583793e-07 
 2.08929613e+04  2.54109311e-07 
 2.13796209e+04  2.51658891e-07 
 2.18776162e+04  2.49232300e-07 
 2.23872114e+04  2.46829309e-07 
 2.29086765e+04  2.44449688e-07 
 2.34422882e+04  2.42093211e-07 
 2.39883292e+04  2.39759654e-07 
 2.45470892e+04  2.37448794e-07 
 2.51188643e+04  2.35160413e-07 
 2.57039578e+04  2.32894293e-07 
 2.63026799e+04  2.30650217e-07 
 2.69153480e+04  2.28427974e-07 
 2.75422870e+04  2.26227350e-07 
 2.81838293e+04  2.24048138e-07 
 2.88403150e+04  2.21890130e-07 
 2.95120923e+04  2.19753121e-07 
 3.01995172e+04  2.17636908e-07 
 3.09029543e+04  2.15541290e-07 
 3.16227766e+04  2.13466067e-07 
 3.23593657e+04  2.11411042e-07 
 3.31131121e+04  2.09376020e-07 
 3.38844156e+04  2.07360808e-07 
 3.46736850e+04  2.05365214e-07 
 3.54813389e+04  2.03389048e-07 
 3.63078055e+04  2.01432123e-07 
 3.71535229e+04  1.99494253e-07 
 3.80189396e+04  1.97575253e-07 
 3.89045145e+04  1.95674942e-07 
 3.98107171e+04  1.93793139e-07 
 4.07380278e+04  1.91929665e-07 
 4.16869383e+04  1.90084343e-07 
 4.26579519e+04  1.88256998e-07 
 4.36515832e+04  1.86447456e-07 
 4.46683592e+04  1.84655546e-07 
 4.57088190e+04  1.82881097e-07 
 4.67735141e+04  1.81123940e-07 
 4.78630092e+04  1.79383910e-07 
 4.89778819e+04  1.77660840e-07 
 5.01187234e+04  1.75954567e-07 
 5.12861384e+04  1.74264930e-07 
 5.24807460e+04  1.72591767e-07 
 5.37031796e+04  1.70934920e-07 
 5.49540874e+04  1.69294231e-07 
 5.62341325e+04  1.67669546e-07 
 5.75439937e+04  1.66060709e-07 
 5.88843655e+04  1.64467567e-07 
 6.02559586e+04  1.62889971e-07 
 6.16595002e+04  1.61327769e-07 
 6.30957344e+04  1.59780815e-07 
 6.45654229e+04  1.58248960e-07 
 6.60693448e+04  1.56732059e-07 
 6.76082975e+04  1.55229969e-07 
 6.91830971e+04  1.53742548e-07 
 7.07945784e+04  1.52269653e-07 
 7.24435960e+04  1.50811145e-07 
 7.41310241e+04  1.49366886e-07 
 7.58577575e+04  1.47936739e-07 
 7.76247117e+04  1.46520568e-07 
 7.94328235e+04  1.45118239e-07 
 8.12830516e+04  1.43729618e-07 
 8.31763771e+04  1.42354575e-07 
 8.51138038e+04  1.40992978e-07 
 8.70963590e+04  1.39644698e-07 
 8.91250938e+04  1.38309608e-07 
 9.12010839e+04  1.36987581e-07 
 9.33254301e+04  1.35678491e-07 
 9.54992586e+04  1.34382215e-07 
 9.77237221e+04  1.33098629e-07 
 1.00000000e+05  1.31827612e-07 
 1.02329299e+05  1.30569043e-07 
 1.04712855e+05  1.29322803e-07 
 1.07151931e+05  1.28088774e-07 
 1.09647820e+05  1.26866838e-07 
 1.12201845e+05  1.25656880e-07 
 1.14815362e+05  1.24458785e-07 
 1.17489755e+05  1.23272439e-07 
 1.20226443e+05  1.22097731e-07 
 1.23026877e+05  1.20934548e-07 
 1.25892541e+05  1.19782780e-07 
 1.28824955e+05  1.18642319e-07 
 1.31825674e+05  1.17513055e-07 
 1.34896288e+05  1.16394883e-07 
 1.38038426e+05  1.15287695e-07 
 1.41253754e+05  1.14191388e-07 
 1.44543977e+05  1.13105856e-07 
 1.47910839e+05  1.12030998e-07 
 1.51356125e+05  1.10966711e-07 
 1.54881662e+05  1.09912894e-07 
 1.58489319e+05  1.08869448e-07 
 1.62181010e+05  1.07836273e-07 
 1.65958691e+05  1.06813272e-07 
 1.69824365e+05  1.05800348e-07 
 1.73780083e+05  1.04797405e-07 
 1.77827941e+05  1.03804347e-07 
 1.81970086e+05  1.02821080e-07 
 1.86208714e+05  1.01847512e-07 
 1.90546072e+05  1.00883550e-07 
 1.94984460e+05  9.99291019e-08 
 1.99526231e+05  9.89840784e-08 
 2.04173794e+05  9.80483894e-08 
 2.08929613e+05  9.71219463e-08 
 2.13796209e+05  9.62046612e-08 
 2.18776162e+05  9.52964473e-08 
 2.23872114e+05  9.43972183e-08 
 2.29086765e+05  9.35068890e-08 
 2.34422882e+05  9.26253751e-08 
 2.39883292e+05  9.17525930e-08 
 2.45470892e+05  9.08884599e-08 
 2.51188643e+05  9.00328940e-08 
 2.57039578e+05  8.91858140e-08 
 2.63026799e+05  8.83471396e-08 
 2.69153480e+05  8.75167915e-08 
 2.75422870e+05  8.66946907e-08 
 2.81838293e+05  8.58807594e-08 
 2.88403150e+05  8.50749204e-08 
 2.95120923e+05  8.42770972e-08 
 3.01995172e+05  8.34872143e-08 
 3.09029543e+05  8.27051966e-08 
 3.16227766e+05  8.19309700e-08 
 3.23593657e+05  8.11644610e-08 
 3.31131121e+05  8.04055970e-08 
 3.38844156e+05  7.96543060e-08 
 3.46736850e+05  7.89105166e-08 
 3.54813389e+05  7.81741583e-08 
 3.63078055e+05  7.74451612e-08 
 3.71535229e+05  7.67234562e-08 
 3.80189396e+05  7.60089747e-08 
 3.89045145e+05  7.53016488e-08 
 3.98107171e+05  7.46014116e-08 
 4.07380278e+05  7.39081964e-08 
 4.16869383e+05  7.32219375e-08 
 4.26579519e+05  7.25425696e-08 
 4.36515832e+05  7.18700283e-08 
 4.46683592e+05  7.12042497e-08 
 4.57088190e+05  7.05451705e-08 
 4.67735141e+05  6.98927281e-08 
 4.78630092e+05  6.92468604e-08 
 4.89778819e+05  6.86075062e-08 
 5.01187234e+05  6.79746045e-08 
 5.12861384e+05  6.73480953e-08 
 5.24807460e+05  6.67279190e-08 
 5.37031796e+05  6.61140164e-08 
 5.49540874e+05  6.55063294e-08 
 5.62341325e+05  6.49047999e-08 
 5.75439937e+05  6.43093708e-08 
 5.88843655e+05  6.37199853e-08 
 6.02559586e+05  6.31365874e-08 
 6.16595002e+05  6.25591215e-08 
 6.30957344e+05  6.19875325e-08 
 6.45654229e+05  6.14217660e-08 
 6.60693448e+05  6.08617681e-08 
 6.76082975e+05  6.03074852e-08 
 6.91830971e+05  5.97588647e-08 
 7.07945784e+05  5.92158540e-08 
 7.24435960e+05  5.86784015e-08 
 7.41310241e+05  5.81464556e-08 
 7.58577575e+05  5.76199658e-08 
 7.76247117e+05  5.70988815e-08 
 7.94328235e+05  5.65831531e-08 
 8.12830516e+05  5.60727312e-08 
 8.31763771e+05  5.55675670e-08 
 8.51138038e+05  5.50676121e-08 
 8.70963590e+05  5.45728186e-08 
 8.91250938e+05  5.40831391e-08 
 9.12010839e+05  5.35985268e-08 
 9.33254301e+05  5.31189350e-08 
 9.54992586e+05  5.26443179e-08 
 9.77237221e+05  5.21746298e-08 
 1.00000000e+06  5.17098256e-08 
 1.02329299e+06  5.12498607e-08 
 1.04712855e+06  5.07946908e-08 
 1.07151931e+06  5.03442721e-08 
 1.09647820e+06  4.98985612e-08 
 1.12201845e+06  4.94575152e-08 
 1.14815362e+06  4.90210915e-08 
 1.17489755e+06  4.85892481e-08 
 1.20226443e+06  4.81619432e-08 
 1.23026877e+06  4.77391355e-08 
 1.25892541e+06  4.73207842e-08 
 1.28824955e+06  4.69068487e-08 
 1.31825674e+06  4.64972889e-08 
 1.34896288e+06  4.60920652e-08 
 1.38038426e+06  4.56911381e-08 
 1.41253754e+06  4.52944687e-08 
 1.44543977e+06  4.49020185e-08 
 1.47910839e+06  4.45137493e-08 
 1.51356125e+06  4.41296231e-08 
 1.54881662e+06  4.37496026e-08 
 1.58489319e+06  4.33736506e-08 
 1.62181010e+06  4.30017303e-08 
 1.65958691e+06  4.26338053e-08 
 1.69824365e+06  4.22698397e-08 
 1.73780083e+06  4.19097976e-08 
 1.77827941e+06  4.15536436e-08 
 1.81970086e+06  4.12013428e-08 
 1.86208714e+06  4.08528604e-08 
 1.90546072e+06  4.05081620e-08 
 1.94984460e+06  4.01672135e-08 
 1.99526231e+06  3.98299812e-08 
 2.04173794e+06  3.94964317e-08 
 2.08929613e+06  3.91665318e-08 
 2.13796209e+06  3.88402488e-08 
 2.18776162e+06  3.85175500e-08 
 2.23872114e+06  3.81984034e-08 
 2.29086765e+06  3.78827769e-08 
 2.34422882e+06  3.75706390e-08 
 2.39883292e+06  3.72619583e-08 
 2.45470892e+06  3.69567038e-08 
 2.51188643e+06  3.66548446e-08 
 2.57039578e+06  3.63563504e-08 
 2.63026799e+06  3.60611909e-08 
 2.69153480e+06  3.57693361e-08 
 2.75422870e+06  3.54807564e-08 
 2.81838293e+06  3.51954224e-08 
 2.88403150e+06  3.49133048e-08 
 2.95120923e+06  3.46343749e-08 
 3.01995172e+06  3.43586039e-08 
 3.09029543e+06  3.40859634e-08 
 3.16227766e+06  3.38164254e-08 
 3.23593657e+06  3.35499619e-08 
 3.31131121e+06  3.32865452e-08 
 3.38844156e+06  3.30261480e-08 
 3.46736850e+06  3.27687429e-08 
 3.54813389e+06  3.25143031e-08 
 3.63078055e+06  3.22628018e-08 
 3.71535229e+06  3.20142126e-08 
 3.80189396e+06  3.17685090e-08 
 3.89045145e+06  3.15256650e-08 
 3.98107171e+06  3.12856548e-08 
 4.07380278e+06  3.10484527e-08 
 4.16869383e+06  3.08140333e-08 
 4.26579519e+06  3.05823713e-08 
 4.36515832e+06  3.03534416e-08 
 4.46683592e+06  3.01272196e-08 
 4.57088190e+06  2.99036804e-08 
 4.67735141e+06  2.96827997e-08 
 4.78630092e+06  2.94645533e-08 
 4.89778819e+06  2.92489169e-08 
 5.01187234e+06  2.90358668e-08 
 5.12861384e+06  2.88253793e-08 
 5.24807460e+06  2.86174308e-08 
 5.37031796e+06  2.84119981e-08 
 5.49540874e+06  2.82090578e-08 
 5.62341325e+06  2.80085871e-08 
 5.75439937e+06  2.78105631e-08 
 5.88843655e+06  2.76149631e-08 
 6.02559586e+06  2.74217647e-08 
 6.16595002e+06  2.72309456e-08 
 6.30957344e+06  2.70424834e-08 
 6.45654229e+06  2.68563564e-08 
 6.60693448e+06  2.66725425e-08 
 6.76082975e+06  2.64910201e-08 
 6.91830971e+06  2.63117676e-08 
 7.07945784e+06  2.61347636e-08 
 7.24435960e+06  2.59599869e-08 
 7.41310241e+06  2.57874163e-08 
 7.58577575e+06  2.56170310e-08 
 7.76247117e+06  2.54488099e-08 
 7.94328235e+06  2.52827326e-08 
 8.12830516e+06  2.51187783e-08 
 8.31763771e+06  2.49569268e-08 
 8.51138038e+06  2.47971577e-08 
 8.70963590e+06  2.46394508e-08 
 8.91250938e+06  2.44837862e-08 
 9.12010839e+06  2.43301440e-08 
 9.33254301e+06  2.41785043e-08 
 9.54992586e+06  2.40288476e-08 
 9.77237221e+06  2.38811544e-08 
 1.00000000e+07  2.37354052e-08 
 1.02329299e+07  2.35915808e-08 
 1.04712855e+07  2.34496621e-08 
 1.07151931e+07  2.33096300e-08 
 1.09647820e+07  2.31714656e-08 
 1.12201845e+07  2.30351502e-08 
 1.14815362e+07  2.29006650e-08 
 1.17489755e+07  2.27679915e-08 
 1.20226443e+07  2.26371113e-08 
 1.23026877e+07  2.25080060e-08 
 1.25892541e+07  2.23806574e-08 
 1.28824955e+07  2.22550474e-08 
 1.31825674e+07  2.21311580e-08 
 1.34896288e+07  2.20089713e-08 
 1.38038426e+07  2.18884697e-08 
 1.41253754e+07  2.17696353e-08 
 1.44543977e+07  2.16524506e-08 
 1.47910839e+07  2.15368983e-08 
 1.51356125e+07  2.14229609e-08 
 1.54881662e+07  2.13106212e-08 
 1.58489319e+07  2.11998621e-08 
 1.62181010e+07  2.10906667e-08 
 1.65958691e+07  2.09830179e-08 
 1.69824365e+07  2.08768990e-08 
 1.73780083e+07  2.07722933e-08 
 1.77827941e+07  2.06691841e-08 
 1.81970086e+07  2.05675551e-08 
 1.86208714e+07  2.04673899e-08 
 1.90546072e+07  2.03686721e-08 
 1.94984460e+07  2.02713857e-08 
 1.99526231e+07  2.01755145e-08 
 2.04173794e+07  2.00810426e-08 
 2.08929613e+07  1.99879542e-08 
 2.13796209e+07  1.98962336e-08 
 2.18776162e+07  1.98058651e-08 
 2.23872114e+07  1.97168332e-08 
 2.29086765e+07  1.96291225e-08 
 2.34422882e+07  1.95427177e-08 
 2.39883292e+07  1.94576037e-08 
 2.45470892e+07  1.93737653e-08 
 2.51188643e+07  1.92911876e-08 
 2.57039578e+07  1.92098558e-08 
 2.63026799e+07  1.91297550e-08 
 2.69153480e+07  1.90508707e-08 
 2.75422870e+07  1.89731884e-08 
 2.81838293e+07  1.88966936e-08 
 2.88403150e+07  1.88213720e-08 
 2.95120923e+07  1.87472096e-08 
 3.01995172e+07  1.86741922e-08 
 3.09029543e+07  1.86023059e-08 
 3.16227766e+07  1.85315369e-08 
 3.23593657e+07  1.84618715e-08 
 3.31131121e+07  1.83932961e-08 
 3.38844156e+07  1.83257972e-08 
 3.46736850e+07  1.82593616e-08 
 3.54813389e+07  1.81939760e-08 
 3.63078055e+07  1.81296272e-08 
 3.71535229e+07  1.80663025e-08 
 3.80189396e+07  1.80039888e-08 
 3.89045145e+07  1.79426735e-08 
 3.98107171e+07  1.78823441e-08 
 4.07380278e+07  1.78229880e-08 
 4.16869383e+07  1.77645930e-08 
 4.26579519e+07  1.77071468e-08 
 4.36515832e+07  1.76506374e-08 
 4.46683592e+07  1.75950529e-08 
 4.57088190e+07  1.75403815e-08 
 4.67735141e+07  1.74866116e-08 
 4.78630092e+07  1.74337316e-08 
 4.89778819e+07  1.73817302e-08 
 5.01187234e+07  1.73305962e-08 
 5.12861384e+07  1.72803184e-08 
 5.24807460e+07  1.72308860e-08 
 5.37031796e+07  1.71822880e-08 
 5.49540874e+07  1.71345141e-08 
 5.62341325e+07  1.70875535e-08 
 5.75439937e+07  1.70413961e-08 
 5.88843655e+07  1.69960316e-08 
 6.02559586e+07  1.69514500e-08 
 6.16595002e+07  1.69076414e-08 
 6.30957344e+07  1.68645961e-08 
 6.45654229e+07  1.68223046e-08 
 6.60693448e+07  1.67807576e-08 
 6.76082975e+07  1.67399458e-08 
 6.91830971e+07  1.66998601e-08 
 7.07945784e+07  1.66604918e-08 
 7.24435960e+07  1.66218322e-08 
 7.41310241e+07  1.65838727e-08 
 7.58577575e+07  1.65466051e-08 
 7.76247117e+07  1.65100211e-08 
 7.94328235e+07  1.64741130e-08 
 8.12830516e+07  1.64388728e-08 
 8.31763771e+07  1.64042931e-08 
 8.51138038e+07  1.63703665e-08 
 8.70963590e+07  1.63370859e-08 
 8.91250938e+07  1.63044443e-08 
 9.12010839e+07  1.62724350e-08 
 9.33254301e+07  1.62410514e-08 
 9.54992586e+07  1.62102874e-08 
 9.77237221e+07  1.61801368e-08 
 1.00000000e+08  1.61505938e-08 
 1.02329299e+08  1.61216528e-08 
 1.04712855e+08  1.60933086e-08 
 1.07151931e+08  1.60655560e-08 
 1.09647820e+08  1.60383902e-08 
 1.12201845e+08  1.60118067e-08 
 1.14815362e+08  1.59858011e-08 
 1.17489755e+08  1.59603694e-08 
 1.20226443e+08  1.59355080e-08 
 1.23026877e+08  1.59112133e-08 
 1.25892541e+08  1.58874823e-08 
 1.28824955e+08  1.58643123e-08 
 1.31825674e+08  1.58417006e-08 
 1.34896288e+08  1.58196453e-08 
 1.38038426e+08  1.57981445e-08 
 1.41253754e+08  1.57771968e-08 
 1.44543977e+08  1.57568012e-08 
 1.47910839e+08  1.57369569e-08 
 1.51356125e+08  1.57176639e-08 
 1.54881662e+08  1.56989222e-08 
 1.58489319e+08  1.56807324e-08 
 1.62181010e+08  1.56630956e-08 
 1.65958691e+08  1.56460132e-08 
 1.69824365e+08  1.56294874e-08 
 1.73780083e+08  1.56135206e-08 
 1.77827941e+08  1.55981159e-08 
 1.81970086e+08  1.55832768e-08 
 1.86208714e+08  1.55690076e-08 
 1.90546072e+08  1.55553131e-08 
 1.94984460e+08  1.55421985e-08 
 1.99526231e+08  1.55296700e-08 
 2.04173794e+08  1.55177344e-08 
 2.08929613e+08  1.55063992e-08 
 2.13796209e+08  1.54956724e-08 
 2.18776162e+08  1.54855633e-08 
 2.23872114e+08  1.54760816e-08 
 2.29086765e+08  1.54672381e-08 
 2.34422882e+08  1.54590446e-08 
 2.39883292e+08  1.54515133e-08 
 2.45470892e+08  1.54446583e-08 
 2.51188643e+08  1.54384941e-08 
 2.57039578e+08  1.54330366e-08 
 2.63026799e+08  1.54283027e-08 
 2.69153480e+08  1.54243110e-08 
 2.75422870e+08  1.54210808e-08 
 2.81838293e+08  1.54186333e-08 
 2.88403150e+08  1.54169911e-08 
 2.95120923e+08  1.54161783e-08 
 3.01995172e+08  1.54162205e-08 
 3.09029543e+08  1.54171455e-08 
 3.16227766e+08  1.54189824e-08 
 3.23593657e+08  1.54217629e-08 
 3.31131121e+08  1.54255204e-08 
 3.38844156e+08  1.54302907e-08 
 3.46736850e+08  1.54361121e-08 
 3.54813389e+08  1.54430252e-08 
 3.63078055e+08  1.54510737e-08 
 3.71535229e+08  1.54603037e-08 
 3.80189396e+08  1.54707649e-08 
 3.89045145e+08  1.54825099e-08 
 3.98107171e+08  1.54955951e-08 
 4.07380278e+08  1.55100808e-08 
 4.16869383e+08  1.55260310e-08 
 4.26579519e+08  1.55435142e-08 
 4.36515832e+08  1.55626037e-08 
 4.46683592e+08  1.55833776e-08 
 4.57088190e+08  1.56059194e-08 
 4.67735141e+08  1.56303186e-08 
 4.78630092e+08  1.56566705e-08 
 4.89778819e+08  1.56850775e-08 
 5.01187234e+08  1.57156489e-08 
 5.12861384e+08  1.57485018e-08 
 5.24807460e+08  1.57837618e-08 
 5.37031796e+08  1.58215632e-08 
 5.49540874e+08  1.58620503e-08 
 5.62341325e+08  1.59053780e-08 
 5.75439937e+08  1.59517120e-08 
 5.88843655e+08  1.60012309e-08 
 6.02559586e+08  1.60541260e-08 
 6.16595002e+08  1.61106034e-08 
 6.30957344e+08  1.61708843e-08 
 6.45654229e+08  1.62352069e-08 
 6.60693448e+08  1.63038275e-08 
 6.76082975e+08  1.63770218e-08 
 6.91830971e+08  1.64550872e-08 
 7.07945784e+08  1.65383434e-08 
 7.24435960e+08  1.66271354e-08 
 7.41310241e+08  1.67218346e-08 
 7.58577575e+08  1.68228412e-08 
 7.76247117e+08  1.69305868e-08 
 7.94328235e+08  1.70455359e-08 
 8.12830516e+08  1.71681894e-08 
 8.31763771e+08  1.72990859e-08 
 8.51138038e+08  1.74388054e-08 
 8.70963590e+08  1.75879714e-08 
 8.91250938e+08  1.77472531e-08 
 9.12010839e+08  1.79173688e-08 
 9.33254301e+08  1.80990869e-08 
 9.54992586e+08  1.82932291e-08 
 9.77237221e+08  1.85006711e-08 
 1.00000000e+09  1.87223425e-08 
