 1.00000000e+00  1.74186113e-05 
 1.02329299e+00  1.72470835e-05 
 1.04712855e+00  1.70772573e-05 
 1.07151931e+00  1.69091155e-05 
 1.09647820e+00  1.67426414e-05 
 1.12201845e+00  1.65778182e-05 
 1.14815362e+00  1.64146295e-05 
 1.17489755e+00  1.62530588e-05 
 1.20226443e+00  1.60930899e-05 
 1.23026877e+00  1.59347070e-05 
 1.25892541e+00  1.57778940e-05 
 1.28824955e+00  1.56226352e-05 
 1.31825674e+00  1.54689153e-05 
 1.34896288e+00  1.53167186e-05 
 1.38038426e+00  1.51660301e-05 
 1.41253754e+00  1.50168346e-05 
 1.44543977e+00  1.48691172e-05 
 1.47910839e+00  1.47228632e-05 
 1.51356125e+00  1.45780579e-05 
 1.54881662e+00  1.44346868e-05 
 1.58489319e+00  1.42927356e-05 
 1.62181010e+00  1.41521902e-05 
 1.65958691e+00  1.40130364e-05 
 1.69824365e+00  1.38752603e-05 
 1.73780083e+00  1.37388483e-05 
 1.77827941e+00  1.36037867e-05 
 1.81970086e+00  1.34700620e-05 
 1.86208714e+00  1.33376608e-05 
 1.90546072e+00  1.32065700e-05 
 1.94984460e+00  1.30767765e-05 
 1.99526231e+00  1.29482672e-05 
 2.04173794e+00  1.28210295e-05 
 2.08929613e+00  1.26950506e-05 
 2.13796209e+00  1.25703179e-05 
 2.18776162e+00  1.24468190e-05 
 2.23872114e+00  1.23245416e-05 
 2.29086765e+00  1.22034735e-05 
 2.34422882e+00  1.20836027e-05 
 2.39883292e+00  1.19649173e-05 
 2.45470892e+00  1.18474053e-05 
 2.51188643e+00  1.17310551e-05 
 2.57039578e+00  1.16158551e-05 
 2.63026799e+00  1.15017939e-05 
 2.69153480e+00  1.13888600e-05 
 2.75422870e+00  1.12770424e-05 
 2.81838293e+00  1.11663297e-05 
 2.88403150e+00  1.10567111e-05 
 2.95120923e+00  1.09481756e-05 
 3.01995172e+00  1.08407125e-05 
 3.09029543e+00  1.07343110e-05 
 3.16227766e+00  1.06289606e-05 
 3.23593657e+00  1.05246508e-05 
 3.31131121e+00  1.04213712e-05 
 3.38844156e+00  1.03191116e-05 
 3.46736850e+00  1.02178619e-05 
 3.54813389e+00  1.01176119e-05 
 3.63078055e+00  1.00183518e-05 
 3.71535229e+00  9.92007163e-06 
 3.80189396e+00  9.82276169e-06 
 3.89045145e+00  9.72641232e-06 
 3.98107171e+00  9.63101397e-06 
 4.07380278e+00  9.53655716e-06 
 4.16869383e+00  9.44303253e-06 
 4.26579519e+00  9.35043081e-06 
 4.36515832e+00  9.25874281e-06 
 4.46683592e+00  9.16795946e-06 
 4.57088190e+00  9.07807175e-06 
 4.67735141e+00  8.98907079e-06 
 4.78630092e+00  8.90094774e-06 
 4.89778819e+00  8.81369389e-06 
 5.01187234e+00  8.72730060e-06 
 5.12861384e+00  8.64175930e-06 
 5.24807460e+00  8.55706154e-06 
 5.37031796e+00  8.47319893e-06 
 5.49540874e+00  8.39016317e-06 
 5.62341325e+00  8.30794605e-06 
 5.75439937e+00  8.22653944e-06 
 5.88843655e+00  8.14593528e-06 
 6.02559586e+00  8.06612560e-06 
 6.16595002e+00  7.98710251e-06 
 6.30957344e+00  7.90885820e-06 
 6.45654229e+00  7.83138494e-06 
 6.60693448e+00  7.75467507e-06 
 6.76082975e+00  7.67872101e-06 
 6.91830971e+00  7.60351526e-06 
 7.07945784e+00  7.52905039e-06 
 7.24435960e+00  7.45531906e-06 
 7.41310241e+00  7.38231397e-06 
 7.58577575e+00  7.31002792e-06 
 7.76247117e+00  7.23845378e-06 
 7.94328235e+00  7.16758448e-06 
 8.12830516e+00  7.09741303e-06 
 8.31763771e+00  7.02793252e-06 
 8.51138038e+00  6.95913608e-06 
 8.70963590e+00  6.89101693e-06 
 8.91250938e+00  6.82356835e-06 
 9.12010839e+00  6.75678370e-06 
 9.33254301e+00  6.69065640e-06 
 9.54992586e+00  6.62517992e-06 
 9.77237221e+00  6.56034781e-06 
 1.00000000e+01  6.49615369e-06 
 1.02329299e+01  6.43259124e-06 
 1.04712855e+01  6.36965418e-06 
 1.07151931e+01  6.30733634e-06 
 1.09647820e+01  6.24563156e-06 
 1.12201845e+01  6.18453378e-06 
 1.14815362e+01  6.12403698e-06 
 1.17489755e+01  6.06413521e-06 
 1.20226443e+01  6.00482258e-06 
 1.23026877e+01  5.94609325e-06 
 1.25892541e+01  5.88794144e-06 
 1.28824955e+01  5.83036144e-06 
 1.31825674e+01  5.77334758e-06 
 1.34896288e+01  5.71689426e-06 
 1.38038426e+01  5.66099593e-06 
 1.41253754e+01  5.60564709e-06 
 1.44543977e+01  5.55084231e-06 
 1.47910839e+01  5.49657620e-06 
 1.51356125e+01  5.44284343e-06 
 1.54881662e+01  5.38963872e-06 
 1.58489319e+01  5.33695685e-06 
 1.62181010e+01  5.28479265e-06 
 1.65958691e+01  5.23314099e-06 
 1.69824365e+01  5.18199680e-06 
 1.73780083e+01  5.13135507e-06 
 1.77827941e+01  5.08121082e-06 
 1.81970086e+01  5.03155914e-06 
 1.86208714e+01  4.98239515e-06 
 1.90546072e+01  4.93371403e-06 
 1.94984460e+01  4.88551101e-06 
 1.99526231e+01  4.83778136e-06 
 2.04173794e+01  4.79052041e-06 
 2.08929613e+01  4.74372351e-06 
 2.13796209e+01  4.69738608e-06 
 2.18776162e+01  4.65150358e-06 
 2.23872114e+01  4.60607152e-06 
 2.29086765e+01  4.56108545e-06 
 2.34422882e+01  4.51654095e-06 
 2.39883292e+01  4.47243367e-06 
 2.45470892e+01  4.42875929e-06 
 2.51188643e+01  4.38551352e-06 
 2.57039578e+01  4.34269215e-06 
 2.63026799e+01  4.30029096e-06 
 2.69153480e+01  4.25830583e-06 
 2.75422870e+01  4.21673263e-06 
 2.81838293e+01  4.17556730e-06 
 2.88403150e+01  4.13480582e-06 
 2.95120923e+01  4.09444419e-06 
 3.01995172e+01  4.05447847e-06 
 3.09029543e+01  4.01490475e-06 
 3.16227766e+01  3.97571916e-06 
 3.23593657e+01  3.93691788e-06 
 3.31131121e+01  3.89849711e-06 
 3.38844156e+01  3.86045309e-06 
 3.46736850e+01  3.82278210e-06 
 3.54813389e+01  3.78548048e-06 
 3.63078055e+01  3.74854457e-06 
 3.71535229e+01  3.71197076e-06 
 3.80189396e+01  3.67575549e-06 
 3.89045145e+01  3.63989521e-06 
 3.98107171e+01  3.60438643e-06 
 4.07380278e+01  3.56922569e-06 
 4.16869383e+01  3.53440954e-06 
 4.26579519e+01  3.49993459e-06 
 4.36515832e+01  3.46579748e-06 
 4.46683592e+01  3.43199488e-06 
 4.57088190e+01  3.39852349e-06 
 4.67735141e+01  3.36538004e-06 
 4.78630092e+01  3.33256130e-06 
 4.89778819e+01  3.30006408e-06 
 5.01187234e+01  3.26788520e-06 
 5.12861384e+01  3.23602153e-06 
 5.24807460e+01  3.20446996e-06 
 5.37031796e+01  3.17322742e-06 
 5.49540874e+01  3.14229086e-06 
 5.62341325e+01  3.11165726e-06 
 5.75439937e+01  3.08132366e-06 
 5.88843655e+01  3.05128708e-06 
 6.02559586e+01  3.02154460e-06 
 6.16595002e+01  2.99209334e-06 
 6.30957344e+01  2.96293041e-06 
 6.45654229e+01  2.93405298e-06 
 6.60693448e+01  2.90545825e-06 
 6.76082975e+01  2.87714342e-06 
 6.91830971e+01  2.84910575e-06 
 7.07945784e+01  2.82134249e-06 
 7.24435960e+01  2.79385097e-06 
 7.41310241e+01  2.76662849e-06 
 7.58577575e+01  2.73967241e-06 
 7.76247117e+01  2.71298011e-06 
 7.94328235e+01  2.68654899e-06 
 8.12830516e+01  2.66037648e-06 
 8.31763771e+01  2.63446005e-06 
 8.51138038e+01  2.60879717e-06 
 8.70963590e+01  2.58338534e-06 
 8.91250938e+01  2.55822210e-06 
 9.12010839e+01  2.53330500e-06 
 9.33254301e+01  2.50863162e-06 
 9.54992586e+01  2.48419957e-06 
 9.77237221e+01  2.46000647e-06 
 1.00000000e+02  2.43604997e-06 
 1.02329299e+02  2.41232774e-06 
 1.04712855e+02  2.38883749e-06 
 1.07151931e+02  2.36557693e-06 
 1.09647820e+02  2.34254380e-06 
 1.12201845e+02  2.31973587e-06 
 1.14815362e+02  2.29715092e-06 
 1.17489755e+02  2.27478677e-06 
 1.20226443e+02  2.25264125e-06 
 1.23026877e+02  2.23071219e-06 
 1.25892541e+02  2.20899749e-06 
 1.28824955e+02  2.18749503e-06 
 1.31825674e+02  2.16620272e-06 
 1.34896288e+02  2.14511851e-06 
 1.38038426e+02  2.12424034e-06 
 1.41253754e+02  2.10356620e-06 
 1.44543977e+02  2.08309408e-06 
 1.47910839e+02  2.06282200e-06 
 1.51356125e+02  2.04274798e-06 
 1.54881662e+02  2.02287010e-06 
 1.58489319e+02  2.00318641e-06 
 1.62181010e+02  1.98369502e-06 
 1.65958691e+02  1.96439404e-06 
 1.69824365e+02  1.94528159e-06 
 1.73780083e+02  1.92635583e-06 
 1.77827941e+02  1.90761492e-06 
 1.81970086e+02  1.88905706e-06 
 1.86208714e+02  1.87068043e-06 
 1.90546072e+02  1.85248327e-06 
 1.94984460e+02  1.83446381e-06 
 1.99526231e+02  1.81662031e-06 
 2.04173794e+02  1.79895105e-06 
 2.08929613e+02  1.78145430e-06 
 2.13796209e+02  1.76412839e-06 
 2.18776162e+02  1.74697163e-06 
 2.23872114e+02  1.72998237e-06 
 2.29086765e+02  1.71315896e-06 
 2.34422882e+02  1.69649977e-06 
 2.39883292e+02  1.68000320e-06 
 2.45470892e+02  1.66366765e-06 
 2.51188643e+02  1.64749154e-06 
 2.57039578e+02  1.63147331e-06 
 2.63026799e+02  1.61561141e-06 
 2.69153480e+02  1.59990431e-06 
 2.75422870e+02  1.58435048e-06 
 2.81838293e+02  1.56894843e-06 
 2.88403150e+02  1.55369667e-06 
 2.95120923e+02  1.53859373e-06 
 3.01995172e+02  1.52363814e-06 
 3.09029543e+02  1.50882847e-06 
 3.16227766e+02  1.49416328e-06 
 3.23593657e+02  1.47964115e-06 
 3.31131121e+02  1.46526069e-06 
 3.38844156e+02  1.45102051e-06 
 3.46736850e+02  1.43691923e-06 
 3.54813389e+02  1.42295549e-06 
 3.63078055e+02  1.40912795e-06 
 3.71535229e+02  1.39543526e-06 
 3.80189396e+02  1.38187612e-06 
 3.89045145e+02  1.36844920e-06 
 3.98107171e+02  1.35515322e-06 
 4.07380278e+02  1.34198690e-06 
 4.16869383e+02  1.32894896e-06 
 4.26579519e+02  1.31603814e-06 
 4.36515832e+02  1.30325321e-06 
 4.46683592e+02  1.29059293e-06 
 4.57088190e+02  1.27805608e-06 
 4.67735141e+02  1.26564144e-06 
 4.78630092e+02  1.25334783e-06 
 4.89778819e+02  1.24117406e-06 
 5.01187234e+02  1.22911896e-06 
 5.12861384e+02  1.21718136e-06 
 5.24807460e+02  1.20536012e-06 
 5.37031796e+02  1.19365409e-06 
 5.49540874e+02  1.18206215e-06 
 5.62341325e+02  1.17058318e-06 
 5.75439937e+02  1.15921608e-06 
 5.88843655e+02  1.14795975e-06 
 6.02559586e+02  1.13681311e-06 
 6.16595002e+02  1.12577509e-06 
 6.30957344e+02  1.11484461e-06 
 6.45654229e+02  1.10402064e-06 
 6.60693448e+02  1.09330213e-06 
 6.76082975e+02  1.08268805e-06 
 6.91830971e+02  1.07217737e-06 
 7.07945784e+02  1.06176908e-06 
 7.24435960e+02  1.05146219e-06 
 7.41310241e+02  1.04125571e-06 
 7.58577575e+02  1.03114864e-06 
 7.76247117e+02  1.02114002e-06 
 7.94328235e+02  1.01122889e-06 
 8.12830516e+02  1.00141428e-06 
 8.31763771e+02  9.91695273e-07 
 8.51138038e+02  9.82070915e-07 
 8.70963590e+02  9.72540287e-07 
 8.91250938e+02  9.63102472e-07 
 9.12010839e+02  9.53756563e-07 
 9.33254301e+02  9.44501662e-07 
 9.54992586e+02  9.35336880e-07 
 9.77237221e+02  9.26261335e-07 
 1.00000000e+03  9.17274157e-07 
 1.02329299e+03  9.08374481e-07 
 1.04712855e+03  8.99561453e-07 
 1.07151931e+03  8.90834225e-07 
 1.09647820e+03  8.82191961e-07 
 1.12201845e+03  8.73633829e-07 
 1.14815362e+03  8.65159009e-07 
 1.17489755e+03  8.56766686e-07 
 1.20226443e+03  8.48456054e-07 
 1.23026877e+03  8.40226317e-07 
 1.25892541e+03  8.32076683e-07 
 1.28824955e+03  8.24006371e-07 
 1.31825674e+03  8.16014605e-07 
 1.34896288e+03  8.08100620e-07 
 1.38038426e+03  8.00263655e-07 
 1.41253754e+03  7.92502959e-07 
 1.44543977e+03  7.84817787e-07 
 1.47910839e+03  7.77207402e-07 
 1.51356125e+03  7.69671074e-07 
 1.54881662e+03  7.62208079e-07 
 1.58489319e+03  7.54817703e-07 
 1.62181010e+03  7.47499236e-07 
 1.65958691e+03  7.40251977e-07 
 1.69824365e+03  7.33075230e-07 
 1.73780083e+03  7.25968309e-07 
 1.77827941e+03  7.18930530e-07 
 1.81970086e+03  7.11961220e-07 
 1.86208714e+03  7.05059711e-07 
 1.90546072e+03  6.98225341e-07 
 1.94984460e+03  6.91457455e-07 
 1.99526231e+03  6.84755405e-07 
 2.04173794e+03  6.78118548e-07 
 2.08929613e+03  6.71546249e-07 
 2.13796209e+03  6.65037877e-07 
 2.18776162e+03  6.58592811e-07 
 2.23872114e+03  6.52210431e-07 
 2.29086765e+03  6.45890127e-07 
 2.34422882e+03  6.39631294e-07 
 2.39883292e+03  6.33433331e-07 
 2.45470892e+03  6.27295647e-07 
 2.51188643e+03  6.21217652e-07 
 2.57039578e+03  6.15198765e-07 
 2.63026799e+03  6.09238410e-07 
 2.69153480e+03  6.03336016e-07 
 2.75422870e+03  5.97491019e-07 
 2.81838293e+03  5.91702858e-07 
 2.88403150e+03  5.85970980e-07 
 2.95120923e+03  5.80294837e-07 
 3.01995172e+03  5.74673885e-07 
 3.09029543e+03  5.69107586e-07 
 3.16227766e+03  5.63595408e-07 
 3.23593657e+03  5.58136824e-07 
 3.31131121e+03  5.52731311e-07 
 3.38844156e+03  5.47378352e-07 
 3.46736850e+03  5.42077436e-07 
 3.54813389e+03  5.36828056e-07 
 3.63078055e+03  5.31629708e-07 
 3.71535229e+03  5.26481897e-07 
 3.80189396e+03  5.21384130e-07 
 3.89045145e+03  5.16335920e-07 
 3.98107171e+03  5.11336784e-07 
 4.07380278e+03  5.06386245e-07 
 4.16869383e+03  5.01483828e-07 
 4.26579519e+03  4.96629066e-07 
 4.36515832e+03  4.91821495e-07 
 4.46683592e+03  4.87060655e-07 
 4.57088190e+03  4.82346090e-07 
 4.67735141e+03  4.77677352e-07 
 4.78630092e+03  4.73053993e-07 
 4.89778819e+03  4.68475572e-07 
 5.01187234e+03  4.63941652e-07 
 5.12861384e+03  4.59451799e-07 
 5.24807460e+03  4.55005585e-07 
 5.37031796e+03  4.50602585e-07 
 5.49540874e+03  4.46242379e-07 
 5.62341325e+03  4.41924550e-07 
 5.75439937e+03  4.37648685e-07 
 5.88843655e+03  4.33414377e-07 
 6.02559586e+03  4.29221222e-07 
 6.16595002e+03  4.25068818e-07 
 6.30957344e+03  4.20956770e-07 
 6.45654229e+03  4.16884685e-07 
 6.60693448e+03  4.12852175e-07 
 6.76082975e+03  4.08858854e-07 
 6.91830971e+03  4.04904342e-07 
 7.07945784e+03  4.00988261e-07 
 7.24435960e+03  3.97110237e-07 
 7.41310241e+03  3.93269901e-07 
 7.58577575e+03  3.89466886e-07 
 7.76247117e+03  3.85700829e-07 
 7.94328235e+03  3.81971372e-07 
 8.12830516e+03  3.78278157e-07 
 8.31763771e+03  3.74620834e-07 
 8.51138038e+03  3.70999052e-07 
 8.70963590e+03  3.67412468e-07 
 8.91250938e+03  3.63860738e-07 
 9.12010839e+03  3.60343524e-07 
 9.33254301e+03  3.56860491e-07 
 9.54992586e+03  3.53411307e-07 
 9.77237221e+03  3.49995643e-07 
 1.00000000e+04  3.46613173e-07 
 1.02329299e+04  3.43263574e-07 
 1.04712855e+04  3.39946528e-07 
 1.07151931e+04  3.36661719e-07 
 1.09647820e+04  3.33408833e-07 
 1.12201845e+04  3.30187560e-07 
 1.14815362e+04  3.26997593e-07 
 1.17489755e+04  3.23838629e-07 
 1.20226443e+04  3.20710366e-07 
 1.23026877e+04  3.17612507e-07 
 1.25892541e+04  3.14544756e-07 
 1.28824955e+04  3.11506821e-07 
 1.31825674e+04  3.08498412e-07 
 1.34896288e+04  3.05519244e-07 
 1.38038426e+04  3.02569032e-07 
 1.41253754e+04  2.99647495e-07 
 1.44543977e+04  2.96754356e-07 
 1.47910839e+04  2.93889338e-07 
 1.51356125e+04  2.91052169e-07 
 1.54881662e+04  2.88242579e-07 
 1.58489319e+04  2.85460299e-07 
 1.62181010e+04  2.82705067e-07 
 1.65958691e+04  2.79976618e-07 
 1.69824365e+04  2.77274694e-07 
 1.73780083e+04  2.74599036e-07 
 1.77827941e+04  2.71949391e-07 
 1.81970086e+04  2.69325507e-07 
 1.86208714e+04  2.66727133e-07 
 1.90546072e+04  2.64154022e-07 
 1.94984460e+04  2.61605930e-07 
 1.99526231e+04  2.59082614e-07 
 2.04173794e+04  2.56583834e-07 
 2.08929613e+04  2.54109352e-07 
 2.13796209e+04  2.51658933e-07 
 2.18776162e+04  2.49232343e-07 
 2.23872114e+04  2.46829353e-07 
 2.29086765e+04  2.44449732e-07 
 2.34422882e+04  2.42093256e-07 
 2.39883292e+04  2.39759700e-07 
 2.45470892e+04  2.37448841e-07 
 2.51188643e+04  2.35160461e-07 
 2.57039578e+04  2.32894341e-07 
 2.63026799e+04  2.30650266e-07 
 2.69153480e+04  2.28428023e-07 
 2.75422870e+04  2.26227401e-07 
 2.81838293e+04  2.24048190e-07 
 2.88403150e+04  2.21890183e-07 
 2.95120923e+04  2.19753174e-07 
 3.01995172e+04  2.17636962e-07 
 3.09029543e+04  2.15541344e-07 
 3.16227766e+04  2.13466122e-07 
 3.23593657e+04  2.11411098e-07 
 3.31131121e+04  2.09376077e-07 
 3.38844156e+04  2.07360866e-07 
 3.46736850e+04  2.05365273e-07 
 3.54813389e+04  2.03389108e-07 
 3.63078055e+04  2.01432184e-07 
 3.71535229e+04  1.99494314e-07 
 3.80189396e+04  1.97575316e-07 
 3.89045145e+04  1.95675006e-07 
 3.98107171e+04  1.93793203e-07 
 4.07380278e+04  1.91929730e-07 
 4.16869383e+04  1.90084409e-07 
 4.26579519e+04  1.88257065e-07 
 4.36515832e+04  1.86447524e-07 
 4.46683592e+04  1.84655614e-07 
 4.57088190e+04  1.82881166e-07 
 4.67735141e+04  1.81124011e-07 
 4.78630092e+04  1.79383981e-07 
 4.89778819e+04  1.77660912e-07 
 5.01187234e+04  1.75954641e-07 
 5.12861384e+04  1.74265004e-07 
 5.24807460e+04  1.72591842e-07 
 5.37031796e+04  1.70934996e-07 
 5.49540874e+04  1.69294309e-07 
 5.62341325e+04  1.67669624e-07 
 5.75439937e+04  1.66060788e-07 
 5.88843655e+04  1.64467648e-07 
 6.02559586e+04  1.62890052e-07 
 6.16595002e+04  1.61327852e-07 
 6.30957344e+04  1.59780898e-07 
 6.45654229e+04  1.58249044e-07 
 6.60693448e+04  1.56732145e-07 
 6.76082975e+04  1.55230056e-07 
 6.91830971e+04  1.53742635e-07 
 7.07945784e+04  1.52269742e-07 
 7.24435960e+04  1.50811235e-07 
 7.41310241e+04  1.49366977e-07 
 7.58577575e+04  1.47936831e-07 
 7.76247117e+04  1.46520661e-07 
 7.94328235e+04  1.45118333e-07 
 8.12830516e+04  1.43729714e-07 
 8.31763771e+04  1.42354671e-07 
 8.51138038e+04  1.40993075e-07 
 8.70963590e+04  1.39644797e-07 
 8.91250938e+04  1.38309708e-07 
 9.12010839e+04  1.36987682e-07 
 9.33254301e+04  1.35678593e-07 
 9.54992586e+04  1.34382318e-07 
 9.77237221e+04  1.33098734e-07 
 1.00000000e+05  1.31827718e-07 
 1.02329299e+05  1.30569150e-07 
 1.04712855e+05  1.29322911e-07 
 1.07151931e+05  1.28088883e-07 
 1.09647820e+05  1.26866948e-07 
 1.12201845e+05  1.25656992e-07 
 1.14815362e+05  1.24458898e-07 
 1.17489755e+05  1.23272554e-07 
 1.20226443e+05  1.22097846e-07 
 1.23026877e+05  1.20934665e-07 
 1.25892541e+05  1.19782898e-07 
 1.28824955e+05  1.18642438e-07 
 1.31825674e+05  1.17513176e-07 
 1.34896288e+05  1.16395005e-07 
 1.38038426e+05  1.15287819e-07 
 1.41253754e+05  1.14191513e-07 
 1.44543977e+05  1.13105982e-07 
 1.47910839e+05  1.12031125e-07 
 1.51356125e+05  1.10966840e-07 
 1.54881662e+05  1.09913025e-07 
 1.58489319e+05  1.08869580e-07 
 1.62181010e+05  1.07836407e-07 
 1.65958691e+05  1.06813407e-07 
 1.69824365e+05  1.05800484e-07 
 1.73780083e+05  1.04797542e-07 
 1.77827941e+05  1.03804486e-07 
 1.81970086e+05  1.02821221e-07 
 1.86208714e+05  1.01847654e-07 
 1.90546072e+05  1.00883693e-07 
 1.94984460e+05  9.99292471e-08 
 1.99526231e+05  9.89842251e-08 
 2.04173794e+05  9.80485376e-08 
 2.08929613e+05  9.71220961e-08 
 2.13796209e+05  9.62048126e-08 
 2.18776162e+05  9.52966002e-08 
 2.23872114e+05  9.43973728e-08 
 2.29086765e+05  9.35070452e-08 
 2.34422882e+05  9.26255329e-08 
 2.39883292e+05  9.17527524e-08 
 2.45470892e+05  9.08886210e-08 
 2.51188643e+05  9.00330566e-08 
 2.57039578e+05  8.91859783e-08 
 2.63026799e+05  8.83473057e-08 
 2.69153480e+05  8.75169592e-08 
 2.75422870e+05  8.66948601e-08 
 2.81838293e+05  8.58809306e-08 
 2.88403150e+05  8.50750933e-08 
 2.95120923e+05  8.42772719e-08 
 3.01995172e+05  8.34873907e-08 
 3.09029543e+05  8.27053747e-08 
 3.16227766e+05  8.19311499e-08 
 3.23593657e+05  8.11646428e-08 
 3.31131121e+05  8.04057806e-08 
 3.38844156e+05  7.96544914e-08 
 3.46736850e+05  7.89107039e-08 
 3.54813389e+05  7.81743474e-08 
 3.63078055e+05  7.74453522e-08 
 3.71535229e+05  7.67236490e-08 
 3.80189396e+05  7.60091694e-08 
 3.89045145e+05  7.53018455e-08 
 3.98107171e+05  7.46016102e-08 
 4.07380278e+05  7.39083970e-08 
 4.16869383e+05  7.32221400e-08 
 4.26579519e+05  7.25427741e-08 
 4.36515832e+05  7.18702348e-08 
 4.46683592e+05  7.12044582e-08 
 4.57088190e+05  7.05453810e-08 
 4.67735141e+05  6.98929406e-08 
 4.78630092e+05  6.92470750e-08 
 4.89778819e+05  6.86077228e-08 
 5.01187234e+05  6.79748232e-08 
 5.12861384e+05  6.73483161e-08 
 5.24807460e+05  6.67281418e-08 
 5.37031796e+05  6.61142414e-08 
 5.49540874e+05  6.55065565e-08 
 5.62341325e+05  6.49050292e-08 
 5.75439937e+05  6.43096022e-08 
 5.88843655e+05  6.37202190e-08 
 6.02559586e+05  6.31368232e-08 
 6.16595002e+05  6.25593595e-08 
 6.30957344e+05  6.19877728e-08 
 6.45654229e+05  6.14220085e-08 
 6.60693448e+05  6.08620128e-08 
 6.76082975e+05  6.03077322e-08 
 6.91830971e+05  5.97591139e-08 
 7.07945784e+05  5.92161056e-08 
 7.24435960e+05  5.86786553e-08 
 7.41310241e+05  5.81467118e-08 
 7.58577575e+05  5.76202243e-08 
 7.76247117e+05  5.70991424e-08 
 7.94328235e+05  5.65834163e-08 
 8.12830516e+05  5.60729968e-08 
 8.31763771e+05  5.55678349e-08 
 8.51138038e+05  5.50678824e-08 
 8.70963590e+05  5.45730913e-08 
 8.91250938e+05  5.40834143e-08 
 9.12010839e+05  5.35988044e-08 
 9.33254301e+05  5.31192151e-08 
 9.54992586e+05  5.26446004e-08 
 9.77237221e+05  5.21749148e-08 
 1.00000000e+06  5.17101131e-08 
 1.02329299e+06  5.12501507e-08 
 1.04712855e+06  5.07949833e-08 
 1.07151931e+06  5.03445671e-08 
 1.09647820e+06  4.98988587e-08 
 1.12201845e+06  4.94578152e-08 
 1.14815362e+06  4.90213941e-08 
 1.17489755e+06  4.85895533e-08 
 1.20226443e+06  4.81622509e-08 
 1.23026877e+06  4.77394458e-08 
 1.25892541e+06  4.73210971e-08 
 1.28824955e+06  4.69071642e-08 
 1.31825674e+06  4.64976070e-08 
 1.34896288e+06  4.60923859e-08 
 1.38038426e+06  4.56914614e-08 
 1.41253754e+06  4.52947947e-08 
 1.44543977e+06  4.49023471e-08 
 1.47910839e+06  4.45140805e-08 
 1.51356125e+06  4.41299570e-08 
 1.54881662e+06  4.37499391e-08 
 1.58489319e+06  4.33739897e-08 
 1.62181010e+06  4.30020721e-08 
 1.65958691e+06  4.26341498e-08 
 1.69824365e+06  4.22701868e-08 
 1.73780083e+06  4.19101474e-08 
 1.77827941e+06  4.15539961e-08 
 1.81970086e+06  4.12016979e-08 
 1.86208714e+06  4.08532181e-08 
 1.90546072e+06  4.05085224e-08 
 1.94984460e+06  4.01675765e-08 
 1.99526231e+06  3.98303469e-08 
 2.04173794e+06  3.94968000e-08 
 2.08929613e+06  3.91669028e-08 
 2.13796209e+06  3.88406223e-08 
 2.18776162e+06  3.85179262e-08 
 2.23872114e+06  3.81987821e-08 
 2.29086765e+06  3.78831583e-08 
 2.34422882e+06  3.75710229e-08 
 2.39883292e+06  3.72623448e-08 
 2.45470892e+06  3.69570928e-08 
 2.51188643e+06  3.66552362e-08 
 2.57039578e+06  3.63567445e-08 
 2.63026799e+06  3.60615875e-08 
 2.69153480e+06  3.57697352e-08 
 2.75422870e+06  3.54811579e-08 
 2.81838293e+06  3.51958263e-08 
 2.88403150e+06  3.49137111e-08 
 2.95120923e+06  3.46347835e-08 
 3.01995172e+06  3.43590149e-08 
 3.09029543e+06  3.40863768e-08 
 3.16227766e+06  3.38168410e-08 
 3.23593657e+06  3.35503797e-08 
 3.31131121e+06  3.32869653e-08 
 3.38844156e+06  3.30265701e-08 
 3.46736850e+06  3.27691672e-08 
 3.54813389e+06  3.25147295e-08 
 3.63078055e+06  3.22632302e-08 
 3.71535229e+06  3.20146429e-08 
 3.80189396e+06  3.17689412e-08 
 3.89045145e+06  3.15260991e-08 
 3.98107171e+06  3.12860907e-08 
 4.07380278e+06  3.10488903e-08 
 4.16869383e+06  3.08144725e-08 
 4.26579519e+06  3.05828121e-08 
 4.36515832e+06  3.03538840e-08 
 4.46683592e+06  3.01276633e-08 
 4.57088190e+06  2.99041255e-08 
 4.67735141e+06  2.96832461e-08 
 4.78630092e+06  2.94650008e-08 
 4.89778819e+06  2.92493655e-08 
 5.01187234e+06  2.90363164e-08 
 5.12861384e+06  2.88258298e-08 
 5.24807460e+06  2.86178820e-08 
 5.37031796e+06  2.84124499e-08 
 5.49540874e+06  2.82095102e-08 
 5.62341325e+06  2.80090398e-08 
 5.75439937e+06  2.78110161e-08 
 5.88843655e+06  2.76154163e-08 
 6.02559586e+06  2.74222178e-08 
 6.16595002e+06  2.72313985e-08 
 6.30957344e+06  2.70429361e-08 
 6.45654229e+06  2.68568085e-08 
 6.60693448e+06  2.66729939e-08 
 6.76082975e+06  2.64914706e-08 
 6.91830971e+06  2.63122171e-08 
 7.07945784e+06  2.61352119e-08 
 7.24435960e+06  2.59604338e-08 
 7.41310241e+06  2.57878616e-08 
 7.58577575e+06  2.56174743e-08 
 7.76247117e+06  2.54492512e-08 
 7.94328235e+06  2.52831715e-08 
 8.12830516e+06  2.51192146e-08 
 8.31763771e+06  2.49573602e-08 
 8.51138038e+06  2.47975879e-08 
 8.70963590e+06  2.46398777e-08 
 8.91250938e+06  2.44842093e-08 
 9.12010839e+06  2.43305630e-08 
 9.33254301e+06  2.41789190e-08 
 9.54992586e+06  2.40292576e-08 
 9.77237221e+06  2.38815593e-08 
 1.00000000e+07  2.37358047e-08 
 1.02329299e+07  2.35919744e-08 
 1.04712855e+07  2.34500495e-08 
 1.07151931e+07  2.33100107e-08 
 1.09647820e+07  2.31718393e-08 
 1.12201845e+07  2.30355163e-08 
 1.14815362e+07  2.29010230e-08 
 1.17489755e+07  2.27683410e-08 
 1.20226443e+07  2.26374518e-08 
 1.23026877e+07  2.25083369e-08 
 1.25892541e+07  2.23809781e-08 
 1.28824955e+07  2.22553574e-08 
 1.31825674e+07  2.21314567e-08 
 1.34896288e+07  2.20092581e-08 
 1.38038426e+07  2.18887438e-08 
 1.41253754e+07  2.17698961e-08 
 1.44543977e+07  2.16526974e-08 
 1.47910839e+07  2.15371302e-08 
 1.51356125e+07  2.14231772e-08 
 1.54881662e+07  2.13108211e-08 
 1.58489319e+07  2.12000448e-08 
 1.62181010e+07  2.10908312e-08 
 1.65958691e+07  2.09831633e-08 
 1.69824365e+07  2.08770244e-08 
 1.73780083e+07  2.07723976e-08 
 1.77827941e+07  2.06692664e-08 
 1.81970086e+07  2.05676142e-08 
 1.86208714e+07  2.04674246e-08 
 1.90546072e+07  2.03686813e-08 
 1.94984460e+07  2.02713681e-08 
 1.99526231e+07  2.01754689e-08 
 2.04173794e+07  2.00809676e-08 
 2.08929613e+07  1.99878484e-08 
 2.13796209e+07  1.98960954e-08 
 2.18776162e+07  1.98056931e-08 
 2.23872114e+07  1.97166257e-08 
 2.29086765e+07  1.96288780e-08 
 2.34422882e+07  1.95424343e-08 
 2.39883292e+07  1.94572796e-08 
 2.45470892e+07  1.93733987e-08 
 2.51188643e+07  1.92907764e-08 
 2.57039578e+07  1.92093980e-08 
 2.63026799e+07  1.91292484e-08 
 2.69153480e+07  1.90503131e-08 
 2.75422870e+07  1.89725774e-08 
 2.81838293e+07  1.88960268e-08 
 2.88403150e+07  1.88206469e-08 
 2.95120923e+07  1.87464234e-08 
 3.01995172e+07  1.86733422e-08 
 3.09029543e+07  1.86013891e-08 
 3.16227766e+07  1.85305504e-08 
 3.23593657e+07  1.84608120e-08 
 3.31131121e+07  1.83921603e-08 
 3.38844156e+07  1.83245817e-08 
 3.46736850e+07  1.82580628e-08 
 3.54813389e+07  1.81925900e-08 
 3.63078055e+07  1.81281503e-08 
 3.71535229e+07  1.80647304e-08 
 3.80189396e+07  1.80023172e-08 
 3.89045145e+07  1.79408980e-08 
 3.98107171e+07  1.78804600e-08 
 4.07380278e+07  1.78209904e-08 
 4.16869383e+07  1.77624767e-08 
 4.26579519e+07  1.77049066e-08 
 4.36515832e+07  1.76482677e-08 
 4.46683592e+07  1.75925478e-08 
 4.57088190e+07  1.75377349e-08 
 4.67735141e+07  1.74838172e-08 
 4.78630092e+07  1.74307827e-08 
 4.89778819e+07  1.73786198e-08 
 5.01187234e+07  1.73273171e-08 
 5.12861384e+07  1.72768630e-08 
 5.24807460e+07  1.72272463e-08 
 5.37031796e+07  1.71784559e-08 
 5.49540874e+07  1.71304807e-08 
 5.62341325e+07  1.70833099e-08 
 5.75439937e+07  1.70369327e-08 
 5.88843655e+07  1.69913386e-08 
 6.02559586e+07  1.69465170e-08 
 6.16595002e+07  1.69024576e-08 
 6.30957344e+07  1.68591502e-08 
 6.45654229e+07  1.68165847e-08 
 6.60693448e+07  1.67747513e-08 
 6.76082975e+07  1.67336402e-08 
 6.91830971e+07  1.66932418e-08 
 7.07945784e+07  1.66535465e-08 
 7.24435960e+07  1.66145451e-08 
 7.41310241e+07  1.65762283e-08 
 7.58577575e+07  1.65385872e-08 
 7.76247117e+07  1.65016128e-08 
 7.94328235e+07  1.64652964e-08 
 8.12830516e+07  1.64296296e-08 
 8.31763771e+07  1.63946037e-08 
 8.51138038e+07  1.63602107e-08 
 8.70963590e+07  1.63264423e-08 
 8.91250938e+07  1.62932907e-08 
 9.12010839e+07  1.62607482e-08 
 9.33254301e+07  1.62288071e-08 
 9.54992586e+07  1.61974599e-08 
 9.77237221e+07  1.61666996e-08 
 1.00000000e+08  1.61365189e-08 
 1.02329299e+08  1.61069110e-08 
 1.04712855e+08  1.60778692e-08 
 1.07151931e+08  1.60493869e-08 
 1.09647820e+08  1.60214579e-08 
 1.12201845e+08  1.59940759e-08 
 1.14815362e+08  1.59672350e-08 
 1.17489755e+08  1.59409296e-08 
 1.20226443e+08  1.59151539e-08 
 1.23026877e+08  1.58899027e-08 
 1.25892541e+08  1.58651709e-08 
 1.28824955e+08  1.58409536e-08 
 1.31825674e+08  1.58172459e-08 
 1.34896288e+08  1.57940436e-08 
 1.38038426e+08  1.57713424e-08 
 1.41253754e+08  1.57491382e-08 
 1.44543977e+08  1.57274273e-08 
 1.47910839e+08  1.57062063e-08 
 1.51356125e+08  1.56854719e-08 
 1.54881662e+08  1.56652211e-08 
 1.58489319e+08  1.56454512e-08 
 1.62181010e+08  1.56261598e-08 
 1.65958691e+08  1.56073448e-08 
 1.69824365e+08  1.55890044e-08 
 1.73780083e+08  1.55711369e-08 
 1.77827941e+08  1.55537413e-08 
 1.81970086e+08  1.55368165e-08 
 1.86208714e+08  1.55203622e-08 
 1.90546072e+08  1.55043780e-08 
 1.94984460e+08  1.54888642e-08 
 1.99526231e+08  1.54738214e-08 
 2.04173794e+08  1.54592503e-08 
 2.08929613e+08  1.54451525e-08 
 2.13796209e+08  1.54315296e-08 
 2.18776162e+08  1.54183838e-08 
 2.23872114e+08  1.54057179e-08 
 2.29086765e+08  1.53935349e-08 
 2.34422882e+08  1.53818384e-08 
 2.39883292e+08  1.53706325e-08 
 2.45470892e+08  1.53599220e-08 
 2.51188643e+08  1.53497119e-08 
 2.57039578e+08  1.53400082e-08 
 2.63026799e+08  1.53308172e-08 
 2.69153480e+08  1.53221459e-08 
 2.75422870e+08  1.53140020e-08 
 2.81838293e+08  1.53063939e-08 
 2.88403150e+08  1.52993307e-08 
 2.95120923e+08  1.52928222e-08 
 3.01995172e+08  1.52868791e-08 
 3.09029543e+08  1.52815129e-08 
 3.16227766e+08  1.52767360e-08 
 3.23593657e+08  1.52725615e-08 
 3.31131121e+08  1.52690038e-08 
 3.38844156e+08  1.52660782e-08 
 3.46736850e+08  1.52638008e-08 
 3.54813389e+08  1.52621893e-08 
 3.63078055e+08  1.52612621e-08 
 3.71535229e+08  1.52610392e-08 
 3.80189396e+08  1.52615417e-08 
 3.89045145e+08  1.52627922e-08 
 3.98107171e+08  1.52648148e-08 
 4.07380278e+08  1.52676350e-08 
 4.16869383e+08  1.52712800e-08 
 4.26579519e+08  1.52757788e-08 
 4.36515832e+08  1.52811622e-08 
 4.46683592e+08  1.52874628e-08 
 4.57088190e+08  1.52947155e-08 
 4.67735141e+08  1.53029573e-08 
 4.78630092e+08  1.53122273e-08 
 4.89778819e+08  1.53225674e-08 
 5.01187234e+08  1.53340220e-08 
 5.12861384e+08  1.53466382e-08 
 5.24807460e+08  1.53604662e-08 
 5.37031796e+08  1.53755594e-08 
 5.49540874e+08  1.53919743e-08 
 5.62341325e+08  1.54097715e-08 
 5.75439937e+08  1.54290151e-08 
 5.88843655e+08  1.54497734e-08 
 6.02559586e+08  1.54721193e-08 
 6.16595002e+08  1.54961303e-08 
 6.30957344e+08  1.55218890e-08 
 6.45654229e+08  1.55494837e-08 
 6.60693448e+08  1.55790083e-08 
 6.76082975e+08  1.56105632e-08 
 6.91830971e+08  1.56442557e-08 
 7.07945784e+08  1.56802004e-08 
 7.24435960e+08  1.57185198e-08 
 7.41310241e+08  1.57593451e-08 
 7.58577575e+08  1.58028168e-08 
 7.76247117e+08  1.58490854e-08 
 7.94328235e+08  1.58983125e-08 
 8.12830516e+08  1.59506713e-08 
 8.31763771e+08  1.60063481e-08 
 8.51138038e+08  1.60655432e-08 
 8.70963590e+08  1.61284720e-08 
 8.91250938e+08  1.61953666e-08 
 9.12010839e+08  1.62664774e-08 
 9.33254301e+08  1.63420743e-08 
 9.54992586e+08  1.64224490e-08 
 9.77237221e+08  1.65079169e-08 
 1.00000000e+09  1.65988191e-08 
