 1.00000000e+00 -9.81323665e-04 
 1.25892541e+00 -1.23541330e-03 
 1.58489319e+00 -1.55529320e-03 
 1.99526231e+00 -1.95799813e-03 
 2.51188643e+00 -2.46497360e-03 
 3.16227766e+00 -3.10321790e-03 
 3.98107171e+00 -3.90671987e-03 
 5.01187234e+00 -4.91826892e-03 
 6.30957344e+00 -6.19173371e-03 
 7.94328235e+00 -7.79493090e-03 
 1.00000000e+01 -9.81323656e-03 
 1.25892541e+01 -1.23541328e-02 
 1.58489319e+01 -1.55529316e-02 
 1.99526231e+01 -1.95799805e-02 
 2.51188643e+01 -2.46497345e-02 
 3.16227766e+01 -3.10321760e-02 
 3.98107171e+01 -3.90671927e-02 
 5.01187234e+01 -4.91826772e-02 
 6.30957344e+01 -6.19173133e-02 
 7.94328235e+01 -7.79492614e-02 
 1.00000000e+02 -9.81322706e-02 
 1.25892541e+02 -1.23541138e-01 
 1.58489319e+02 -1.55528938e-01 
 1.99526231e+02 -1.95799051e-01 
 2.51188643e+02 -2.46495839e-01 
 3.16227766e+02 -3.10318756e-01 
 3.98107171e+02 -3.90665934e-01 
 5.01187234e+02 -4.91814815e-01 
 6.30957344e+02 -6.19149276e-01 
 7.94328235e+02 -7.79445015e-01 
 1.00000000e+03 -9.81227740e-01 
 1.25892541e+03 -1.23522192e+00 
 1.58489319e+03 -1.55491141e+00 
 1.99526231e+03 -1.95723657e+00 
 2.51188643e+03 -2.46345471e+00 
 3.16227766e+03 -3.10018929e+00 
 3.98107171e+03 -3.90068319e+00 
 5.01187234e+03 -4.90624369e+00 
 6.30957344e+03 -6.16780170e+00 
 7.94328235e+03 -7.74737313e+00 
 1.00000000e+04 -9.71894875e+00 
 1.25892541e+04 -1.21678723e+01 
 1.58489319e+04 -1.51870251e+01 
 1.99526231e+04 -1.88671988e+01 
 2.51188643e+04 -2.32784808e+01 
 3.16227766e+04 -2.84409195e+01 
 3.98107171e+04 -3.42887645e+01 
 5.01187234e+04 -4.06437869e+01 
 6.30957344e+04 -4.72216833e+01 
 7.94328235e+04 -5.36850896e+01 
 1.00000000e+05 -5.97244668e+01 
 1.25892541e+05 -6.51240289e+01 
 1.58489319e+05 -6.97831622e+01 
 1.99526231e+05 -7.36978864e+01 
 2.51188643e+05 -7.69257515e+01 
 3.16227766e+05 -7.95534728e+01 
 3.98107171e+05 -8.16748365e+01 
 5.01187234e+05 -8.33784880e+01 
 6.30957344e+05 -8.47425608e+01 
 7.94328235e+05 -8.58332545e+01 
 1.00000000e+06 -8.67053809e+01 
 1.25892541e+06 -8.74037308e+01 
 1.58489319e+06 -8.79646609e+01 
 1.99526231e+06 -8.84176239e+01 
 2.51188643e+06 -8.87865314e+01 
 3.16227766e+06 -8.90909235e+01 
 3.98107171e+06 -8.93469573e+01 
 5.01187234e+06 -8.95682411e+01 
 6.30957344e+06 -8.97665459e+01 
 7.94328235e+06 -8.99524260e+01 
 1.00000000e+07 -9.01357774e+01 
 1.25892541e+07 -9.03263642e+01 
 1.58489319e+07 -9.05343381e+01 
 1.99526231e+07 -9.07707800e+01 
 2.51188643e+07 -9.10482933e+01 
 3.16227766e+07 -9.13816807e+01 
 3.98107171e+07 -9.17887444e+01 
 5.01187234e+07 -9.22912583e+01 
 6.30957344e+07 -9.29161746e+01 
 7.94328235e+07 -9.36971541e+01 
 1.00000000e+08 -9.46765458e+01 
 1.25892541e+08 -9.59080125e+01 
 1.58489319e+08 -9.74601152e+01 
 1.99526231e+08 -9.94213746e+01 
 2.51188643e+08 -1.01907669e+02 
 3.16227766e+08 -1.05073315e+02 
 3.98107171e+08 -1.09127508e+02 
 5.01187234e+08 -1.14356149e+02 
 6.30957344e+08 -1.21136907e+02 
 7.94328235e+08 -1.29879168e+02 
 1.00000000e+09 -1.40624556e+02 
