 1.00000000e+00 -9.80454767e-04 
 1.25892541e+00 -1.23431942e-03 
 1.58489319e+00 -1.55391609e-03 
 1.99526231e+00 -1.95626445e-03 
 2.51188643e+00 -2.46279102e-03 
 3.16227766e+00 -3.10047020e-03 
 3.98107171e+00 -3.90326072e-03 
 5.01187234e+00 -4.91391411e-03 
 6.30957344e+00 -6.18625134e-03 
 7.94328235e+00 -7.78802899e-03 
 1.00000000e+01 -9.80454757e-03 
 1.25892541e+01 -1.23431940e-02 
 1.58489319e+01 -1.55391605e-02 
 1.99526231e+01 -1.95626437e-02 
 2.51188643e+01 -2.46279087e-02 
 3.16227766e+01 -3.10046990e-02 
 3.98107171e+01 -3.90326013e-02 
 5.01187234e+01 -4.91391292e-02 
 6.30957344e+01 -6.18624896e-02 
 7.94328235e+01 -7.78802425e-02 
 1.00000000e+02 -9.80453810e-02 
 1.25892541e+02 -1.23431751e-01 
 1.58489319e+02 -1.55391228e-01 
 1.99526231e+02 -1.95625685e-01 
 2.51188643e+02 -2.46277586e-01 
 3.16227766e+02 -3.10043995e-01 
 3.98107171e+02 -3.90320036e-01 
 5.01187234e+02 -4.91379366e-01 
 6.30957344e+02 -6.18601101e-01 
 7.94328235e+02 -7.78754950e-01 
 1.00000000e+03 -9.80359093e-01 
 1.25892541e+03 -1.23412855e+00 
 1.58489319e+03 -1.55353530e+00 
 1.99526231e+03 -1.95550488e+00 
 2.51188643e+03 -2.46127610e+00 
 3.16227766e+03 -3.09744950e+00 
 3.98107171e+03 -3.89723979e+00 
 5.01187234e+03 -4.90192022e+00 
 6.30957344e+03 -6.16238159e+00 
 7.94328235e+03 -7.74059463e+00 
 1.00000000e+04 -9.71050341e+00 
 1.25892541e+04 -1.21574116e+01 
 1.58489319e+04 -1.51741838e+01 
 1.99526231e+04 -1.88516458e+01 
 2.51188643e+04 -2.32600093e+01 
 3.16227766e+04 -2.84195754e+01 
 3.98107171e+04 -3.42649774e+01 
 5.01187234e+04 -4.06184231e+01 
 6.30957344e+04 -4.71959320e+01 
 7.94328235e+04 -5.36601842e+01 
 1.00000000e+05 -5.97013768e+01 
 1.25892541e+05 -6.51032829e+01 
 1.58489319e+05 -6.97648506e+01 
 1.99526231e+05 -7.36817742e+01 
 2.51188643e+05 -7.69114084e+01 
 3.16227766e+05 -7.95403702e+01 
 3.98107171e+05 -8.16624022e+01 
 5.01187234e+05 -8.33661251e+01 
 6.30957344e+05 -8.47296446e+01 
 7.94328235e+05 -8.58191142e+01 
 1.00000000e+06 -8.66892722e+01 
 1.25892541e+06 -8.73848002e+01 
 1.58489319e+06 -8.79419024e+01 
 1.99526231e+06 -8.83898267e+01 
 2.51188643e+06 -8.87522158e+01 
 3.16227766e+06 -8.90482622e+01 
 3.98107171e+06 -8.92936786e+01 
 5.01187234e+06 -8.95015076e+01 
 6.30957344e+06 -8.96828036e+01 
 7.94328235e+06 -8.98472148e+01 
 1.00000000e+07 -9.00034934e+01 
 1.25892541e+07 -9.01599608e+01 
 1.58489319e+07 -9.03249495e+01 
 1.99526231e+07 -9.05072474e+01 
 2.51188643e+07 -9.07165663e+01 
 3.16227766e+07 -9.09640610e+01 
 3.98107171e+07 -9.12629273e+01 
 5.01187234e+07 -9.16291127e+01 
 6.30957344e+07 -9.20821808e+01 
 7.94328235e+07 -9.26463852e+01 
 1.00000000e+08 -9.33520230e+01 
 1.25892541e+08 -9.42371724e+01 
 1.58489319e+08 -9.53499682e+01 
 1.99526231e+08 -9.67516549e+01 
 2.51188643e+08 -9.85208198e+01 
 3.16227766e+08 -1.00759486e+02 
 3.98107171e+08 -1.03602259e+02 
 5.01187234e+08 -1.07230550e+02 
 6.30957344e+08 -1.11894971e+02 
 7.94328235e+08 -1.17948686e+02 
 1.00000000e+09 -1.25883159e+02 
