 1.00000000e+00  3.90985065e+01 
 1.25892541e+00  3.90985065e+01 
 1.58489319e+00  3.90985065e+01 
 1.99526231e+00  3.90985064e+01 
 2.51188643e+00  3.90985064e+01 
 3.16227766e+00  3.90985064e+01 
 3.98107171e+00  3.90985064e+01 
 5.01187234e+00  3.90985063e+01 
 6.30957344e+00  3.90985062e+01 
 7.94328235e+00  3.90985060e+01 
 1.00000000e+01  3.90985057e+01 
 1.25892541e+01  3.90985053e+01 
 1.58489319e+01  3.90985046e+01 
 1.99526231e+01  3.90985036e+01 
 2.51188643e+01  3.90985018e+01 
 3.16227766e+01  3.90984991e+01 
 3.98107171e+01  3.90984949e+01 
 5.01187234e+01  3.90984881e+01 
 6.30957344e+01  3.90984773e+01 
 7.94328235e+01  3.90984603e+01 
 1.00000000e+02  3.90984332e+01 
 1.25892541e+02  3.90983904e+01 
 1.58489319e+02  3.90983225e+01 
 1.99526231e+02  3.90982149e+01 
 2.51188643e+02  3.90980443e+01 
 3.16227766e+02  3.90977740e+01 
 3.98107171e+02  3.90973457e+01 
 5.01187234e+02  3.90966669e+01 
 6.30957344e+02  3.90955914e+01 
 7.94328235e+02  3.90938872e+01 
 1.00000000e+03  3.90911877e+01 
 1.25892541e+03  3.90869128e+01 
 1.58489319e+03  3.90801460e+01 
 1.99526231e+03  3.90694430e+01 
 2.51188643e+03  3.90525337e+01 
 3.16227766e+03  3.90258684e+01 
 3.98107171e+03  3.89839392e+01 
 5.01187234e+03  3.89183042e+01 
 6.30957344e+03  3.88162699e+01 
 7.94328235e+03  3.86593121e+01 
 1.00000000e+04  3.84216173e+01 
 1.25892541e+04  3.80696736e+01 
 1.58489319e+04  3.75644445e+01 
 1.99526231e+04  3.68675585e+01 
 2.51188643e+04  3.59510200e+01 
 3.16227766e+04  3.48064443e+01 
 3.98107171e+04  3.34481645e+01 
 5.01187234e+04  3.19080146e+01 
 6.30957344e+04  3.02253980e+01 
 7.94328235e+04  2.84382859e+01 
 1.00000000e+05  2.65781850e+01 
 1.25892541e+05  2.46688319e+01 
 1.58489319e+05  2.27270152e+01 
 1.99526231e+05  2.07641315e+01 
 2.51188643e+05  1.87877144e+01 
 3.16227766e+05  1.68026602e+01 
 3.98107171e+05  1.48121165e+01 
 5.01187234e+05  1.28180931e+01 
 6.30957344e+05  1.08218674e+01 
 7.94328235e+05  8.82424909e+00 
 1.00000000e+06  6.82575028e+00 
 1.25892541e+06  4.82669418e+00 
 1.58489319e+06  2.82728421e+00 
 1.99526231e+06  8.27647620e-01 
 2.51188643e+06 -1.17213721e+00 
 3.16227766e+06 -3.17202386e+00 
 3.98107171e+06 -5.17198787e+00 
 5.01187234e+06 -7.17202146e+00 
 6.30957344e+06 -9.17213190e+00 
 7.94328235e+06 -1.11723430e+01 
 1.00000000e+07 -1.31727003e+01 
 1.25892541e+07 -1.51732810e+01 
 1.58489319e+07 -1.71742103e+01 
 1.99526231e+07 -1.91756886e+01 
 2.51188643e+07 -2.11780346e+01 
 3.16227766e+07 -2.31817535e+01 
 3.98107171e+07 -2.51876454e+01 
 5.01187234e+07 -2.71969751e+01 
 6.30957344e+07 -2.92117391e+01 
 7.94328235e+07 -3.12350810e+01 
 1.00000000e+08 -3.32719314e+01 
 1.25892541e+08 -3.53299769e+01 
 1.58489319e+08 -3.74210861e+01 
 1.99526231e+08 -3.95633118e+01 
 2.51188643e+08 -4.17834718e+01 
 3.16227766e+08 -4.41199522e+01 
 3.98107171e+08 -4.66245457e+01 
 5.01187234e+08 -4.93605746e+01 
 6.30957344e+08 -5.23920176e+01 
 7.94328235e+08 -5.57544209e+01 
 1.00000000e+09 -5.93942787e+01 
