 1.00000000e+00  3.90984998e+01 
 1.25892541e+00  3.90984998e+01 
 1.58489319e+00  3.90984998e+01 
 1.99526231e+00  3.90984997e+01 
 2.51188643e+00  3.90984997e+01 
 3.16227766e+00  3.90984997e+01 
 3.98107171e+00  3.90984997e+01 
 5.01187234e+00  3.90984996e+01 
 6.30957344e+00  3.90984995e+01 
 7.94328235e+00  3.90984993e+01 
 1.00000000e+01  3.90984990e+01 
 1.25892541e+01  3.90984986e+01 
 1.58489319e+01  3.90984979e+01 
 1.99526231e+01  3.90984969e+01 
 2.51188643e+01  3.90984951e+01 
 3.16227766e+01  3.90984924e+01 
 3.98107171e+01  3.90984881e+01 
 5.01187234e+01  3.90984813e+01 
 6.30957344e+01  3.90984706e+01 
 7.94328235e+01  3.90984535e+01 
 1.00000000e+02  3.90984264e+01 
 1.25892541e+02  3.90983835e+01 
 1.58489319e+02  3.90983155e+01 
 1.99526231e+02  3.90982077e+01 
 2.51188643e+02  3.90980368e+01 
 3.16227766e+02  3.90977660e+01 
 3.98107171e+02  3.90973369e+01 
 5.01187234e+02  3.90966569e+01 
 6.30957344e+02  3.90955794e+01 
 7.94328235e+02  3.90938722e+01 
 1.00000000e+03  3.90911678e+01 
 1.25892541e+03  3.90868852e+01 
 1.58489319e+03  3.90801062e+01 
 1.99526231e+03  3.90693840e+01 
 2.51188643e+03  3.90524444e+01 
 3.16227766e+03  3.90257315e+01 
 3.98107171e+03  3.89837283e+01 
 5.01187234e+03  3.89179787e+01 
 6.30957344e+03  3.88157696e+01 
 7.94328235e+03  3.86585509e+01 
 1.00000000e+04  3.84204786e+01 
 1.25892541e+04  3.80680125e+01 
 1.58489319e+04  3.75621038e+01 
 1.99526231e+04  3.68644014e+01 
 2.51188643e+04  3.59469707e+01 
 3.16227766e+04  3.48015154e+01 
 3.98107171e+04  3.34424523e+01 
 5.01187234e+04  3.19016656e+01 
 6.30957344e+04  3.02185685e+01 
 7.94328235e+04  2.84311139e+01 
 1.00000000e+05  2.65707785e+01 
 1.25892541e+05  2.46612695e+01 
 1.58489319e+05  2.27193509e+01 
 1.99526231e+05  2.07564014e+01 
 2.51188643e+05  1.87799422e+01 
 3.16227766e+05  1.67948609e+01 
 3.98107171e+05  1.48042999e+01 
 5.01187234e+05  1.28102650e+01 
 6.30957344e+05  1.08140315e+01 
 7.94328235e+05  8.81640724e+00 
 1.00000000e+06  6.81790307e+00 
 1.25892541e+06  4.81884107e+00 
 1.58489319e+06  2.81942339e+00 
 1.99526231e+06  8.19775585e-01 
 2.51188643e+06 -1.18002636e+00 
 3.16227766e+06 -3.17993972e+00 
 3.98107171e+06 -5.17994581e+00 
 5.01187234e+06 -7.18004593e+00 
 6.30957344e+06 -9.18026171e+00 
 7.94328235e+06 -1.11806397e+01 
 1.00000000e+07 -1.31812615e+01 
 1.25892541e+07 -1.51822613e+01 
 1.58489319e+07 -1.71838549e+01 
 1.99526231e+07 -1.91863861e+01 
 2.51188643e+07 -2.11904011e+01 
 3.16227766e+07 -2.31967657e+01 
 3.98107171e+07 -2.52068520e+01 
 5.01187234e+07 -2.72228326e+01 
 6.30957344e+07 -2.92481455e+01 
 7.94328235e+07 -3.12882249e+01 
 1.00000000e+08 -3.33516449e+01 
 1.25892541e+08 -3.54518897e+01 
 1.58489319e+08 -3.76100401e+01 
 1.99526231e+08 -3.98586758e+01 
 2.51188643e+08 -4.22469986e+01 
 3.16227766e+08 -4.48457949e+01 
 3.98107171e+08 -4.77464224e+01 
 5.01187234e+08 -5.10371492e+01 
 6.30957344e+08 -5.47240048e+01 
 7.94328235e+08 -5.85820274e+01 
 1.00000000e+09 -6.21243711e+01 
