 1.00000000e+00  3.14159546e-05 
 1.02329299e+00  3.11118829e-05 
 1.04712855e+00  3.08107603e-05 
 1.07151931e+00  3.05125582e-05 
 1.09647820e+00  3.02172481e-05 
 1.12201845e+00  2.99248020e-05 
 1.14815362e+00  2.96351920e-05 
 1.17489755e+00  2.93483904e-05 
 1.20226443e+00  2.90643701e-05 
 1.23026877e+00  2.87831039e-05 
 1.25892541e+00  2.85045651e-05 
 1.28824955e+00  2.82287272e-05 
 1.31825674e+00  2.79555638e-05 
 1.34896288e+00  2.76850491e-05 
 1.38038426e+00  2.74171571e-05 
 1.41253754e+00  2.71518626e-05 
 1.44543977e+00  2.68891401e-05 
 1.47910839e+00  2.66289647e-05 
 1.51356125e+00  2.63713117e-05 
 1.54881662e+00  2.61161564e-05 
 1.58489319e+00  2.58634748e-05 
 1.62181010e+00  2.56132426e-05 
 1.65958691e+00  2.53654361e-05 
 1.69824365e+00  2.51200317e-05 
 1.73780083e+00  2.48770060e-05 
 1.77827941e+00  2.46363361e-05 
 1.81970086e+00  2.43979988e-05 
 1.86208714e+00  2.41619717e-05 
 1.90546072e+00  2.39282322e-05 
 1.94984460e+00  2.36967582e-05 
 1.99526231e+00  2.34675275e-05 
 2.04173794e+00  2.32405184e-05 
 2.08929613e+00  2.30157094e-05 
 2.13796209e+00  2.27930790e-05 
 2.18776162e+00  2.25726061e-05 
 2.23872114e+00  2.23542697e-05 
 2.29086765e+00  2.21380490e-05 
 2.34422882e+00  2.19239236e-05 
 2.39883292e+00  2.17118730e-05 
 2.45470892e+00  2.15018772e-05 
 2.51188643e+00  2.12939160e-05 
 2.57039578e+00  2.10879699e-05 
 2.63026799e+00  2.08840192e-05 
 2.69153480e+00  2.06820445e-05 
 2.75422870e+00  2.04820266e-05 
 2.81838293e+00  2.02839466e-05 
 2.88403150e+00  2.00877855e-05 
 2.95120923e+00  1.98935249e-05 
 3.01995172e+00  1.97011462e-05 
 3.09029543e+00  1.95106311e-05 
 3.16227766e+00  1.93219616e-05 
 3.23593657e+00  1.91351197e-05 
 3.31131121e+00  1.89500877e-05 
 3.38844156e+00  1.87668480e-05 
 3.46736850e+00  1.85853832e-05 
 3.54813389e+00  1.84056761e-05 
 3.63078055e+00  1.82277096e-05 
 3.71535229e+00  1.80514669e-05 
 3.80189396e+00  1.78769311e-05 
 3.89045145e+00  1.77040857e-05 
 3.98107171e+00  1.75329143e-05 
 4.07380278e+00  1.73634007e-05 
 4.16869383e+00  1.71955288e-05 
 4.26579519e+00  1.70292825e-05 
 4.36515832e+00  1.68646462e-05 
 4.46683592e+00  1.67016043e-05 
 4.57088190e+00  1.65401412e-05 
 4.67735141e+00  1.63802416e-05 
 4.78630092e+00  1.62218903e-05 
 4.89778819e+00  1.60650724e-05 
 5.01187234e+00  1.59097729e-05 
 5.12861384e+00  1.57559772e-05 
 5.24807460e+00  1.56036705e-05 
 5.37031796e+00  1.54528385e-05 
 5.49540874e+00  1.53034669e-05 
 5.62341325e+00  1.51555415e-05 
 5.75439937e+00  1.50090482e-05 
 5.88843655e+00  1.48639732e-05 
 6.02559586e+00  1.47203027e-05 
 6.16595002e+00  1.45780230e-05 
 6.30957344e+00  1.44371207e-05 
 6.45654229e+00  1.42975825e-05 
 6.60693448e+00  1.41593950e-05 
 6.76082975e+00  1.40225453e-05 
 6.91830971e+00  1.38870202e-05 
 7.07945784e+00  1.37528069e-05 
 7.24435960e+00  1.36198929e-05 
 7.41310241e+00  1.34882653e-05 
 7.58577575e+00  1.33579118e-05 
 7.76247117e+00  1.32288200e-05 
 7.94328235e+00  1.31009776e-05 
 8.12830516e+00  1.29743726e-05 
 8.31763771e+00  1.28489929e-05 
 8.51138038e+00  1.27248266e-05 
 8.70963590e+00  1.26018621e-05 
 8.91250938e+00  1.24800875e-05 
 9.12010839e+00  1.23594915e-05 
 9.33254301e+00  1.22400626e-05 
 9.54992586e+00  1.21217893e-05 
 9.77237221e+00  1.20046607e-05 
 1.00000000e+01  1.18886654e-05 
 1.02329299e+01  1.17737926e-05 
 1.04712855e+01  1.16600314e-05 
 1.07151931e+01  1.15473710e-05 
 1.09647820e+01  1.14358007e-05 
 1.12201845e+01  1.13253100e-05 
 1.14815362e+01  1.12158883e-05 
 1.17489755e+01  1.11075253e-05 
 1.20226443e+01  1.10002108e-05 
 1.23026877e+01  1.08939347e-05 
 1.25892541e+01  1.07886867e-05 
 1.28824955e+01  1.06844570e-05 
 1.31825674e+01  1.05812357e-05 
 1.34896288e+01  1.04790130e-05 
 1.38038426e+01  1.03777792e-05 
 1.41253754e+01  1.02775248e-05 
 1.44543977e+01  1.01782402e-05 
 1.47910839e+01  1.00799161e-05 
 1.51356125e+01  9.98254318e-06 
 1.54881662e+01  9.88611216e-06 
 1.58489319e+01  9.79061395e-06 
 1.62181010e+01  9.69603951e-06 
 1.65958691e+01  9.60237987e-06 
 1.69824365e+01  9.50962618e-06 
 1.73780083e+01  9.41776966e-06 
 1.77827941e+01  9.32680161e-06 
 1.81970086e+01  9.23671343e-06 
 1.86208714e+01  9.14749658e-06 
 1.90546072e+01  9.05914263e-06 
 1.94984460e+01  8.97164322e-06 
 1.99526231e+01  8.88499006e-06 
 2.04173794e+01  8.79917496e-06 
 2.08929613e+01  8.71418979e-06 
 2.13796209e+01  8.63002652e-06 
 2.18776162e+01  8.54667718e-06 
 2.23872114e+01  8.46413389e-06 
 2.29086765e+01  8.38238884e-06 
 2.34422882e+01  8.30143430e-06 
 2.39883292e+01  8.22126260e-06 
 2.45470892e+01  8.14186617e-06 
 2.51188643e+01  8.06323750e-06 
 2.57039578e+01  7.98536914e-06 
 2.63026799e+01  7.90825374e-06 
 2.69153480e+01  7.83188400e-06 
 2.75422870e+01  7.75625270e-06 
 2.81838293e+01  7.68135268e-06 
 2.88403150e+01  7.60717686e-06 
 2.95120923e+01  7.53371824e-06 
 3.01995172e+01  7.46096986e-06 
 3.09029543e+01  7.38892484e-06 
 3.16227766e+01  7.31757638e-06 
 3.23593657e+01  7.24691772e-06 
 3.31131121e+01  7.17694219e-06 
 3.38844156e+01  7.10764317e-06 
 3.46736850e+01  7.03901412e-06 
 3.54813389e+01  6.97104853e-06 
 3.63078055e+01  6.90374000e-06 
 3.71535229e+01  6.83708215e-06 
 3.80189396e+01  6.77106868e-06 
 3.89045145e+01  6.70569337e-06 
 3.98107171e+01  6.64095002e-06 
 4.07380278e+01  6.57683252e-06 
 4.16869383e+01  6.51333481e-06 
 4.26579519e+01  6.45045089e-06 
 4.36515832e+01  6.38817481e-06 
 4.46683592e+01  6.32650070e-06 
 4.57088190e+01  6.26542272e-06 
 4.67735141e+01  6.20493510e-06 
 4.78630092e+01  6.14503213e-06 
 4.89778819e+01  6.08570815e-06 
 5.01187234e+01  6.02695755e-06 
 5.12861384e+01  5.96877478e-06 
 5.24807460e+01  5.91115435e-06 
 5.37031796e+01  5.85409081e-06 
 5.49540874e+01  5.79757878e-06 
 5.62341325e+01  5.74161291e-06 
 5.75439937e+01  5.68618791e-06 
 5.88843655e+01  5.63129856e-06 
 6.02559586e+01  5.57693967e-06 
 6.16595002e+01  5.52310610e-06 
 6.30957344e+01  5.46979278e-06 
 6.45654229e+01  5.41699465e-06 
 6.60693448e+01  5.36470675e-06 
 6.76082975e+01  5.31292413e-06 
 6.91830971e+01  5.26164189e-06 
 7.07945784e+01  5.21085521e-06 
 7.24435960e+01  5.16055928e-06 
 7.41310241e+01  5.11074936e-06 
 7.58577575e+01  5.06142073e-06 
 7.76247117e+01  5.01256875e-06 
 7.94328235e+01  4.96418880e-06 
 8.12830516e+01  4.91627632e-06 
 8.31763771e+01  4.86882678e-06 
 8.51138038e+01  4.82183570e-06 
 8.70963590e+01  4.77529864e-06 
 8.91250938e+01  4.72921122e-06 
 9.12010839e+01  4.68356908e-06 
 9.33254301e+01  4.63836791e-06 
 9.54992586e+01  4.59360346e-06 
 9.77237221e+01  4.54927148e-06 
 1.00000000e+02  4.50536781e-06 
 1.02329299e+02  4.46188829e-06 
 1.04712855e+02  4.41882882e-06 
 1.07151931e+02  4.37618534e-06 
 1.09647820e+02  4.33395383e-06 
 1.12201845e+02  4.29213029e-06 
 1.14815362e+02  4.25071079e-06 
 1.17489755e+02  4.20969141e-06 
 1.20226443e+02  4.16906829e-06 
 1.23026877e+02  4.12883759e-06 
 1.25892541e+02  4.08899551e-06 
 1.28824955e+02  4.04953830e-06 
 1.31825674e+02  4.01046223e-06 
 1.34896288e+02  3.97176362e-06 
 1.38038426e+02  3.93343882e-06 
 1.41253754e+02  3.89548421e-06 
 1.44543977e+02  3.85789620e-06 
 1.47910839e+02  3.82067127e-06 
 1.51356125e+02  3.78380589e-06 
 1.54881662e+02  3.74729658e-06 
 1.58489319e+02  3.71113991e-06 
 1.62181010e+02  3.67533246e-06 
 1.65958691e+02  3.63987085e-06 
 1.69824365e+02  3.60475175e-06 
 1.73780083e+02  3.56997183e-06 
 1.77827941e+02  3.53552783e-06 
 1.81970086e+02  3.50141648e-06 
 1.86208714e+02  3.46763458e-06 
 1.90546072e+02  3.43417894e-06 
 1.94984460e+02  3.40104640e-06 
 1.99526231e+02  3.36823384e-06 
 2.04173794e+02  3.33573817e-06 
 2.08929613e+02  3.30355632e-06 
 2.13796209e+02  3.27168526e-06 
 2.18776162e+02  3.24012198e-06 
 2.23872114e+02  3.20886350e-06 
 2.29086765e+02  3.17790689e-06 
 2.34422882e+02  3.14724922e-06 
 2.39883292e+02  3.11688760e-06 
 2.45470892e+02  3.08681917e-06 
 2.51188643e+02  3.05704109e-06 
 2.57039578e+02  3.02755057e-06 
 2.63026799e+02  2.99834481e-06 
 2.69153480e+02  2.96942106e-06 
 2.75422870e+02  2.94077661e-06 
 2.81838293e+02  2.91240874e-06 
 2.88403150e+02  2.88431480e-06 
 2.95120923e+02  2.85649211e-06 
 3.01995172e+02  2.82893808e-06 
 3.09029543e+02  2.80165009e-06 
 3.16227766e+02  2.77462559e-06 
 3.23593657e+02  2.74786201e-06 
 3.31131121e+02  2.72135684e-06 
 3.38844156e+02  2.69510758e-06 
 3.46736850e+02  2.66911176e-06 
 3.54813389e+02  2.64336693e-06 
 3.63078055e+02  2.61787066e-06 
 3.71535229e+02  2.59262055e-06 
 3.80189396e+02  2.56761423e-06 
 3.89045145e+02  2.54284932e-06 
 3.98107171e+02  2.51832351e-06 
 4.07380278e+02  2.49403448e-06 
 4.16869383e+02  2.46997995e-06 
 4.26579519e+02  2.44615764e-06 
 4.36515832e+02  2.42256531e-06 
 4.46683592e+02  2.39920075e-06 
 4.57088190e+02  2.37606174e-06 
 4.67735141e+02  2.35314612e-06 
 4.78630092e+02  2.33045171e-06 
 4.89778819e+02  2.30797639e-06 
 5.01187234e+02  2.28571804e-06 
 5.12861384e+02  2.26367455e-06 
 5.24807460e+02  2.24184387e-06 
 5.37031796e+02  2.22022391e-06 
 5.49540874e+02  2.19881267e-06 
 5.62341325e+02  2.17760810e-06 
 5.75439937e+02  2.15660823e-06 
 5.88843655e+02  2.13581106e-06 
 6.02559586e+02  2.11521465e-06 
 6.16595002e+02  2.09481705e-06 
 6.30957344e+02  2.07461635e-06 
 6.45654229e+02  2.05461063e-06 
 6.60693448e+02  2.03479802e-06 
 6.76082975e+02  2.01517665e-06 
 6.91830971e+02  1.99574468e-06 
 7.07945784e+02  1.97650027e-06 
 7.24435960e+02  1.95744161e-06 
 7.41310241e+02  1.93856690e-06 
 7.58577575e+02  1.91987438e-06 
 7.76247117e+02  1.90136228e-06 
 7.94328235e+02  1.88302886e-06 
 8.12830516e+02  1.86487239e-06 
 8.31763771e+02  1.84689116e-06 
 8.51138038e+02  1.82908348e-06 
 8.70963590e+02  1.81144767e-06 
 8.91250938e+02  1.79398208e-06 
 9.12010839e+02  1.77668506e-06 
 9.33254301e+02  1.75955498e-06 
 9.54992586e+02  1.74259023e-06 
 9.77237221e+02  1.72578921e-06 
 1.00000000e+03  1.70915034e-06 
 1.02329299e+03  1.69267206e-06 
 1.04712855e+03  1.67635281e-06 
 1.07151931e+03  1.66019106e-06 
 1.09647820e+03  1.64418529e-06 
 1.12201845e+03  1.62833399e-06 
 1.14815362e+03  1.61263566e-06 
 1.17489755e+03  1.59708884e-06 
 1.20226443e+03  1.58169206e-06 
 1.23026877e+03  1.56644387e-06 
 1.25892541e+03  1.55134283e-06 
 1.28824955e+03  1.53638753e-06 
 1.31825674e+03  1.52157655e-06 
 1.34896288e+03  1.50690851e-06 
 1.38038426e+03  1.49238202e-06 
 1.41253754e+03  1.47799571e-06 
 1.44543977e+03  1.46374824e-06 
 1.47910839e+03  1.44963826e-06 
 1.51356125e+03  1.43566445e-06 
 1.54881662e+03  1.42182549e-06 
 1.58489319e+03  1.40812007e-06 
 1.62181010e+03  1.39454691e-06 
 1.65958691e+03  1.38110474e-06 
 1.69824365e+03  1.36779228e-06 
 1.73780083e+03  1.35460829e-06 
 1.77827941e+03  1.34155152e-06 
 1.81970086e+03  1.32862075e-06 
 1.86208714e+03  1.31581476e-06 
 1.90546072e+03  1.30313234e-06 
 1.94984460e+03  1.29057231e-06 
 1.99526231e+03  1.27813348e-06 
 2.04173794e+03  1.26581468e-06 
 2.08929613e+03  1.25361476e-06 
 2.13796209e+03  1.24153255e-06 
 2.18776162e+03  1.22956694e-06 
 2.23872114e+03  1.21771679e-06 
 2.29086765e+03  1.20598099e-06 
 2.34422882e+03  1.19435844e-06 
 2.39883292e+03  1.18284804e-06 
 2.45470892e+03  1.17144871e-06 
 2.51188643e+03  1.16015937e-06 
 2.57039578e+03  1.14897897e-06 
 2.63026799e+03  1.13790646e-06 
 2.69153480e+03  1.12694079e-06 
 2.75422870e+03  1.11608093e-06 
 2.81838293e+03  1.10532587e-06 
 2.88403150e+03  1.09467458e-06 
 2.95120923e+03  1.08412608e-06 
 3.01995172e+03  1.07367936e-06 
 3.09029543e+03  1.06333344e-06 
 3.16227766e+03  1.05308736e-06 
 3.23593657e+03  1.04294014e-06 
 3.31131121e+03  1.03289084e-06 
 3.38844156e+03  1.02293851e-06 
 3.46736850e+03  1.01308221e-06 
 3.54813389e+03  1.00332102e-06 
 3.63078055e+03  9.93654022e-07 
 3.71535229e+03  9.84080303e-07 
 3.80189396e+03  9.74598964e-07 
 3.89045145e+03  9.65209115e-07 
 3.98107171e+03  9.55909872e-07 
 4.07380278e+03  9.46700362e-07 
 4.16869383e+03  9.37579720e-07 
 4.26579519e+03  9.28547087e-07 
 4.36515832e+03  9.19601614e-07 
 4.46683592e+03  9.10742462e-07 
 4.57088190e+03  9.01968796e-07 
 4.67735141e+03  8.93279793e-07 
 4.78630092e+03  8.84674635e-07 
 4.89778819e+03  8.76152515e-07 
 5.01187234e+03  8.67712630e-07 
 5.12861384e+03  8.59354188e-07 
 5.24807460e+03  8.51076403e-07 
 5.37031796e+03  8.42878498e-07 
 5.49540874e+03  8.34759701e-07 
 5.62341325e+03  8.26719250e-07 
 5.75439937e+03  8.18756389e-07 
 5.88843655e+03  8.10870370e-07 
 6.02559586e+03  8.03060451e-07 
 6.16595002e+03  7.95325900e-07 
 6.30957344e+03  7.87665988e-07 
 6.45654229e+03  7.80079996e-07 
 6.60693448e+03  7.72567212e-07 
 6.76082975e+03  7.65126930e-07 
 6.91830971e+03  7.57758449e-07 
 7.07945784e+03  7.50461079e-07 
 7.24435960e+03  7.43234133e-07 
 7.41310241e+03  7.36076932e-07 
 7.58577575e+03  7.28988803e-07 
 7.76247117e+03  7.21969082e-07 
 7.94328235e+03  7.15017107e-07 
 8.12830516e+03  7.08132227e-07 
 8.31763771e+03  7.01313794e-07 
 8.51138038e+03  6.94561167e-07 
 8.70963590e+03  6.87873713e-07 
 8.91250938e+03  6.81250803e-07 
 9.12010839e+03  6.74691814e-07 
 9.33254301e+03  6.68196131e-07 
 9.54992586e+03  6.61763143e-07 
 9.77237221e+03  6.55392246e-07 
 1.00000000e+04  6.49082842e-07 
 1.02329299e+04  6.42834338e-07 
 1.04712855e+04  6.36646146e-07 
 1.07151931e+04  6.30517686e-07 
 1.09647820e+04  6.24448382e-07 
 1.12201845e+04  6.18437664e-07 
 1.14815362e+04  6.12484967e-07 
 1.17489755e+04  6.06589732e-07 
 1.20226443e+04  6.00751405e-07 
 1.23026877e+04  5.94969438e-07 
 1.25892541e+04  5.89243288e-07 
 1.28824955e+04  5.83572418e-07 
 1.31825674e+04  5.77956293e-07 
 1.34896288e+04  5.72394388e-07 
 1.38038426e+04  5.66886179e-07 
 1.41253754e+04  5.61431150e-07 
 1.44543977e+04  5.56028787e-07 
 1.47910839e+04  5.50678584e-07 
 1.51356125e+04  5.45380038e-07 
 1.54881662e+04  5.40132652e-07 
 1.58489319e+04  5.34935932e-07 
 1.62181010e+04  5.29789392e-07 
 1.65958691e+04  5.24692546e-07 
 1.69824365e+04  5.19644918e-07 
 1.73780083e+04  5.14646032e-07 
 1.77827941e+04  5.09695419e-07 
 1.81970086e+04  5.04792615e-07 
 1.86208714e+04  4.99937160e-07 
 1.90546072e+04  4.95128596e-07 
 1.94984460e+04  4.90366473e-07 
 1.99526231e+04  4.85650343e-07 
 2.04173794e+04  4.80979764e-07 
 2.08929613e+04  4.76354298e-07 
 2.13796209e+04  4.71773509e-07 
 2.18776162e+04  4.67236968e-07 
 2.23872114e+04  4.62744248e-07 
 2.29086765e+04  4.58294929e-07 
 2.34422882e+04  4.53888592e-07 
 2.39883292e+04  4.49524823e-07 
 2.45470892e+04  4.45203213e-07 
 2.51188643e+04  4.40923356e-07 
 2.57039578e+04  4.36684851e-07 
 2.63026799e+04  4.32487299e-07 
 2.69153480e+04  4.28330306e-07 
 2.75422870e+04  4.24213482e-07 
 2.81838293e+04  4.20136441e-07 
 2.88403150e+04  4.16098799e-07 
 2.95120923e+04  4.12100179e-07 
 3.01995172e+04  4.08140203e-07 
 3.09029543e+04  4.04218502e-07 
 3.16227766e+04  4.00334705e-07 
 3.23593657e+04  3.96488450e-07 
 3.31131121e+04  3.92679375e-07 
 3.38844156e+04  3.88907122e-07 
 3.46736850e+04  3.85171337e-07 
 3.54813389e+04  3.81471670e-07 
 3.63078055e+04  3.77807773e-07 
 3.71535229e+04  3.74179302e-07 
 3.80189396e+04  3.70585917e-07 
 3.89045145e+04  3.67027281e-07 
 3.98107171e+04  3.63503059e-07 
 4.07380278e+04  3.60012921e-07 
 4.16869383e+04  3.56556539e-07 
 4.26579519e+04  3.53133588e-07 
 4.36515832e+04  3.49743749e-07 
 4.46683592e+04  3.46386701e-07 
 4.57088190e+04  3.43062131e-07 
 4.67735141e+04  3.39769725e-07 
 4.78630092e+04  3.36509176e-07 
 4.89778819e+04  3.33280177e-07 
 5.01187234e+04  3.30082426e-07 
 5.12861384e+04  3.26915621e-07 
 5.24807460e+04  3.23779466e-07 
 5.37031796e+04  3.20673666e-07 
 5.49540874e+04  3.17597931e-07 
 5.62341325e+04  3.14551971e-07 
 5.75439937e+04  3.11535500e-07 
 5.88843655e+04  3.08548236e-07 
 6.02559586e+04  3.05589898e-07 
 6.16595002e+04  3.02660208e-07 
 6.30957344e+04  2.99758892e-07 
 6.45654229e+04  2.96885677e-07 
 6.60693448e+04  2.94040294e-07 
 6.76082975e+04  2.91222476e-07 
 6.91830971e+04  2.88431958e-07 
 7.07945784e+04  2.85668478e-07 
 7.24435960e+04  2.82931777e-07 
 7.41310241e+04  2.80221599e-07 
 7.58577575e+04  2.77537688e-07 
 7.76247117e+04  2.74879794e-07 
 7.94328235e+04  2.72247666e-07 
 8.12830516e+04  2.69641058e-07 
 8.31763771e+04  2.67059725e-07 
 8.51138038e+04  2.64503425e-07 
 8.70963590e+04  2.61971918e-07 
 8.91250938e+04  2.59464967e-07 
 9.12010839e+04  2.56982336e-07 
 9.33254301e+04  2.54523792e-07 
 9.54992586e+04  2.52089105e-07 
 9.77237221e+04  2.49678046e-07 
 1.00000000e+05  2.47290389e-07 
 1.02329299e+05  2.44925910e-07 
 1.04712855e+05  2.42584387e-07 
 1.07151931e+05  2.40265601e-07 
 1.09647820e+05  2.37969334e-07 
 1.12201845e+05  2.35695370e-07 
 1.14815362e+05  2.33443496e-07 
 1.17489755e+05  2.31213500e-07 
 1.20226443e+05  2.29005175e-07 
 1.23026877e+05  2.26818311e-07 
 1.25892541e+05  2.24652705e-07 
 1.28824955e+05  2.22508153e-07 
 1.31825674e+05  2.20384454e-07 
 1.34896288e+05  2.18281408e-07 
 1.38038426e+05  2.16198818e-07 
 1.41253754e+05  2.14136489e-07 
 1.44543977e+05  2.12094227e-07 
 1.47910839e+05  2.10071841e-07 
 1.51356125e+05  2.08069141e-07 
 1.54881662e+05  2.06085939e-07 
 1.58489319e+05  2.04122049e-07 
 1.62181010e+05  2.02177287e-07 
 1.65958691e+05  2.00251470e-07 
 1.69824365e+05  1.98344417e-07 
 1.73780083e+05  1.96455950e-07 
 1.77827941e+05  1.94585891e-07 
 1.81970086e+05  1.92734066e-07 
 1.86208714e+05  1.90900299e-07 
 1.90546072e+05  1.89084420e-07 
 1.94984460e+05  1.87286257e-07 
 1.99526231e+05  1.85505643e-07 
 2.04173794e+05  1.83742409e-07 
 2.08929613e+05  1.81996391e-07 
 2.13796209e+05  1.80267425e-07 
 2.18776162e+05  1.78555348e-07 
 2.23872114e+05  1.76860000e-07 
 2.29086765e+05  1.75181221e-07 
 2.34422882e+05  1.73518855e-07 
 2.39883292e+05  1.71872745e-07 
 2.45470892e+05  1.70242737e-07 
 2.51188643e+05  1.68628677e-07 
 2.57039578e+05  1.67030414e-07 
 2.63026799e+05  1.65447799e-07 
 2.69153480e+05  1.63880683e-07 
 2.75422870e+05  1.62328918e-07 
 2.81838293e+05  1.60792360e-07 
 2.88403150e+05  1.59270863e-07 
 2.95120923e+05  1.57764285e-07 
 3.01995172e+05  1.56272485e-07 
 3.09029543e+05  1.54795322e-07 
 3.16227766e+05  1.53332659e-07 
 3.23593657e+05  1.51884357e-07 
 3.31131121e+05  1.50450280e-07 
 3.38844156e+05  1.49030295e-07 
 3.46736850e+05  1.47624268e-07 
 3.54813389e+05  1.46232066e-07 
 3.63078055e+05  1.44853559e-07 
 3.71535229e+05  1.43488618e-07 
 3.80189396e+05  1.42137115e-07 
 3.89045145e+05  1.40798922e-07 
 3.98107171e+05  1.39473914e-07 
 4.07380278e+05  1.38161966e-07 
 4.16869383e+05  1.36862956e-07 
 4.26579519e+05  1.35576761e-07 
 4.36515832e+05  1.34303260e-07 
 4.46683592e+05  1.33042335e-07 
 4.57088190e+05  1.31793866e-07 
 4.67735141e+05  1.30557736e-07 
 4.78630092e+05  1.29333829e-07 
 4.89778819e+05  1.28122030e-07 
 5.01187234e+05  1.26922225e-07 
 5.12861384e+05  1.25734301e-07 
 5.24807460e+05  1.24558148e-07 
 5.37031796e+05  1.23393654e-07 
 5.49540874e+05  1.22240709e-07 
 5.62341325e+05  1.21099206e-07 
 5.75439937e+05  1.19969037e-07 
 5.88843655e+05  1.18850096e-07 
 6.02559586e+05  1.17742277e-07 
 6.16595002e+05  1.16645477e-07 
 6.30957344e+05  1.15559593e-07 
 6.45654229e+05  1.14484521e-07 
 6.60693448e+05  1.13420162e-07 
 6.76082975e+05  1.12366415e-07 
 6.91830971e+05  1.11323180e-07 
 7.07945784e+05  1.10290360e-07 
 7.24435960e+05  1.09267857e-07 
 7.41310241e+05  1.08255576e-07 
 7.58577575e+05  1.07253420e-07 
 7.76247117e+05  1.06261296e-07 
 7.94328235e+05  1.05279110e-07 
 8.12830516e+05  1.04306770e-07 
 8.31763771e+05  1.03344183e-07 
 8.51138038e+05  1.02391260e-07 
 8.70963590e+05  1.01447910e-07 
 8.91250938e+05  1.00514044e-07 
 9.12010839e+05  9.95895753e-08 
 9.33254301e+05  9.86744156e-08 
 9.54992586e+05  9.77684788e-08 
 9.77237221e+05  9.68716796e-08 
 1.00000000e+06  9.59839332e-08 
 1.02329299e+06  9.51051559e-08 
 1.04712855e+06  9.42352646e-08 
 1.07151931e+06  9.33741773e-08 
 1.09647820e+06  9.25218127e-08 
 1.12201845e+06  9.16780900e-08 
 1.14815362e+06  9.08429297e-08 
 1.17489755e+06  9.00162528e-08 
 1.20226443e+06  8.91979810e-08 
 1.23026877e+06  8.83880370e-08 
 1.25892541e+06  8.75863440e-08 
 1.28824955e+06  8.67928262e-08 
 1.31825674e+06  8.60074085e-08 
 1.34896288e+06  8.52300164e-08 
 1.38038426e+06  8.44605763e-08 
 1.41253754e+06  8.36990151e-08 
 1.44543977e+06  8.29452606e-08 
 1.47910839e+06  8.21992414e-08 
 1.51356125e+06  8.14608865e-08 
 1.54881662e+06  8.07301259e-08 
 1.58489319e+06  8.00068900e-08 
 1.62181010e+06  7.92911102e-08 
 1.65958691e+06  7.85827182e-08 
 1.69824365e+06  7.78816468e-08 
 1.73780083e+06  7.71878291e-08 
 1.77827941e+06  7.65011989e-08 
 1.81970086e+06  7.58216910e-08 
 1.86208714e+06  7.51492403e-08 
 1.90546072e+06  7.44837827e-08 
 1.94984460e+06  7.38252546e-08 
 1.99526231e+06  7.31735932e-08 
 2.04173794e+06  7.25287359e-08 
 2.08929613e+06  7.18906212e-08 
 2.13796209e+06  7.12591878e-08 
 2.18776162e+06  7.06343752e-08 
 2.23872114e+06  7.00161235e-08 
 2.29086765e+06  6.94043733e-08 
 2.34422882e+06  6.87990657e-08 
 2.39883292e+06  6.82001426e-08 
 2.45470892e+06  6.76075463e-08 
 2.51188643e+06  6.70212196e-08 
 2.57039578e+06  6.64411061e-08 
 2.63026799e+06  6.58671495e-08 
 2.69153480e+06  6.52992946e-08 
 2.75422870e+06  6.47374862e-08 
 2.81838293e+06  6.41816700e-08 
 2.88403150e+06  6.36317921e-08 
 2.95120923e+06  6.30877990e-08 
 3.01995172e+06  6.25496379e-08 
 3.09029543e+06  6.20172564e-08 
 3.16227766e+06  6.14906025e-08 
 3.23593657e+06  6.09696249e-08 
 3.31131121e+06  6.04542726e-08 
 3.38844156e+06  5.99444952e-08 
 3.46736850e+06  5.94402427e-08 
 3.54813389e+06  5.89414657e-08 
 3.63078055e+06  5.84481150e-08 
 3.71535229e+06  5.79601420e-08 
 3.80189396e+06  5.74774987e-08 
 3.89045145e+06  5.70001373e-08 
 3.98107171e+06  5.65280107e-08 
 4.07380278e+06  5.60610719e-08 
 4.16869383e+06  5.55992745e-08 
 4.26579519e+06  5.51425727e-08 
 4.36515832e+06  5.46909208e-08 
 4.46683592e+06  5.42442738e-08 
 4.57088190e+06  5.38025869e-08 
 4.67735141e+06  5.33658157e-08 
 4.78630092e+06  5.29339164e-08 
 4.89778819e+06  5.25068453e-08 
 5.01187234e+06  5.20845595e-08 
 5.12861384e+06  5.16670161e-08 
 5.24807460e+06  5.12541726e-08 
 5.37031796e+06  5.08459872e-08 
 5.49540874e+06  5.04424182e-08 
 5.62341325e+06  5.00434242e-08 
 5.75439937e+06  4.96489643e-08 
 5.88843655e+06  4.92589981e-08 
 6.02559586e+06  4.88734852e-08 
 6.16595002e+06  4.84923858e-08 
 6.30957344e+06  4.81156603e-08 
 6.45654229e+06  4.77432696e-08 
 6.60693448e+06  4.73751748e-08 
 6.76082975e+06  4.70113373e-08 
 6.91830971e+06  4.66517189e-08 
 7.07945784e+06  4.62962818e-08 
 7.24435960e+06  4.59449882e-08 
 7.41310241e+06  4.55978010e-08 
 7.58577575e+06  4.52546831e-08 
 7.76247117e+06  4.49155980e-08 
 7.94328235e+06  4.45805091e-08 
 8.12830516e+06  4.42493804e-08 
 8.31763771e+06  4.39221762e-08 
 8.51138038e+06  4.35988608e-08 
 8.70963590e+06  4.32793991e-08 
 8.91250938e+06  4.29637561e-08 
 9.12010839e+06  4.26518972e-08 
 9.33254301e+06  4.23437879e-08 
 9.54992586e+06  4.20393940e-08 
 9.77237221e+06  4.17386818e-08 
 1.00000000e+07  4.14416175e-08 
 1.02329299e+07  4.11481678e-08 
 1.04712855e+07  4.08582996e-08 
 1.07151931e+07  4.05719801e-08 
 1.09647820e+07  4.02891765e-08 
 1.12201845e+07  4.00098565e-08 
 1.14815362e+07  3.97339881e-08 
 1.17489755e+07  3.94615392e-08 
 1.20226443e+07  3.91924783e-08 
 1.23026877e+07  3.89267739e-08 
 1.25892541e+07  3.86643948e-08 
 1.28824955e+07  3.84053100e-08 
 1.31825674e+07  3.81494889e-08 
 1.34896288e+07  3.78969007e-08 
 1.38038426e+07  3.76475153e-08 
 1.41253754e+07  3.74013026e-08 
 1.44543977e+07  3.71582326e-08 
 1.47910839e+07  3.69182758e-08 
 1.51356125e+07  3.66814027e-08 
 1.54881662e+07  3.64475839e-08 
 1.58489319e+07  3.62167906e-08 
 1.62181010e+07  3.59889939e-08 
 1.65958691e+07  3.57641652e-08 
 1.69824365e+07  3.55422760e-08 
 1.73780083e+07  3.53232981e-08 
 1.77827941e+07  3.51072036e-08 
 1.81970086e+07  3.48939646e-08 
 1.86208714e+07  3.46835535e-08 
 1.90546072e+07  3.44759430e-08 
 1.94984460e+07  3.42711058e-08 
 1.99526231e+07  3.40690149e-08 
 2.04173794e+07  3.38696434e-08 
 2.08929613e+07  3.36729649e-08 
 2.13796209e+07  3.34789528e-08 
 2.18776162e+07  3.32875810e-08 
 2.23872114e+07  3.30988235e-08 
 2.29086765e+07  3.29126543e-08 
 2.34422882e+07  3.27290480e-08 
 2.39883292e+07  3.25479790e-08 
 2.45470892e+07  3.23694223e-08 
 2.51188643e+07  3.21933527e-08 
 2.57039578e+07  3.20197455e-08 
 2.63026799e+07  3.18485760e-08 
 2.69153480e+07  3.16798199e-08 
 2.75422870e+07  3.15134530e-08 
 2.81838293e+07  3.13494513e-08 
 2.88403150e+07  3.11877910e-08 
 2.95120923e+07  3.10284486e-08 
 3.01995172e+07  3.08714008e-08 
 3.09029543e+07  3.07166244e-08 
 3.16227766e+07  3.05640966e-08 
 3.23593657e+07  3.04137947e-08 
 3.31131121e+07  3.02656963e-08 
 3.38844156e+07  3.01197792e-08 
 3.46736850e+07  2.99760214e-08 
 3.54813389e+07  2.98344013e-08 
 3.63078055e+07  2.96948972e-08 
 3.71535229e+07  2.95574881e-08 
 3.80189396e+07  2.94221530e-08 
 3.89045145e+07  2.92888711e-08 
 3.98107171e+07  2.91576220e-08 
 4.07380278e+07  2.90283855e-08 
 4.16869383e+07  2.89011419e-08 
 4.26579519e+07  2.87758713e-08 
 4.36515832e+07  2.86525546e-08 
 4.46683592e+07  2.85311727e-08 
 4.57088190e+07  2.84117069e-08 
 4.67735141e+07  2.82941388e-08 
 4.78630092e+07  2.81784504e-08 
 4.89778819e+07  2.80646237e-08 
 5.01187234e+07  2.79526416e-08 
 5.12861384e+07  2.78424868e-08 
 5.24807460e+07  2.77341426e-08 
 5.37031796e+07  2.76275928e-08 
 5.49540874e+07  2.75228213e-08 
 5.62341325e+07  2.74198126e-08 
 5.75439937e+07  2.73185515e-08 
 5.88843655e+07  2.72190231e-08 
 6.02559586e+07  2.71212132e-08 
 6.16595002e+07  2.70251078e-08 
 6.30957344e+07  2.69306935e-08 
 6.45654229e+07  2.68379573e-08 
 6.60693448e+07  2.67468866e-08 
 6.76082975e+07  2.66574695e-08 
 6.91830971e+07  2.65696944e-08 
 7.07945784e+07  2.64835504e-08 
 7.24435960e+07  2.63990269e-08 
 7.41310241e+07  2.63161142e-08 
 7.58577575e+07  2.62348030e-08 
 7.76247117e+07  2.61550846e-08 
 7.94328235e+07  2.60769509e-08 
 8.12830516e+07  2.60003946e-08 
 8.31763771e+07  2.59254089e-08 
 8.51138038e+07  2.58519878e-08 
 8.70963590e+07  2.57801261e-08 
 8.91250938e+07  2.57098191e-08 
 9.12010839e+07  2.56410630e-08 
 9.33254301e+07  2.55738550e-08 
 9.54992586e+07  2.55081930e-08 
 9.77237221e+07  2.54440755e-08 
 1.00000000e+08  2.53815024e-08 
 1.02329299e+08  2.53204741e-08 
 1.04712855e+08  2.52609924e-08 
 1.07151931e+08  2.52030596e-08 
 1.09647820e+08  2.51466796e-08 
 1.12201845e+08  2.50918570e-08 
 1.14815362e+08  2.50385977e-08 
 1.17489755e+08  2.49869087e-08 
 1.20226443e+08  2.49367985e-08 
 1.23026877e+08  2.48882765e-08 
 1.25892541e+08  2.48413537e-08 
 1.28824955e+08  2.47960424e-08 
 1.31825674e+08  2.47523564e-08 
 1.34896288e+08  2.47103110e-08 
 1.38038426e+08  2.46699230e-08 
 1.41253754e+08  2.46312110e-08 
 1.44543977e+08  2.45941952e-08 
 1.47910839e+08  2.45588976e-08 
 1.51356125e+08  2.45253421e-08 
 1.54881662e+08  2.44935545e-08 
 1.58489319e+08  2.44635627e-08 
 1.62181010e+08  2.44353966e-08 
 1.65958691e+08  2.44090883e-08 
 1.69824365e+08  2.43846724e-08 
 1.73780083e+08  2.43621857e-08 
 1.77827941e+08  2.43416677e-08 
 1.81970086e+08  2.43231602e-08 
 1.86208714e+08  2.43067080e-08 
 1.90546072e+08  2.42923588e-08 
 1.94984460e+08  2.42801630e-08 
 1.99526231e+08  2.42701744e-08 
 2.04173794e+08  2.42624499e-08 
 2.08929613e+08  2.42570498e-08 
 2.13796209e+08  2.42540379e-08 
 2.18776162e+08  2.42534818e-08 
 2.23872114e+08  2.42554531e-08 
 2.29086765e+08  2.42600270e-08 
 2.34422882e+08  2.42672834e-08 
 2.39883292e+08  2.42773062e-08 
 2.45470892e+08  2.42901844e-08 
 2.51188643e+08  2.43060112e-08 
 2.57039578e+08  2.43248853e-08 
 2.63026799e+08  2.43469105e-08 
 2.69153480e+08  2.43721959e-08 
 2.75422870e+08  2.44008566e-08 
 2.81838293e+08  2.44330135e-08 
 2.88403150e+08  2.44687937e-08 
 2.95120923e+08  2.45083310e-08 
 3.01995172e+08  2.45517657e-08 
 3.09029543e+08  2.45992454e-08 
 3.16227766e+08  2.46509249e-08 
 3.23593657e+08  2.47069668e-08 
 3.31131121e+08  2.47675416e-08 
 3.38844156e+08  2.48328284e-08 
 3.46736850e+08  2.49030146e-08 
 3.54813389e+08  2.49782968e-08 
 3.63078055e+08  2.50588810e-08 
 3.71535229e+08  2.51449829e-08 
 3.80189396e+08  2.52368283e-08 
 3.89045145e+08  2.53346535e-08 
 3.98107171e+08  2.54387056e-08 
 4.07380278e+08  2.55492429e-08 
 4.16869383e+08  2.56665353e-08 
 4.26579519e+08  2.57908647e-08 
 4.36515832e+08  2.59225252e-08 
 4.46683592e+08  2.60618234e-08 
 4.57088190e+08  2.62090790e-08 
 4.67735141e+08  2.63646247e-08 
 4.78630092e+08  2.65288069e-08 
 4.89778819e+08  2.67019852e-08 
 5.01187234e+08  2.68845332e-08 
 5.12861384e+08  2.70768382e-08 
 5.24807460e+08  2.72793013e-08 
 5.37031796e+08  2.74923371e-08 
 5.49540874e+08  2.77163736e-08 
 5.62341325e+08  2.79518518e-08 
 5.75439937e+08  2.81992249e-08 
 5.88843655e+08  2.84589578e-08 
 6.02559586e+08  2.87315261e-08 
 6.16595002e+08  2.90174144e-08 
 6.30957344e+08  2.93171153e-08 
 6.45654229e+08  2.96311270e-08 
 6.60693448e+08  2.99599512e-08 
 6.76082975e+08  3.03040902e-08 
 6.91830971e+08  3.06640439e-08 
 7.07945784e+08  3.10403055e-08 
 7.24435960e+08  3.14333573e-08 
 7.41310241e+08  3.18436655e-08 
 7.58577575e+08  3.22716743e-08 
 7.76247117e+08  3.27177990e-08 
 7.94328235e+08  3.31824188e-08 
 8.12830516e+08  3.36658680e-08 
 8.31763771e+08  3.41684266e-08 
 8.51138038e+08  3.46903104e-08 
 8.70963590e+08  3.52316594e-08 
 8.91250938e+08  3.57925259e-08 
 9.12010839e+08  3.63728619e-08 
 9.33254301e+08  3.69725057e-08 
 9.54992586e+08  3.75911682e-08 
 9.77237221e+08  3.82284194e-08 
 1.00000000e+09  3.88836754e-08 
