 1.00000000e+00  3.14159369e-05 
 1.02329299e+00  3.11118654e-05 
 1.04712855e+00  3.08107430e-05 
 1.07151931e+00  3.05125411e-05 
 1.09647820e+00  3.02172313e-05 
 1.12201845e+00  2.99247853e-05 
 1.14815362e+00  2.96351755e-05 
 1.17489755e+00  2.93483742e-05 
 1.20226443e+00  2.90643541e-05 
 1.23026877e+00  2.87830881e-05 
 1.25892541e+00  2.85045495e-05 
 1.28824955e+00  2.82287117e-05 
 1.31825674e+00  2.79555486e-05 
 1.34896288e+00  2.76850340e-05 
 1.38038426e+00  2.74171423e-05 
 1.41253754e+00  2.71518479e-05 
 1.44543977e+00  2.68891256e-05 
 1.47910839e+00  2.66289504e-05 
 1.51356125e+00  2.63712976e-05 
 1.54881662e+00  2.61161425e-05 
 1.58489319e+00  2.58634610e-05 
 1.62181010e+00  2.56132290e-05 
 1.65958691e+00  2.53654226e-05 
 1.69824365e+00  2.51200184e-05 
 1.73780083e+00  2.48769929e-05 
 1.77827941e+00  2.46363231e-05 
 1.81970086e+00  2.43979861e-05 
 1.86208714e+00  2.41619591e-05 
 1.90546072e+00  2.39282198e-05 
 1.94984460e+00  2.36967459e-05 
 1.99526231e+00  2.34675153e-05 
 2.04173794e+00  2.32405064e-05 
 2.08929613e+00  2.30156975e-05 
 2.13796209e+00  2.27930673e-05 
 2.18776162e+00  2.25725945e-05 
 2.23872114e+00  2.23542583e-05 
 2.29086765e+00  2.21380378e-05 
 2.34422882e+00  2.19239125e-05 
 2.39883292e+00  2.17118620e-05 
 2.45470892e+00  2.15018663e-05 
 2.51188643e+00  2.12939053e-05 
 2.57039578e+00  2.10879593e-05 
 2.63026799e+00  2.08840087e-05 
 2.69153480e+00  2.06820341e-05 
 2.75422870e+00  2.04820164e-05 
 2.81838293e+00  2.02839365e-05 
 2.88403150e+00  2.00877756e-05 
 2.95120923e+00  1.98935151e-05 
 3.01995172e+00  1.97011365e-05 
 3.09029543e+00  1.95106215e-05 
 3.16227766e+00  1.93219521e-05 
 3.23593657e+00  1.91351103e-05 
 3.31131121e+00  1.89500785e-05 
 3.38844156e+00  1.87668389e-05 
 3.46736850e+00  1.85853742e-05 
 3.54813389e+00  1.84056672e-05 
 3.63078055e+00  1.82277009e-05 
 3.71535229e+00  1.80514582e-05 
 3.80189396e+00  1.78769225e-05 
 3.89045145e+00  1.77040773e-05 
 3.98107171e+00  1.75329060e-05 
 4.07380278e+00  1.73633925e-05 
 4.16869383e+00  1.71955206e-05 
 4.26579519e+00  1.70292745e-05 
 4.36515832e+00  1.68646383e-05 
 4.46683592e+00  1.67015964e-05 
 4.57088190e+00  1.65401334e-05 
 4.67735141e+00  1.63802339e-05 
 4.78630092e+00  1.62218828e-05 
 4.89778819e+00  1.60650649e-05 
 5.01187234e+00  1.59097656e-05 
 5.12861384e+00  1.57559699e-05 
 5.24807460e+00  1.56036633e-05 
 5.37031796e+00  1.54528314e-05 
 5.49540874e+00  1.53034599e-05 
 5.62341325e+00  1.51555346e-05 
 5.75439937e+00  1.50090414e-05 
 5.88843655e+00  1.48639664e-05 
 6.02559586e+00  1.47202960e-05 
 6.16595002e+00  1.45780164e-05 
 6.30957344e+00  1.44371142e-05 
 6.45654229e+00  1.42975761e-05 
 6.60693448e+00  1.41593887e-05 
 6.76082975e+00  1.40225390e-05 
 6.91830971e+00  1.38870140e-05 
 7.07945784e+00  1.37528008e-05 
 7.24435960e+00  1.36198868e-05 
 7.41310241e+00  1.34882593e-05 
 7.58577575e+00  1.33579059e-05 
 7.76247117e+00  1.32288141e-05 
 7.94328235e+00  1.31009718e-05 
 8.12830516e+00  1.29743669e-05 
 8.31763771e+00  1.28489873e-05 
 8.51138038e+00  1.27248211e-05 
 8.70963590e+00  1.26018566e-05 
 8.91250938e+00  1.24800821e-05 
 9.12010839e+00  1.23594862e-05 
 9.33254301e+00  1.22400573e-05 
 9.54992586e+00  1.21217841e-05 
 9.77237221e+00  1.20046555e-05 
 1.00000000e+01  1.18886603e-05 
 1.02329299e+01  1.17737876e-05 
 1.04712855e+01  1.16600265e-05 
 1.07151931e+01  1.15473661e-05 
 1.09647820e+01  1.14357959e-05 
 1.12201845e+01  1.13253052e-05 
 1.14815362e+01  1.12158836e-05 
 1.17489755e+01  1.11075207e-05 
 1.20226443e+01  1.10002062e-05 
 1.23026877e+01  1.08939301e-05 
 1.25892541e+01  1.07886822e-05 
 1.28824955e+01  1.06844525e-05 
 1.31825674e+01  1.05812313e-05 
 1.34896288e+01  1.04790086e-05 
 1.38038426e+01  1.03777749e-05 
 1.41253754e+01  1.02775206e-05 
 1.44543977e+01  1.01782361e-05 
 1.47910839e+01  1.00799120e-05 
 1.51356125e+01  9.98253911e-06 
 1.54881662e+01  9.88610815e-06 
 1.58489319e+01  9.79060998e-06 
 1.62181010e+01  9.69603559e-06 
 1.65958691e+01  9.60237600e-06 
 1.69824365e+01  9.50962236e-06 
 1.73780083e+01  9.41776588e-06 
 1.77827941e+01  9.32679788e-06 
 1.81970086e+01  9.23670974e-06 
 1.86208714e+01  9.14749294e-06 
 1.90546072e+01  9.05913904e-06 
 1.94984460e+01  8.97163967e-06 
 1.99526231e+01  8.88498655e-06 
 2.04173794e+01  8.79917149e-06 
 2.08929613e+01  8.71418636e-06 
 2.13796209e+01  8.63002314e-06 
 2.18776162e+01  8.54667384e-06 
 2.23872114e+01  8.46413059e-06 
 2.29086765e+01  8.38238558e-06 
 2.34422882e+01  8.30143108e-06 
 2.39883292e+01  8.22125942e-06 
 2.45470892e+01  8.14186303e-06 
 2.51188643e+01  8.06323439e-06 
 2.57039578e+01  7.98536608e-06 
 2.63026799e+01  7.90825071e-06 
 2.69153480e+01  7.83188101e-06 
 2.75422870e+01  7.75624974e-06 
 2.81838293e+01  7.68134976e-06 
 2.88403150e+01  7.60717398e-06 
 2.95120923e+01  7.53371539e-06 
 3.01995172e+01  7.46096704e-06 
 3.09029543e+01  7.38892206e-06 
 3.16227766e+01  7.31757363e-06 
 3.23593657e+01  7.24691501e-06 
 3.31131121e+01  7.17693951e-06 
 3.38844156e+01  7.10764053e-06 
 3.46736850e+01  7.03901150e-06 
 3.54813389e+01  6.97104595e-06 
 3.63078055e+01  6.90373744e-06 
 3.71535229e+01  6.83707963e-06 
 3.80189396e+01  6.77106619e-06 
 3.89045145e+01  6.70569091e-06 
 3.98107171e+01  6.64094759e-06 
 4.07380278e+01  6.57683012e-06 
 4.16869383e+01  6.51333244e-06 
 4.26579519e+01  6.45044854e-06 
 4.36515832e+01  6.38817250e-06 
 4.46683592e+01  6.32649841e-06 
 4.57088190e+01  6.26542046e-06 
 4.67735141e+01  6.20493287e-06 
 4.78630092e+01  6.14502992e-06 
 4.89778819e+01  6.08570597e-06 
 5.01187234e+01  6.02695540e-06 
 5.12861384e+01  5.96877266e-06 
 5.24807460e+01  5.91115225e-06 
 5.37031796e+01  5.85408874e-06 
 5.49540874e+01  5.79757673e-06 
 5.62341325e+01  5.74161088e-06 
 5.75439937e+01  5.68618591e-06 
 5.88843655e+01  5.63129659e-06 
 6.02559586e+01  5.57693772e-06 
 6.16595002e+01  5.52310417e-06 
 6.30957344e+01  5.46979087e-06 
 6.45654229e+01  5.41699277e-06 
 6.60693448e+01  5.36470489e-06 
 6.76082975e+01  5.31292229e-06 
 6.91830971e+01  5.26164008e-06 
 7.07945784e+01  5.21085342e-06 
 7.24435960e+01  5.16055751e-06 
 7.41310241e+01  5.11074760e-06 
 7.58577575e+01  5.06141900e-06 
 7.76247117e+01  5.01256704e-06 
 7.94328235e+01  4.96418712e-06 
 8.12830516e+01  4.91627465e-06 
 8.31763771e+01  4.86882513e-06 
 8.51138038e+01  4.82183407e-06 
 8.70963590e+01  4.77529703e-06 
 8.91250938e+01  4.72920963e-06 
 9.12010839e+01  4.68356751e-06 
 9.33254301e+01  4.63836636e-06 
 9.54992586e+01  4.59360192e-06 
 9.77237221e+01  4.54926997e-06 
 1.00000000e+02  4.50536631e-06 
 1.02329299e+02  4.46188681e-06 
 1.04712855e+02  4.41882736e-06 
 1.07151931e+02  4.37618390e-06 
 1.09647820e+02  4.33395240e-06 
 1.12201845e+02  4.29212888e-06 
 1.14815362e+02  4.25070940e-06 
 1.17489755e+02  4.20969004e-06 
 1.20226443e+02  4.16906693e-06 
 1.23026877e+02  4.12883624e-06 
 1.25892541e+02  4.08899418e-06 
 1.28824955e+02  4.04953699e-06 
 1.31825674e+02  4.01046094e-06 
 1.34896288e+02  3.97176234e-06 
 1.38038426e+02  3.93343755e-06 
 1.41253754e+02  3.89548296e-06 
 1.44543977e+02  3.85789497e-06 
 1.47910839e+02  3.82067005e-06 
 1.51356125e+02  3.78380468e-06 
 1.54881662e+02  3.74729539e-06 
 1.58489319e+02  3.71113873e-06 
 1.62181010e+02  3.67533129e-06 
 1.65958691e+02  3.63986970e-06 
 1.69824365e+02  3.60475061e-06 
 1.73780083e+02  3.56997071e-06 
 1.77827941e+02  3.53552672e-06 
 1.81970086e+02  3.50141539e-06 
 1.86208714e+02  3.46763350e-06 
 1.90546072e+02  3.43417787e-06 
 1.94984460e+02  3.40104534e-06 
 1.99526231e+02  3.36823280e-06 
 2.04173794e+02  3.33573714e-06 
 2.08929613e+02  3.30355530e-06 
 2.13796209e+02  3.27168425e-06 
 2.18776162e+02  3.24012098e-06 
 2.23872114e+02  3.20886252e-06 
 2.29086765e+02  3.17790592e-06 
 2.34422882e+02  3.14724826e-06 
 2.39883292e+02  3.11688665e-06 
 2.45470892e+02  3.08681823e-06 
 2.51188643e+02  3.05704016e-06 
 2.57039578e+02  3.02754965e-06 
 2.63026799e+02  2.99834390e-06 
 2.69153480e+02  2.96942017e-06 
 2.75422870e+02  2.94077572e-06 
 2.81838293e+02  2.91240787e-06 
 2.88403150e+02  2.88431393e-06 
 2.95120923e+02  2.85649126e-06 
 3.01995172e+02  2.82893723e-06 
 3.09029543e+02  2.80164926e-06 
 3.16227766e+02  2.77462476e-06 
 3.23593657e+02  2.74786119e-06 
 3.31131121e+02  2.72135603e-06 
 3.38844156e+02  2.69510678e-06 
 3.46736850e+02  2.66911097e-06 
 3.54813389e+02  2.64336615e-06 
 3.63078055e+02  2.61786989e-06 
 3.71535229e+02  2.59261979e-06 
 3.80189396e+02  2.56761347e-06 
 3.89045145e+02  2.54284858e-06 
 3.98107171e+02  2.51832278e-06 
 4.07380278e+02  2.49403376e-06 
 4.16869383e+02  2.46997923e-06 
 4.26579519e+02  2.44615693e-06 
 4.36515832e+02  2.42256461e-06 
 4.46683592e+02  2.39920005e-06 
 4.57088190e+02  2.37606106e-06 
 4.67735141e+02  2.35314544e-06 
 4.78630092e+02  2.33045104e-06 
 4.89778819e+02  2.30797573e-06 
 5.01187234e+02  2.28571738e-06 
 5.12861384e+02  2.26367391e-06 
 5.24807460e+02  2.24184323e-06 
 5.37031796e+02  2.22022328e-06 
 5.49540874e+02  2.19881204e-06 
 5.62341325e+02  2.17760748e-06 
 5.75439937e+02  2.15660762e-06 
 5.88843655e+02  2.13581046e-06 
 6.02559586e+02  2.11521405e-06 
 6.16595002e+02  2.09481646e-06 
 6.30957344e+02  2.07461576e-06 
 6.45654229e+02  2.05461006e-06 
 6.60693448e+02  2.03479745e-06 
 6.76082975e+02  2.01517609e-06 
 6.91830971e+02  1.99574412e-06 
 7.07945784e+02  1.97649972e-06 
 7.24435960e+02  1.95744106e-06 
 7.41310241e+02  1.93856637e-06 
 7.58577575e+02  1.91987385e-06 
 7.76247117e+02  1.90136175e-06 
 7.94328235e+02  1.88302834e-06 
 8.12830516e+02  1.86487187e-06 
 8.31763771e+02  1.84689065e-06 
 8.51138038e+02  1.82908298e-06 
 8.70963590e+02  1.81144718e-06 
 8.91250938e+02  1.79398159e-06 
 9.12010839e+02  1.77668457e-06 
 9.33254301e+02  1.75955450e-06 
 9.54992586e+02  1.74258975e-06 
 9.77237221e+02  1.72578874e-06 
 1.00000000e+03  1.70914988e-06 
 1.02329299e+03  1.69267160e-06 
 1.04712855e+03  1.67635236e-06 
 1.07151931e+03  1.66019061e-06 
 1.09647820e+03  1.64418484e-06 
 1.12201845e+03  1.62833355e-06 
 1.14815362e+03  1.61263523e-06 
 1.17489755e+03  1.59708841e-06 
 1.20226443e+03  1.58169163e-06 
 1.23026877e+03  1.56644344e-06 
 1.25892541e+03  1.55134241e-06 
 1.28824955e+03  1.53638711e-06 
 1.31825674e+03  1.52157614e-06 
 1.34896288e+03  1.50690810e-06 
 1.38038426e+03  1.49238162e-06 
 1.41253754e+03  1.47799532e-06 
 1.44543977e+03  1.46374785e-06 
 1.47910839e+03  1.44963788e-06 
 1.51356125e+03  1.43566407e-06 
 1.54881662e+03  1.42182511e-06 
 1.58489319e+03  1.40811970e-06 
 1.62181010e+03  1.39454654e-06 
 1.65958691e+03  1.38110437e-06 
 1.69824365e+03  1.36779192e-06 
 1.73780083e+03  1.35460793e-06 
 1.77827941e+03  1.34155117e-06 
 1.81970086e+03  1.32862040e-06 
 1.86208714e+03  1.31581441e-06 
 1.90546072e+03  1.30313200e-06 
 1.94984460e+03  1.29057197e-06 
 1.99526231e+03  1.27813315e-06 
 2.04173794e+03  1.26581435e-06 
 2.08929613e+03  1.25361443e-06 
 2.13796209e+03  1.24153223e-06 
 2.18776162e+03  1.22956662e-06 
 2.23872114e+03  1.21771647e-06 
 2.29086765e+03  1.20598068e-06 
 2.34422882e+03  1.19435813e-06 
 2.39883292e+03  1.18284773e-06 
 2.45470892e+03  1.17144840e-06 
 2.51188643e+03  1.16015907e-06 
 2.57039578e+03  1.14897867e-06 
 2.63026799e+03  1.13790616e-06 
 2.69153480e+03  1.12694050e-06 
 2.75422870e+03  1.11608064e-06 
 2.81838293e+03  1.10532558e-06 
 2.88403150e+03  1.09467430e-06 
 2.95120923e+03  1.08412579e-06 
 3.01995172e+03  1.07367908e-06 
 3.09029543e+03  1.06333316e-06 
 3.16227766e+03  1.05308708e-06 
 3.23593657e+03  1.04293987e-06 
 3.31131121e+03  1.03289057e-06 
 3.38844156e+03  1.02293824e-06 
 3.46736850e+03  1.01308195e-06 
 3.54813389e+03  1.00332076e-06 
 3.63078055e+03  9.93653763e-07 
 3.71535229e+03  9.84080046e-07 
 3.80189396e+03  9.74598709e-07 
 3.89045145e+03  9.65208862e-07 
 3.98107171e+03  9.55909622e-07 
 4.07380278e+03  9.46700115e-07 
 4.16869383e+03  9.37579475e-07 
 4.26579519e+03  9.28546844e-07 
 4.36515832e+03  9.19601374e-07 
 4.46683592e+03  9.10742223e-07 
 4.57088190e+03  9.01968560e-07 
 4.67735141e+03  8.93279558e-07 
 4.78630092e+03  8.84674403e-07 
 4.89778819e+03  8.76152284e-07 
 5.01187234e+03  8.67712402e-07 
 5.12861384e+03  8.59353962e-07 
 5.24807460e+03  8.51076179e-07 
 5.37031796e+03  8.42878276e-07 
 5.49540874e+03  8.34759481e-07 
 5.62341325e+03  8.26719031e-07 
 5.75439937e+03  8.18756172e-07 
 5.88843655e+03  8.10870155e-07 
 6.02559586e+03  8.03060238e-07 
 6.16595002e+03  7.95325689e-07 
 6.30957344e+03  7.87665779e-07 
 6.45654229e+03  7.80079789e-07 
 6.60693448e+03  7.72567007e-07 
 6.76082975e+03  7.65126726e-07 
 6.91830971e+03  7.57758247e-07 
 7.07945784e+03  7.50460878e-07 
 7.24435960e+03  7.43233933e-07 
 7.41310241e+03  7.36076734e-07 
 7.58577575e+03  7.28988607e-07 
 7.76247117e+03  7.21968887e-07 
 7.94328235e+03  7.15016914e-07 
 8.12830516e+03  7.08132035e-07 
 8.31763771e+03  7.01313604e-07 
 8.51138038e+03  6.94560979e-07 
 8.70963590e+03  6.87873526e-07 
 8.91250938e+03  6.81250617e-07 
 9.12010839e+03  6.74691629e-07 
 9.33254301e+03  6.68195948e-07 
 9.54992586e+03  6.61762961e-07 
 9.77237221e+03  6.55392066e-07 
 1.00000000e+04  6.49082663e-07 
 1.02329299e+04  6.42834159e-07 
 1.04712855e+04  6.36645969e-07 
 1.07151931e+04  6.30517510e-07 
 1.09647820e+04  6.24448207e-07 
 1.12201845e+04  6.18437490e-07 
 1.14815362e+04  6.12484794e-07 
 1.17489755e+04  6.06589560e-07 
 1.20226443e+04  6.00751235e-07 
 1.23026877e+04  5.94969269e-07 
 1.25892541e+04  5.89243120e-07 
 1.28824955e+04  5.83572250e-07 
 1.31825674e+04  5.77956127e-07 
 1.34896288e+04  5.72394223e-07 
 1.38038426e+04  5.66886015e-07 
 1.41253754e+04  5.61430986e-07 
 1.44543977e+04  5.56028624e-07 
 1.47910839e+04  5.50678422e-07 
 1.51356125e+04  5.45379878e-07 
 1.54881662e+04  5.40132492e-07 
 1.58489319e+04  5.34935773e-07 
 1.62181010e+04  5.29789233e-07 
 1.65958691e+04  5.24692389e-07 
 1.69824365e+04  5.19644761e-07 
 1.73780083e+04  5.14645876e-07 
 1.77827941e+04  5.09695264e-07 
 1.81970086e+04  5.04792461e-07 
 1.86208714e+04  4.99937006e-07 
 1.90546072e+04  4.95128443e-07 
 1.94984460e+04  4.90366320e-07 
 1.99526231e+04  4.85650192e-07 
 2.04173794e+04  4.80979613e-07 
 2.08929613e+04  4.76354147e-07 
 2.13796209e+04  4.71773359e-07 
 2.18776162e+04  4.67236818e-07 
 2.23872114e+04  4.62744100e-07 
 2.29086765e+04  4.58294781e-07 
 2.34422882e+04  4.53888444e-07 
 2.39883292e+04  4.49524676e-07 
 2.45470892e+04  4.45203067e-07 
 2.51188643e+04  4.40923210e-07 
 2.57039578e+04  4.36684705e-07 
 2.63026799e+04  4.32487154e-07 
 2.69153480e+04  4.28330161e-07 
 2.75422870e+04  4.24213338e-07 
 2.81838293e+04  4.20136297e-07 
 2.88403150e+04  4.16098656e-07 
 2.95120923e+04  4.12100035e-07 
 3.01995172e+04  4.08140060e-07 
 3.09029543e+04  4.04218359e-07 
 3.16227766e+04  4.00334563e-07 
 3.23593657e+04  3.96488308e-07 
 3.31131121e+04  3.92679233e-07 
 3.38844156e+04  3.88906980e-07 
 3.46736850e+04  3.85171196e-07 
 3.54813389e+04  3.81471529e-07 
 3.63078055e+04  3.77807632e-07 
 3.71535229e+04  3.74179161e-07 
 3.80189396e+04  3.70585777e-07 
 3.89045145e+04  3.67027140e-07 
 3.98107171e+04  3.63502919e-07 
 4.07380278e+04  3.60012781e-07 
 4.16869383e+04  3.56556399e-07 
 4.26579519e+04  3.53133449e-07 
 4.36515832e+04  3.49743609e-07 
 4.46683592e+04  3.46386561e-07 
 4.57088190e+04  3.43061991e-07 
 4.67735141e+04  3.39769586e-07 
 4.78630092e+04  3.36509037e-07 
 4.89778819e+04  3.33280038e-07 
 5.01187234e+04  3.30082286e-07 
 5.12861384e+04  3.26915481e-07 
 5.24807460e+04  3.23779326e-07 
 5.37031796e+04  3.20673527e-07 
 5.49540874e+04  3.17597791e-07 
 5.62341325e+04  3.14551831e-07 
 5.75439937e+04  3.11535360e-07 
 5.88843655e+04  3.08548096e-07 
 6.02559586e+04  3.05589758e-07 
 6.16595002e+04  3.02660068e-07 
 6.30957344e+04  2.99758752e-07 
 6.45654229e+04  2.96885537e-07 
 6.60693448e+04  2.94040154e-07 
 6.76082975e+04  2.91222335e-07 
 6.91830971e+04  2.88431817e-07 
 7.07945784e+04  2.85668336e-07 
 7.24435960e+04  2.82931635e-07 
 7.41310241e+04  2.80221457e-07 
 7.58577575e+04  2.77537546e-07 
 7.76247117e+04  2.74879651e-07 
 7.94328235e+04  2.72247523e-07 
 8.12830516e+04  2.69640915e-07 
 8.31763771e+04  2.67059582e-07 
 8.51138038e+04  2.64503281e-07 
 8.70963590e+04  2.61971774e-07 
 8.91250938e+04  2.59464822e-07 
 9.12010839e+04  2.56982191e-07 
 9.33254301e+04  2.54523647e-07 
 9.54992586e+04  2.52088959e-07 
 9.77237221e+04  2.49677900e-07 
 1.00000000e+05  2.47290243e-07 
 1.02329299e+05  2.44925763e-07 
 1.04712855e+05  2.42584240e-07 
 1.07151931e+05  2.40265453e-07 
 1.09647820e+05  2.37969185e-07 
 1.12201845e+05  2.35695221e-07 
 1.14815362e+05  2.33443346e-07 
 1.17489755e+05  2.31213351e-07 
 1.20226443e+05  2.29005024e-07 
 1.23026877e+05  2.26818160e-07 
 1.25892541e+05  2.24652554e-07 
 1.28824955e+05  2.22508001e-07 
 1.31825674e+05  2.20384301e-07 
 1.34896288e+05  2.18281254e-07 
 1.38038426e+05  2.16198664e-07 
 1.41253754e+05  2.14136334e-07 
 1.44543977e+05  2.12094072e-07 
 1.47910839e+05  2.10071685e-07 
 1.51356125e+05  2.08068985e-07 
 1.54881662e+05  2.06085782e-07 
 1.58489319e+05  2.04121891e-07 
 1.62181010e+05  2.02177128e-07 
 1.65958691e+05  2.00251310e-07 
 1.69824365e+05  1.98344257e-07 
 1.73780083e+05  1.96455789e-07 
 1.77827941e+05  1.94585730e-07 
 1.81970086e+05  1.92733903e-07 
 1.86208714e+05  1.90900136e-07 
 1.90546072e+05  1.89084256e-07 
 1.94984460e+05  1.87286093e-07 
 1.99526231e+05  1.85505477e-07 
 2.04173794e+05  1.83742243e-07 
 2.08929613e+05  1.81996224e-07 
 2.13796209e+05  1.80267257e-07 
 2.18776162e+05  1.78555179e-07 
 2.23872114e+05  1.76859830e-07 
 2.29086765e+05  1.75181050e-07 
 2.34422882e+05  1.73518683e-07 
 2.39883292e+05  1.71872572e-07 
 2.45470892e+05  1.70242563e-07 
 2.51188643e+05  1.68628502e-07 
 2.57039578e+05  1.67030239e-07 
 2.63026799e+05  1.65447622e-07 
 2.69153480e+05  1.63880505e-07 
 2.75422870e+05  1.62328739e-07 
 2.81838293e+05  1.60792180e-07 
 2.88403150e+05  1.59270682e-07 
 2.95120923e+05  1.57764103e-07 
 3.01995172e+05  1.56272302e-07 
 3.09029543e+05  1.54795138e-07 
 3.16227766e+05  1.53332473e-07 
 3.23593657e+05  1.51884170e-07 
 3.31131121e+05  1.50450093e-07 
 3.38844156e+05  1.49030107e-07 
 3.46736850e+05  1.47624078e-07 
 3.54813389e+05  1.46231875e-07 
 3.63078055e+05  1.44853367e-07 
 3.71535229e+05  1.43488425e-07 
 3.80189396e+05  1.42136921e-07 
 3.89045145e+05  1.40798726e-07 
 3.98107171e+05  1.39473717e-07 
 4.07380278e+05  1.38161769e-07 
 4.16869383e+05  1.36862757e-07 
 4.26579519e+05  1.35576561e-07 
 4.36515832e+05  1.34303059e-07 
 4.46683592e+05  1.33042133e-07 
 4.57088190e+05  1.31793662e-07 
 4.67735141e+05  1.30557531e-07 
 4.78630092e+05  1.29333623e-07 
 4.89778819e+05  1.28121822e-07 
 5.01187234e+05  1.26922016e-07 
 5.12861384e+05  1.25734092e-07 
 5.24807460e+05  1.24557937e-07 
 5.37031796e+05  1.23393441e-07 
 5.49540874e+05  1.22240496e-07 
 5.62341325e+05  1.21098991e-07 
 5.75439937e+05  1.19968821e-07 
 5.88843655e+05  1.18849879e-07 
 6.02559586e+05  1.17742059e-07 
 6.16595002e+05  1.16645258e-07 
 6.30957344e+05  1.15559372e-07 
 6.45654229e+05  1.14484299e-07 
 6.60693448e+05  1.13419939e-07 
 6.76082975e+05  1.12366190e-07 
 6.91830971e+05  1.11322954e-07 
 7.07945784e+05  1.10290133e-07 
 7.24435960e+05  1.09267629e-07 
 7.41310241e+05  1.08255347e-07 
 7.58577575e+05  1.07253190e-07 
 7.76247117e+05  1.06261064e-07 
 7.94328235e+05  1.05278877e-07 
 8.12830516e+05  1.04306535e-07 
 8.31763771e+05  1.03343948e-07 
 8.51138038e+05  1.02391023e-07 
 8.70963590e+05  1.01447672e-07 
 8.91250938e+05  1.00513806e-07 
 9.12010839e+05  9.95893356e-08 
 9.33254301e+05  9.86741748e-08 
 9.54992586e+05  9.77682370e-08 
 9.77237221e+05  9.68714367e-08 
 1.00000000e+06  9.59836894e-08 
 1.02329299e+06  9.51049111e-08 
 1.04712855e+06  9.42350189e-08 
 1.07151931e+06  9.33739307e-08 
 1.09647820e+06  9.25215651e-08 
 1.12201845e+06  9.16778417e-08 
 1.14815362e+06  9.08426806e-08 
 1.17489755e+06  9.00160028e-08 
 1.20226443e+06  8.91977303e-08 
 1.23026877e+06  8.83877856e-08 
 1.25892541e+06  8.75860920e-08 
 1.28824955e+06  8.67925737e-08 
 1.31825674e+06  8.60071554e-08 
 1.34896288e+06  8.52297628e-08 
 1.38038426e+06  8.44603223e-08 
 1.41253754e+06  8.36987607e-08 
 1.44543977e+06  8.29450060e-08 
 1.47910839e+06  8.21989865e-08 
 1.51356125e+06  8.14606315e-08 
 1.54881662e+06  8.07298708e-08 
 1.58489319e+06  8.00066349e-08 
 1.62181010e+06  7.92908551e-08 
 1.65958691e+06  7.85824634e-08 
 1.69824365e+06  7.78813922e-08 
 1.73780083e+06  7.71875748e-08 
 1.77827941e+06  7.65009452e-08 
 1.81970086e+06  7.58214377e-08 
 1.86208714e+06  7.51489877e-08 
 1.90546072e+06  7.44835310e-08 
 1.94984460e+06  7.38250038e-08 
 1.99526231e+06  7.31733434e-08 
 2.04173794e+06  7.25284873e-08 
 2.08929613e+06  7.18903739e-08 
 2.13796209e+06  7.12589420e-08 
 2.18776162e+06  7.06341311e-08 
 2.23872114e+06  7.00158812e-08 
 2.29086765e+06  6.94041329e-08 
 2.34422882e+06  6.87988275e-08 
 2.39883292e+06  6.81999067e-08 
 2.45470892e+06  6.76073130e-08 
 2.51188643e+06  6.70209890e-08 
 2.57039578e+06  6.64408784e-08 
 2.63026799e+06  6.58669250e-08 
 2.69153480e+06  6.52990735e-08 
 2.75422870e+06  6.47372688e-08 
 2.81838293e+06  6.41814565e-08 
 2.88403150e+06  6.36315828e-08 
 2.95120923e+06  6.30875942e-08 
 3.01995172e+06  6.25494379e-08 
 3.09029543e+06  6.20170614e-08 
 3.16227766e+06  6.14904129e-08 
 3.23593657e+06  6.09694411e-08 
 3.31131121e+06  6.04540949e-08 
 3.38844156e+06  5.99443239e-08 
 3.46736850e+06  5.94400783e-08 
 3.54813389e+06  5.89413085e-08 
 3.63078055e+06  5.84479654e-08 
 3.71535229e+06  5.79600006e-08 
 3.80189396e+06  5.74773659e-08 
 3.89045145e+06  5.70000136e-08 
 3.98107171e+06  5.65278965e-08 
 4.07380278e+06  5.60609677e-08 
 4.16869383e+06  5.55991810e-08 
 4.26579519e+06  5.51424904e-08 
 4.36515832e+06  5.46908503e-08 
 4.46683592e+06  5.42442157e-08 
 4.57088190e+06  5.38025419e-08 
 4.67735141e+06  5.33657845e-08 
 4.78630092e+06  5.29338997e-08 
 4.89778819e+06  5.25068439e-08 
 5.01187234e+06  5.20845741e-08 
 5.12861384e+06  5.16670474e-08 
 5.24807460e+06  5.12542217e-08 
 5.37031796e+06  5.08460549e-08 
 5.49540874e+06  5.04425053e-08 
 5.62341325e+06  5.00435318e-08 
 5.75439937e+06  4.96490934e-08 
 5.88843655e+06  4.92591497e-08 
 6.02559586e+06  4.88736605e-08 
 6.16595002e+06  4.84925859e-08 
 6.30957344e+06  4.81158865e-08 
 6.45654229e+06  4.77435231e-08 
 6.60693448e+06  4.73754569e-08 
 6.76082975e+06  4.70116494e-08 
 6.91830971e+06  4.66520625e-08 
 7.07945784e+06  4.62966583e-08 
 7.24435960e+06  4.59453993e-08 
 7.41310241e+06  4.55982482e-08 
 7.58577575e+06  4.52551683e-08 
 7.76247117e+06  4.49161228e-08 
 7.94328235e+06  4.45810755e-08 
 8.12830516e+06  4.42499904e-08 
 8.31763771e+06  4.39228318e-08 
 8.51138038e+06  4.35995642e-08 
 8.70963590e+06  4.32801525e-08 
 8.91250938e+06  4.29645619e-08 
 9.12010839e+06  4.26527577e-08 
 9.33254301e+06  4.23447058e-08 
 9.54992586e+06  4.20403720e-08 
 9.77237221e+06  4.17397226e-08 
 1.00000000e+07  4.14427241e-08 
 1.02329299e+07  4.11493433e-08 
 1.04712855e+07  4.08595471e-08 
 1.07151931e+07  4.05733029e-08 
 1.09647820e+07  4.02905783e-08 
 1.12201845e+07  4.00113409e-08 
 1.14815362e+07  3.97355588e-08 
 1.17489755e+07  3.94632003e-08 
 1.20226443e+07  3.91942340e-08 
 1.23026877e+07  3.89286285e-08 
 1.25892541e+07  3.86663529e-08 
 1.28824955e+07  3.84073765e-08 
 1.31825674e+07  3.81516686e-08 
 1.34896288e+07  3.78991990e-08 
 1.38038426e+07  3.76499376e-08 
 1.41253754e+07  3.74038546e-08 
 1.44543977e+07  3.71609203e-08 
 1.47910839e+07  3.69211055e-08 
 1.51356125e+07  3.66843808e-08 
 1.54881662e+07  3.64507175e-08 
 1.58489319e+07  3.62200867e-08 
 1.62181010e+07  3.59924600e-08 
 1.65958691e+07  3.57678091e-08 
 1.69824365e+07  3.55461059e-08 
 1.73780083e+07  3.53273227e-08 
 1.77827941e+07  3.51114318e-08 
 1.81970086e+07  3.48984058e-08 
 1.86208714e+07  3.46882176e-08 
 1.90546072e+07  3.44808401e-08 
 1.94984460e+07  3.42762467e-08 
 1.99526231e+07  3.40744109e-08 
 2.04173794e+07  3.38753063e-08 
 2.08929613e+07  3.36789070e-08 
 2.13796209e+07  3.34851869e-08 
 2.18776162e+07  3.32941206e-08 
 2.23872114e+07  3.31056827e-08 
 2.29086765e+07  3.29198480e-08 
 2.34422882e+07  3.27365915e-08 
 2.39883292e+07  3.25558886e-08 
 2.45470892e+07  3.23777148e-08 
 2.51188643e+07  3.22020459e-08 
 2.57039578e+07  3.20288579e-08 
 2.63026799e+07  3.18581270e-08 
 2.69153480e+07  3.16898298e-08 
 2.75422870e+07  3.15239431e-08 
 2.81838293e+07  3.13604438e-08 
 2.88403150e+07  3.11993092e-08 
 2.95120923e+07  3.10405169e-08 
 3.01995172e+07  3.08840446e-08 
 3.09029543e+07  3.07298705e-08 
 3.16227766e+07  3.05779730e-08 
 3.23593657e+07  3.04283306e-08 
 3.31131121e+07  3.02809224e-08 
 3.38844156e+07  3.01357274e-08 
 3.46736850e+07  2.99927254e-08 
 3.54813389e+07  2.98518962e-08 
 3.63078055e+07  2.97132199e-08 
 3.71535229e+07  2.95766771e-08 
 3.80189396e+07  2.94422486e-08 
 3.89045145e+07  2.93099156e-08 
 3.98107171e+07  2.91796596e-08 
 4.07380278e+07  2.90514626e-08 
 4.16869383e+07  2.89253069e-08 
 4.26579519e+07  2.88011752e-08 
 4.36515832e+07  2.86790504e-08 
 4.46683592e+07  2.85589162e-08 
 4.57088190e+07  2.84407564e-08 
 4.67735141e+07  2.83245553e-08 
 4.78630092e+07  2.82102979e-08 
 4.89778819e+07  2.80979694e-08 
 5.01187234e+07  2.79875555e-08 
 5.12861384e+07  2.78790425e-08 
 5.24807460e+07  2.77724171e-08 
 5.37031796e+07  2.76676667e-08 
 5.49540874e+07  2.75647792e-08 
 5.62341325e+07  2.74637428e-08 
 5.75439937e+07  2.73645468e-08 
 5.88843655e+07  2.72671805e-08 
 6.02559586e+07  2.71716347e-08 
 6.16595002e+07  2.70779000e-08 
 6.30957344e+07  2.69859681e-08 
 6.45654229e+07  2.68958313e-08 
 6.60693448e+07  2.68074828e-08 
 6.76082975e+07  2.67209163e-08 
 6.91830971e+07  2.66361265e-08 
 7.07945784e+07  2.65531089e-08 
 7.24435960e+07  2.64718599e-08 
 7.41310241e+07  2.63923766e-08 
 7.58577575e+07  2.63146573e-08 
 7.76247117e+07  2.62387010e-08 
 7.94328235e+07  2.61645080e-08 
 8.12830516e+07  2.60920796e-08 
 8.31763771e+07  2.60214181e-08 
 8.51138038e+07  2.59525268e-08 
 8.70963590e+07  2.58854106e-08 
 8.91250938e+07  2.58200753e-08 
 9.12010839e+07  2.57565281e-08 
 9.33254301e+07  2.56947776e-08 
 9.54992586e+07  2.56348340e-08 
 9.77237221e+07  2.55767084e-08 
 1.00000000e+08  2.55204144e-08 
 1.02329299e+08  2.54659661e-08 
 1.04712855e+08  2.54133800e-08 
 1.07151931e+08  2.53626744e-08 
 1.09647820e+08  2.53138689e-08 
 1.12201845e+08  2.52669857e-08 
 1.14815362e+08  2.52220485e-08 
 1.17489755e+08  2.51790837e-08 
 1.20226443e+08  2.51381190e-08 
 1.23026877e+08  2.50991854e-08 
 1.25892541e+08  2.50623158e-08 
 1.28824955e+08  2.50275457e-08 
 1.31825674e+08  2.49949133e-08 
 1.34896288e+08  2.49644597e-08 
 1.38038426e+08  2.49362289e-08 
 1.41253754e+08  2.49102677e-08 
 1.44543977e+08  2.48866262e-08 
 1.47910839e+08  2.48653582e-08 
 1.51356125e+08  2.48465208e-08 
 1.54881662e+08  2.48301751e-08 
 1.58489319e+08  2.48163858e-08 
 1.62181010e+08  2.48052218e-08 
 1.65958691e+08  2.47967559e-08 
 1.69824365e+08  2.47910665e-08 
 1.73780083e+08  2.47882353e-08 
 1.77827941e+08  2.47883504e-08 
 1.81970086e+08  2.47915038e-08 
 1.86208714e+08  2.47977945e-08 
 1.90546072e+08  2.48073260e-08 
 1.94984460e+08  2.48202083e-08 
 1.99526231e+08  2.48365573e-08 
 2.04173794e+08  2.48564968e-08 
 2.08929613e+08  2.48801570e-08 
 2.13796209e+08  2.49076749e-08 
 2.18776162e+08  2.49391958e-08 
 2.23872114e+08  2.49748731e-08 
 2.29086765e+08  2.50148684e-08 
 2.34422882e+08  2.50593530e-08 
 2.39883292e+08  2.51085066e-08 
 2.45470892e+08  2.51625193e-08 
 2.51188643e+08  2.52215913e-08 
 2.57039578e+08  2.52859333e-08 
 2.63026799e+08  2.53557681e-08 
 2.69153480e+08  2.54313286e-08 
 2.75422870e+08  2.55128616e-08 
 2.81838293e+08  2.56006252e-08 
 2.88403150e+08  2.56948920e-08 
 2.95120923e+08  2.57959469e-08 
 3.01995172e+08  2.59040898e-08 
 3.09029543e+08  2.60196355e-08 
 3.16227766e+08  2.61429125e-08 
 3.23593657e+08  2.62742658e-08 
 3.31131121e+08  2.64140562e-08 
 3.38844156e+08  2.65626595e-08 
 3.46736850e+08  2.67204683e-08 
 3.54813389e+08  2.68878913e-08 
 3.63078055e+08  2.70653528e-08 
 3.71535229e+08  2.72532935e-08 
 3.80189396e+08  2.74521695e-08 
 3.89045145e+08  2.76624500e-08 
 3.98107171e+08  2.78846203e-08 
 4.07380278e+08  2.81191751e-08 
 4.16869383e+08  2.83666219e-08 
 4.26579519e+08  2.86274757e-08 
 4.36515832e+08  2.89022560e-08 
 4.46683592e+08  2.91914867e-08 
 4.57088190e+08  2.94956886e-08 
 4.67735141e+08  2.98153762e-08 
 4.78630092e+08  3.01510513e-08 
 4.89778819e+08  3.05031971e-08 
 5.01187234e+08  3.08722699e-08 
 5.12861384e+08  3.12586910e-08 
 5.24807460e+08  3.16628354e-08 
 5.37031796e+08  3.20850214e-08 
 5.49540874e+08  3.25254966e-08 
 5.62341325e+08  3.29844261e-08 
 5.75439937e+08  3.34618734e-08 
 5.88843655e+08  3.39577877e-08 
 6.02559586e+08  3.44719848e-08 
 6.16595002e+08  3.50041279e-08 
 6.30957344e+08  3.55537123e-08 
 6.45654229e+08  3.61200448e-08 
 6.60693448e+08  3.67022280e-08 
 6.76082975e+08  3.72991443e-08 
 6.91830971e+08  3.79094471e-08 
 7.07945784e+08  3.85315503e-08 
 7.24435960e+08  3.91636280e-08 
 7.41310241e+08  3.98036158e-08 
 7.58577575e+08  4.04492257e-08 
 7.76247117e+08  4.10979656e-08 
 7.94328235e+08  4.17471693e-08 
 8.12830516e+08  4.23940392e-08 
 8.31763771e+08  4.30356904e-08 
 8.51138038e+08  4.36692149e-08 
 8.70963590e+08  4.42917420e-08 
 8.91250938e+08  4.49005107e-08 
 9.12010839e+08  4.54929474e-08 
 9.33254301e+08  4.60667206e-08 
 9.54992586e+08  4.66198292e-08 
 9.77237221e+08  4.71506428e-08 
 1.00000000e+09  4.76579557e-08 
