 1.00000000e+00 -2.35529445e-03 
 1.25892541e+00 -2.96514004e-03 
 1.58489319e+00 -3.73289014e-03 
 1.99526231e+00 -4.69943025e-03 
 2.51188643e+00 -5.91623216e-03 
 3.16227766e+00 -7.44809499e-03 
 3.98107171e+00 -9.37659602e-03 
 5.01187234e+00 -1.18044349e-02 
 6.30957344e+00 -1.48609030e-02 
 7.94328235e+00 -1.87087682e-02 
 1.00000000e+01 -2.35529432e-02 
 1.25892541e+01 -2.96513978e-02 
 1.58489319e+01 -3.73288962e-02 
 1.99526231e+01 -4.69942921e-02 
 2.51188643e+01 -5.91623008e-02 
 3.16227766e+01 -7.44809084e-02 
 3.98107171e+01 -9.37658774e-02 
 5.01187234e+01 -1.18044184e-01 
 6.30957344e+01 -1.48608700e-01 
 7.94328235e+01 -1.87087024e-01 
 1.00000000e+02 -2.35528119e-01 
 1.25892541e+02 -2.96511357e-01 
 1.58489319e+02 -3.73283734e-01 
 1.99526231e+02 -4.69932490e-01 
 2.51188643e+02 -5.91602196e-01 
 3.16227766e+02 -7.44767560e-01 
 3.98107171e+02 -9.37575928e-01 
 5.01187234e+02 -1.18027656e+00 
 6.30957344e+02 -1.48575727e+00 
 7.94328235e+02 -1.87021249e+00 
 1.00000000e+03 -2.35396931e+00 
 1.25892541e+03 -2.96249760e+00 
 1.58489319e+03 -3.72762271e+00 
 1.99526231e+03 -4.68893593e+00 
 2.51188643e+03 -5.89534225e+00 
 3.16227766e+03 -7.40656804e+00 
 3.98107171e+03 -9.29422005e+00 
 5.01187234e+03 -1.16415681e+01 
 6.30957344e+03 -1.45405388e+01 
 7.94328235e+03 -1.80834854e+01 
 1.00000000e+04 -2.23465817e+01 
 1.25892541e+04 -2.73625415e+01 
 1.58489319e+04 -3.30853012e+01 
 1.99526231e+04 -3.93597467e+01 
 2.51188643e+04 -4.59197866e+01 
 3.16227766e+04 -5.24324624e+01 
 3.98107171e+04 -5.85764154e+01 
 5.01187234e+04 -6.41140793e+01 
 6.30957344e+04 -6.89225781e+01 
 7.94328235e+04 -7.29814401e+01 
 1.00000000e+05 -7.63388887e+01 
 1.25892541e+05 -7.90779845e+01 
 1.58489319e+05 -8.12923681e+01 
 1.99526231e+05 -8.30723094e+01 
 2.51188643e+05 -8.44982383e+01 
 3.16227766e+05 -8.56387307e+01 
 3.98107171e+05 -8.65507799e+01 
 5.01187234e+05 -8.72810632e+01 
 6.30957344e+05 -8.78675169e+01 
 7.94328235e+05 -8.83408918e+01 
 1.00000000e+06 -8.87261559e+01 
 1.25892541e+06 -8.90437048e+01 
 1.58489319e+06 -8.93103885e+01 
 1.99526231e+06 -8.95403782e+01 
 2.51188643e+06 -8.97459065e+01 
 3.16227766e+06 -8.99379105e+01 
 3.98107171e+06 -9.01266105e+01 
 5.01187234e+06 -9.03220526e+01 
 6.30957344e+06 -9.05346411e+01 
 7.94328235e+06 -9.07756921e+01 
 1.00000000e+07 -9.10580322e+01 
 1.25892541e+07 -9.13966777e+01 
 1.58489319e+07 -9.18096241e+01 
 1.99526231e+07 -9.23187850e+01 
 2.51188643e+07 -9.29511212e+01 
 3.16227766e+07 -9.37399997e+01 
 3.98107171e+07 -9.47268174e+01 
 5.01187234e+07 -9.59628995e+01 
 6.30957344e+07 -9.75116189e+01 
 7.94328235e+07 -9.94505374e+01 
 1.00000000e+08 -1.01873050e+02 
 1.25892541e+08 -1.04888327e+02 
 1.58489319e+08 -1.08616891e+02 
 1.99526231e+08 -1.13176168e+02 
 2.51188643e+08 -1.18644445e+02 
 3.16227766e+08 -1.24981592e+02 
 3.98107171e+08 -1.31874713e+02 
 5.01187234e+08 -1.38495522e+02 
 6.30957344e+08 -1.43308392e+02 
 7.94328235e+08 -1.44548890e+02 
 1.00000000e+09 -1.42276542e+02 
