 1.00000000e+00 -2.35314364e-03 
 1.25892541e+00 -2.96243233e-03 
 1.58489319e+00 -3.72948134e-03 
 1.99526231e+00 -4.69513883e-03 
 2.51188643e+00 -5.91082957e-03 
 3.16227766e+00 -7.44129354e-03 
 3.98107171e+00 -9.36803350e-03 
 5.01187234e+00 -1.17936554e-02 
 6.30957344e+00 -1.48473323e-02 
 7.94328235e+00 -1.86916837e-02 
 1.00000000e+01 -2.35314351e-02 
 1.25892541e+01 -2.96243207e-02 
 1.58489319e+01 -3.72948082e-02 
 1.99526231e+01 -4.69513779e-02 
 2.51188643e+01 -5.91082750e-02 
 3.16227766e+01 -7.44128940e-02 
 3.98107171e+01 -9.36802524e-02 
 5.01187234e+01 -1.17936389e-01 
 6.30957344e+01 -1.48472994e-01 
 7.94328235e+01 -1.86916181e-01 
 1.00000000e+02 -2.35313042e-01 
 1.25892541e+02 -2.96240594e-01 
 1.58489319e+02 -3.72942868e-01 
 1.99526231e+02 -4.69503376e-01 
 2.51188643e+02 -5.91061994e-01 
 3.16227766e+02 -7.44087528e-01 
 3.98107171e+02 -9.36719902e-01 
 5.01187234e+02 -1.17919905e+00 
 6.30957344e+02 -1.48440110e+00 
 7.94328235e+02 -1.86850584e+00 
 1.00000000e+03 -2.35182208e+00 
 1.25892541e+03 -2.95979702e+00 
 1.58489319e+03 -3.72422813e+00 
 1.99526231e+03 -4.68467280e+00 
 2.51188643e+03 -5.88999590e+00 
 3.16227766e+03 -7.39987812e+00 
 3.98107171e+03 -9.28587793e+00 
 5.01187234e+03 -1.16312217e+01 
 6.30957344e+03 -1.45278122e+01 
 7.94328235e+03 -1.80680253e+01 
 1.00000000e+04 -2.23281418e+01 
 1.25892541e+04 -2.73411093e+01 
 1.58489319e+04 -3.30612387e+01 
 1.99526231e+04 -3.93338689e+01 
 2.51188643e+04 -4.58932824e+01 
 3.16227766e+04 -5.24066343e+01 
 3.98107171e+04 -5.85523511e+01 
 5.01187234e+04 -6.40924343e+01 
 6.30957344e+04 -6.89035453e+01 
 7.94328235e+04 -7.29648527e+01 
 1.00000000e+05 -7.63243585e+01 
 1.25892541e+05 -7.90650126e+01 
 1.58489319e+05 -8.12804110e+01 
 1.99526231e+05 -8.30608071e+01 
 2.51188643e+05 -8.44866182e+01 
 3.16227766e+05 -8.56263941e+01 
 3.98107171e+05 -8.65370801e+01 
 5.01187234e+05 -8.72652758e+01 
 6.30957344e+05 -8.78488037e+01 
 7.94328235e+05 -8.83182576e+01 
 1.00000000e+06 -8.86983961e+01 
 1.25892541e+06 -8.90093413e+01 
 1.58489319e+06 -8.92675916e+01 
 1.99526231e+06 -8.94868690e+01 
 2.51188643e+06 -8.96788355e+01 
 3.16227766e+06 -8.98537062e+01 
 3.98107171e+06 -9.00207893e+01 
 5.01187234e+06 -9.01889800e+01 
 6.30957344e+06 -9.03672325e+01 
 7.94328235e+06 -9.05650360e+01 
 1.00000000e+07 -9.07929180e+01 
 1.25892541e+07 -9.10630022e+01 
 1.58489319e+07 -9.13896477e+01 
 1.99526231e+07 -9.17902025e+01 
 2.51188643e+07 -9.22859033e+01 
 3.16227766e+07 -9.29029605e+01 
 3.98107171e+07 -9.36738607e+01 
 5.01187234e+07 -9.46389123e+01 
 6.30957344e+07 -9.58480264e+01 
 7.94328235e+07 -9.73626502e+01 
 1.00000000e+08 -9.92576146e+01 
 1.25892541e+08 -1.01622337e+02 
 1.58489319e+08 -1.04560219e+02 
 1.99526231e+08 -1.08184005e+02 
 2.51188643e+08 -1.12603163e+02 
 3.16227766e+08 -1.17897036e+02 
 3.98107171e+08 -1.24065503e+02 
 5.01187234e+08 -1.30949568e+02 
 6.30957344e+08 -1.38122698e+02 
 7.94328235e+08 -1.44781862e+02 
 1.00000000e+09 -1.49761990e+02 
