 1.00000000e+00  1.96429791e+01 
 1.25892541e+00  1.96429791e+01 
 1.58489319e+00  1.96429791e+01 
 1.99526231e+00  1.96429791e+01 
 2.51188643e+00  1.96429791e+01 
 3.16227766e+00  1.96429791e+01 
 3.98107171e+00  1.96429791e+01 
 5.01187234e+00  1.96429791e+01 
 6.30957344e+00  1.96429791e+01 
 7.94328235e+00  1.96429791e+01 
 1.00000000e+01  1.96429791e+01 
 1.25892541e+01  1.96429791e+01 
 1.58489319e+01  1.96429791e+01 
 1.99526231e+01  1.96429791e+01 
 2.51188643e+01  1.96429791e+01 
 3.16227766e+01  1.96429791e+01 
 3.98107171e+01  1.96429791e+01 
 5.01187234e+01  1.96429791e+01 
 6.30957344e+01  1.96429790e+01 
 7.94328235e+01  1.96429790e+01 
 1.00000000e+02  1.96429790e+01 
 1.25892541e+02  1.96429789e+01 
 1.58489319e+02  1.96429788e+01 
 1.99526231e+02  1.96429786e+01 
 2.51188643e+02  1.96429783e+01 
 3.16227766e+02  1.96429778e+01 
 3.98107171e+02  1.96429771e+01 
 5.01187234e+02  1.96429759e+01 
 6.30957344e+02  1.96429741e+01 
 7.94328235e+02  1.96429712e+01 
 1.00000000e+03  1.96429665e+01 
 1.25892541e+03  1.96429592e+01 
 1.58489319e+03  1.96429475e+01 
 1.99526231e+03  1.96429291e+01 
 2.51188643e+03  1.96428998e+01 
 3.16227766e+03  1.96428535e+01 
 3.98107171e+03  1.96427800e+01 
 5.01187234e+03  1.96426635e+01 
 6.30957344e+03  1.96424790e+01 
 7.94328235e+03  1.96421865e+01 
 1.00000000e+04  1.96417230e+01 
 1.25892541e+04  1.96409884e+01 
 1.58489319e+04  1.96398245e+01 
 1.99526231e+04  1.96379805e+01 
 2.51188643e+04  1.96350596e+01 
 3.16227766e+04  1.96304342e+01 
 3.98107171e+04  1.96231135e+01 
 5.01187234e+04  1.96115361e+01 
 6.30957344e+04  1.95932504e+01 
 7.94328235e+04  1.95644261e+01 
 1.00000000e+05  1.95191310e+01 
 1.25892541e+05  1.94482971e+01 
 1.58489319e+05  1.93383470e+01 
 1.99526231e+05  1.91695966e+01 
 2.51188643e+05  1.89148918e+01 
 3.16227766e+05  1.85395211e+01 
 3.98107171e+05  1.80040007e+01 
 5.01187234e+05  1.72709917e+01 
 6.30957344e+05  1.63153080e+01 
 7.94328235e+05  1.51324763e+01 
 1.00000000e+06  1.37404041e+01 
 1.25892541e+06  1.21729685e+01 
 1.58489319e+06  1.04698733e+01 
 1.99526231e+06  8.66821854e+00 
 2.51188643e+06  6.79818963e+00 
 3.16227766e+06  4.88223742e+00 
 3.98107171e+06  2.93610763e+00 
 5.01187234e+06  9.70429051e-01 
 6.30957344e+06 -1.00779981e+00 
 7.94328235e+06 -2.99404592e+00 
 1.00000000e+07 -4.98540747e+00 
 1.25892541e+07 -6.98004673e+00 
 1.58489319e+07 -8.97681731e+00 
 1.99526231e+07 -1.09750264e+01 
 2.51188643e+07 -1.29742890e+01 
 3.16227766e+07 -1.49744464e+01 
 3.98107171e+07 -1.69755323e+01 
 5.01187234e+07 -1.89777793e+01 
 6.30957344e+07 -2.09816684e+01 
 7.94328235e+07 -2.29880288e+01 
 1.00000000e+08 -2.49982074e+01 
 1.25892541e+08 -2.70143364e+01 
 1.58489319e+08 -2.90397369e+01 
 1.99526231e+08 -3.10794967e+01 
 2.51188643e+08 -3.31412371e+01 
 3.16227766e+08 -3.52359880e+01 
 3.98107171e+08 -3.73788585e+01 
 5.01187234e+08 -3.95887462e+01 
 6.30957344e+08 -4.18857667e+01 
 7.94328235e+08 -4.42849657e+01 
 1.00000000e+09 -4.67863734e+01 
