 1.00000000e+00  1.96429859e+01 
 1.25892541e+00  1.96429859e+01 
 1.58489319e+00  1.96429859e+01 
 1.99526231e+00  1.96429859e+01 
 2.51188643e+00  1.96429859e+01 
 3.16227766e+00  1.96429859e+01 
 3.98107171e+00  1.96429859e+01 
 5.01187234e+00  1.96429859e+01 
 6.30957344e+00  1.96429859e+01 
 7.94328235e+00  1.96429859e+01 
 1.00000000e+01  1.96429859e+01 
 1.25892541e+01  1.96429859e+01 
 1.58489319e+01  1.96429859e+01 
 1.99526231e+01  1.96429859e+01 
 2.51188643e+01  1.96429859e+01 
 3.16227766e+01  1.96429859e+01 
 3.98107171e+01  1.96429859e+01 
 5.01187234e+01  1.96429859e+01 
 6.30957344e+01  1.96429859e+01 
 7.94328235e+01  1.96429859e+01 
 1.00000000e+02  1.96429858e+01 
 1.25892541e+02  1.96429857e+01 
 1.58489319e+02  1.96429856e+01 
 1.99526231e+02  1.96429854e+01 
 2.51188643e+02  1.96429851e+01 
 3.16227766e+02  1.96429847e+01 
 3.98107171e+02  1.96429839e+01 
 5.01187234e+02  1.96429828e+01 
 6.30957344e+02  1.96429809e+01 
 7.94328235e+02  1.96429780e+01 
 1.00000000e+03  1.96429733e+01 
 1.25892541e+03  1.96429659e+01 
 1.58489319e+03  1.96429542e+01 
 1.99526231e+03  1.96429357e+01 
 2.51188643e+03  1.96429063e+01 
 3.16227766e+03  1.96428597e+01 
 3.98107171e+03  1.96427859e+01 
 5.01187234e+03  1.96426688e+01 
 6.30957344e+03  1.96424834e+01 
 7.94328235e+03  1.96421894e+01 
 1.00000000e+04  1.96417236e+01 
 1.25892541e+04  1.96409855e+01 
 1.58489319e+04  1.96398159e+01 
 1.99526231e+04  1.96379628e+01 
 2.51188643e+04  1.96350275e+01 
 3.16227766e+04  1.96303794e+01 
 3.98107171e+04  1.96230229e+01 
 5.01187234e+04  1.96113890e+01 
 6.30957344e+04  1.95930142e+01 
 7.94328235e+04  1.95640503e+01 
 1.00000000e+05  1.95185378e+01 
 1.25892541e+05  1.94473682e+01 
 1.58489319e+05  1.93369080e+01 
 1.99526231e+05  1.91673995e+01 
 2.51188643e+05  1.89116049e+01 
 3.16227766e+05  1.85347407e+01 
 3.98107171e+05  1.79973020e+01 
 5.01187234e+05  1.72620237e+01 
 6.30957344e+05  1.63039033e+01 
 7.94328235e+05  1.51187124e+01 
 1.00000000e+06  1.37245740e+01 
 1.25892541e+06  1.21554816e+01 
 1.58489319e+06  1.04511488e+01 
 1.99526231e+06  8.64861657e+00 
 2.51188643e+06  6.77798658e+00 
 3.16227766e+06  4.86162945e+00 
 3.98107171e+06  2.91522544e+00 
 5.01187234e+06  9.49353518e-01 
 6.30957344e+06 -1.02902565e+00 
 7.94328235e+06 -3.01540987e+00 
 1.00000000e+07 -5.00692650e+00 
 1.25892541e+07 -7.00177100e+00 
 1.58489319e+07 -8.99884113e+00 
 1.99526231e+07 -1.09975086e+01 
 2.51188643e+07 -1.29974870e+01 
 3.16227766e+07 -1.49987714e+01 
 3.98107171e+07 -1.70016369e+01 
 5.01187234e+07 -1.90066957e+01 
 6.30957344e+07 -2.10150244e+01 
 7.94328235e+07 -2.30283815e+01 
 1.00000000e+08 -2.50495532e+01 
 1.25892541e+08 -2.70828691e+01 
 1.58489319e+08 -2.91349308e+01 
 1.99526231e+08 -3.12155471e+01 
 2.51188643e+08 -3.33387277e+01 
 3.16227766e+08 -3.55232491e+01 
 3.98107171e+08 -3.77917272e+01 
 5.01187234e+08 -4.01664993e+01 
 6.30957344e+08 -4.26607861e+01 
 7.94328235e+08 -4.52659926e+01 
 1.00000000e+09 -4.79408181e+01 
