 1.00000000e+00  9.73611312e-06 
 1.02329299e+00  9.63952458e-06 
 1.04712855e+00  9.54390308e-06 
 1.07151931e+00  9.44923881e-06 
 1.09647820e+00  9.35552209e-06 
 1.12201845e+00  9.26274332e-06 
 1.14815362e+00  9.17089303e-06 
 1.17489755e+00  9.07996180e-06 
 1.20226443e+00  8.98994035e-06 
 1.23026877e+00  8.90081947e-06 
 1.25892541e+00  8.81259005e-06 
 1.28824955e+00  8.72524309e-06 
 1.31825674e+00  8.63876964e-06 
 1.34896288e+00  8.55316089e-06 
 1.38038426e+00  8.46840809e-06 
 1.41253754e+00  8.38450259e-06 
 1.44543977e+00  8.30143582e-06 
 1.47910839e+00  8.21919932e-06 
 1.51356125e+00  8.13778469e-06 
 1.54881662e+00  8.05718364e-06 
 1.58489319e+00  7.97738793e-06 
 1.62181010e+00  7.89838945e-06 
 1.65958691e+00  7.82018013e-06 
 1.69824365e+00  7.74275201e-06 
 1.73780083e+00  7.66609721e-06 
 1.77827941e+00  7.59020792e-06 
 1.81970086e+00  7.51507640e-06 
 1.86208714e+00  7.44069503e-06 
 1.90546072e+00  7.36705621e-06 
 1.94984460e+00  7.29415247e-06 
 1.99526231e+00  7.22197639e-06 
 2.04173794e+00  7.15052062e-06 
 2.08929613e+00  7.07977791e-06 
 2.13796209e+00  7.00974107e-06 
 2.18776162e+00  6.94040297e-06 
 2.23872114e+00  6.87175657e-06 
 2.29086765e+00  6.80379490e-06 
 2.34422882e+00  6.73651106e-06 
 2.39883292e+00  6.66989822e-06 
 2.45470892e+00  6.60394962e-06 
 2.51188643e+00  6.53865855e-06 
 2.57039578e+00  6.47401842e-06 
 2.63026799e+00  6.41002264e-06 
 2.69153480e+00  6.34666474e-06 
 2.75422870e+00  6.28393829e-06 
 2.81838293e+00  6.22183693e-06 
 2.88403150e+00  6.16035438e-06 
 2.95120923e+00  6.09948440e-06 
 3.01995172e+00  6.03922082e-06 
 3.09029543e+00  5.97955755e-06 
 3.16227766e+00  5.92048853e-06 
 3.23593657e+00  5.86200781e-06 
 3.31131121e+00  5.80410945e-06 
 3.38844156e+00  5.74678760e-06 
 3.46736850e+00  5.69003646e-06 
 3.54813389e+00  5.63385029e-06 
 3.63078055e+00  5.57822341e-06 
 3.71535229e+00  5.52315019e-06 
 3.80189396e+00  5.46862508e-06 
 3.89045145e+00  5.41464256e-06 
 3.98107171e+00  5.36119718e-06 
 4.07380278e+00  5.30828355e-06 
 4.16869383e+00  5.25589631e-06 
 4.26579519e+00  5.20403018e-06 
 4.36515832e+00  5.15267993e-06 
 4.46683592e+00  5.10184038e-06 
 4.57088190e+00  5.05150639e-06 
 4.67735141e+00  5.00167289e-06 
 4.78630092e+00  4.95233485e-06 
 4.89778819e+00  4.90348731e-06 
 5.01187234e+00  4.85512533e-06 
 5.12861384e+00  4.80724404e-06 
 5.24807460e+00  4.75983863e-06 
 5.37031796e+00  4.71290430e-06 
 5.49540874e+00  4.66643635e-06 
 5.62341325e+00  4.62043009e-06 
 5.75439937e+00  4.57488088e-06 
 5.88843655e+00  4.52978415e-06 
 6.02559586e+00  4.48513535e-06 
 6.16595002e+00  4.44093000e-06 
 6.30957344e+00  4.39716365e-06 
 6.45654229e+00  4.35383189e-06 
 6.60693448e+00  4.31093038e-06 
 6.76082975e+00  4.26845480e-06 
 6.91830971e+00  4.22640088e-06 
 7.07945784e+00  4.18476439e-06 
 7.24435960e+00  4.14354116e-06 
 7.41310241e+00  4.10272704e-06 
 7.58577575e+00  4.06231794e-06 
 7.76247117e+00  4.02230980e-06 
 7.94328235e+00  3.98269860e-06 
 8.12830516e+00  3.94348037e-06 
 8.31763771e+00  3.90465118e-06 
 8.51138038e+00  3.86620712e-06 
 8.70963590e+00  3.82814435e-06 
 8.91250938e+00  3.79045905e-06 
 9.12010839e+00  3.75314744e-06 
 9.33254301e+00  3.71620579e-06 
 9.54992586e+00  3.67963038e-06 
 9.77237221e+00  3.64341756e-06 
 1.00000000e+01  3.60756370e-06 
 1.02329299e+01  3.57206521e-06 
 1.04712855e+01  3.53691854e-06 
 1.07151931e+01  3.50212016e-06 
 1.09647820e+01  3.46766659e-06 
 1.12201845e+01  3.43355440e-06 
 1.14815362e+01  3.39978016e-06 
 1.17489755e+01  3.36634049e-06 
 1.20226443e+01  3.33323206e-06 
 1.23026877e+01  3.30045155e-06 
 1.25892541e+01  3.26799569e-06 
 1.28824955e+01  3.23586123e-06 
 1.31825674e+01  3.20404497e-06 
 1.34896288e+01  3.17254372e-06 
 1.38038426e+01  3.14135433e-06 
 1.41253754e+01  3.11047370e-06 
 1.44543977e+01  3.07989874e-06 
 1.47910839e+01  3.04962640e-06 
 1.51356125e+01  3.01965366e-06 
 1.54881662e+01  2.98997752e-06 
 1.58489319e+01  2.96059503e-06 
 1.62181010e+01  2.93150326e-06 
 1.65958691e+01  2.90269930e-06 
 1.69824365e+01  2.87418028e-06 
 1.73780083e+01  2.84594336e-06 
 1.77827941e+01  2.81798573e-06 
 1.81970086e+01  2.79030460e-06 
 1.86208714e+01  2.76289721e-06 
 1.90546072e+01  2.73576084e-06 
 1.94984460e+01  2.70889277e-06 
 1.99526231e+01  2.68229034e-06 
 2.04173794e+01  2.65595090e-06 
 2.08929613e+01  2.62987182e-06 
 2.13796209e+01  2.60405051e-06 
 2.18776162e+01  2.57848440e-06 
 2.23872114e+01  2.55317095e-06 
 2.29086765e+01  2.52810764e-06 
 2.34422882e+01  2.50329198e-06 
 2.39883292e+01  2.47872150e-06 
 2.45470892e+01  2.45439376e-06 
 2.51188643e+01  2.43030634e-06 
 2.57039578e+01  2.40645685e-06 
 2.63026799e+01  2.38284292e-06 
 2.69153480e+01  2.35946220e-06 
 2.75422870e+01  2.33631237e-06 
 2.81838293e+01  2.31339113e-06 
 2.88403150e+01  2.29069622e-06 
 2.95120923e+01  2.26822536e-06 
 3.01995172e+01  2.24597634e-06 
 3.09029543e+01  2.22394695e-06 
 3.16227766e+01  2.20213501e-06 
 3.23593657e+01  2.18053834e-06 
 3.31131121e+01  2.15915480e-06 
 3.38844156e+01  2.13798229e-06 
 3.46736850e+01  2.11701869e-06 
 3.54813389e+01  2.09626194e-06 
 3.63078055e+01  2.07570997e-06 
 3.71535229e+01  2.05536075e-06 
 3.80189396e+01  2.03521226e-06 
 3.89045145e+01  2.01526250e-06 
 3.98107171e+01  1.99550951e-06 
 4.07380278e+01  1.97595132e-06 
 4.16869383e+01  1.95658601e-06 
 4.26579519e+01  1.93741164e-06 
 4.36515832e+01  1.91842634e-06 
 4.46683592e+01  1.89962821e-06 
 4.57088190e+01  1.88101539e-06 
 4.67735141e+01  1.86258606e-06 
 4.78630092e+01  1.84433838e-06 
 4.89778819e+01  1.82627055e-06 
 5.01187234e+01  1.80838079e-06 
 5.12861384e+01  1.79066733e-06 
 5.24807460e+01  1.77312841e-06 
 5.37031796e+01  1.75576230e-06 
 5.49540874e+01  1.73856730e-06 
 5.62341325e+01  1.72154169e-06 
 5.75439937e+01  1.70468380e-06 
 5.88843655e+01  1.68799197e-06 
 6.02559586e+01  1.67146454e-06 
 6.16595002e+01  1.65509989e-06 
 6.30957344e+01  1.63889641e-06 
 6.45654229e+01  1.62285248e-06 
 6.60693448e+01  1.60696653e-06 
 6.76082975e+01  1.59123700e-06 
 6.91830971e+01  1.57566233e-06 
 7.07945784e+01  1.56024098e-06 
 7.24435960e+01  1.54497144e-06 
 7.41310241e+01  1.52985220e-06 
 7.58577575e+01  1.51488177e-06 
 7.76247117e+01  1.50005867e-06 
 7.94328235e+01  1.48538145e-06 
 8.12830516e+01  1.47084867e-06 
 8.31763771e+01  1.45645887e-06 
 8.51138038e+01  1.44221067e-06 
 8.70963590e+01  1.42810263e-06 
 8.91250938e+01  1.41413339e-06 
 9.12010839e+01  1.40030157e-06 
 9.33254301e+01  1.38660580e-06 
 9.54992586e+01  1.37304473e-06 
 9.77237221e+01  1.35961704e-06 
 1.00000000e+02  1.34632140e-06 
 1.02329299e+02  1.33315650e-06 
 1.04712855e+02  1.32012105e-06 
 1.07151931e+02  1.30721377e-06 
 1.09647820e+02  1.29443339e-06 
 1.12201845e+02  1.28177865e-06 
 1.14815362e+02  1.26924832e-06 
 1.17489755e+02  1.25684115e-06 
 1.20226443e+02  1.24455593e-06 
 1.23026877e+02  1.23239146e-06 
 1.25892541e+02  1.22034653e-06 
 1.28824955e+02  1.20841997e-06 
 1.31825674e+02  1.19661061e-06 
 1.34896288e+02  1.18491728e-06 
 1.38038426e+02  1.17333884e-06 
 1.41253754e+02  1.16187415e-06 
 1.44543977e+02  1.15052209e-06 
 1.47910839e+02  1.13928155e-06 
 1.51356125e+02  1.12815141e-06 
 1.54881662e+02  1.11713060e-06 
 1.58489319e+02  1.10621802e-06 
 1.62181010e+02  1.09541262e-06 
 1.65958691e+02  1.08471332e-06 
 1.69824365e+02  1.07411909e-06 
 1.73780083e+02  1.06362888e-06 
 1.77827941e+02  1.05324166e-06 
 1.81970086e+02  1.04295643e-06 
 1.86208714e+02  1.03277216e-06 
 1.90546072e+02  1.02268787e-06 
 1.94984460e+02  1.01270256e-06 
 1.99526231e+02  1.00281527e-06 
 2.04173794e+02  9.93025007e-07 
 2.08929613e+02  9.83330831e-07 
 2.13796209e+02  9.73731789e-07 
 2.18776162e+02  9.64226940e-07 
 2.23872114e+02  9.54815356e-07 
 2.29086765e+02  9.45496115e-07 
 2.34422882e+02  9.36268307e-07 
 2.39883292e+02  9.27131028e-07 
 2.45470892e+02  9.18083385e-07 
 2.51188643e+02  9.09124494e-07 
 2.57039578e+02  9.00253479e-07 
 2.63026799e+02  8.91469472e-07 
 2.69153480e+02  8.82771617e-07 
 2.75422870e+02  8.74159062e-07 
 2.81838293e+02  8.65630966e-07 
 2.88403150e+02  8.57186497e-07 
 2.95120923e+02  8.48824829e-07 
 3.01995172e+02  8.40545146e-07 
 3.09029543e+02  8.32346639e-07 
 3.16227766e+02  8.24228509e-07 
 3.23593657e+02  8.16189962e-07 
 3.31131121e+02  8.08230215e-07 
 3.38844156e+02  8.00348489e-07 
 3.46736850e+02  7.92544018e-07 
 3.54813389e+02  7.84816038e-07 
 3.63078055e+02  7.77163796e-07 
 3.71535229e+02  7.69586546e-07 
 3.80189396e+02  7.62083548e-07 
 3.89045145e+02  7.54654072e-07 
 3.98107171e+02  7.47297393e-07 
 4.07380278e+02  7.40012793e-07 
 4.16869383e+02  7.32799564e-07 
 4.26579519e+02  7.25657001e-07 
 4.36515832e+02  7.18584409e-07 
 4.46683592e+02  7.11581099e-07 
 4.57088190e+02  7.04646388e-07 
 4.67735141e+02  6.97779602e-07 
 4.78630092e+02  6.90980070e-07 
 4.89778819e+02  6.84247133e-07 
 5.01187234e+02  6.77580132e-07 
 5.12861384e+02  6.70978421e-07 
 5.24807460e+02  6.64441355e-07 
 5.37031796e+02  6.57968300e-07 
 5.49540874e+02  6.51558624e-07 
 5.62341325e+02  6.45211705e-07 
 5.75439937e+02  6.38926924e-07 
 5.88843655e+02  6.32703671e-07 
 6.02559586e+02  6.26541340e-07 
 6.16595002e+02  6.20439332e-07 
 6.30957344e+02  6.14397054e-07 
 6.45654229e+02  6.08413917e-07 
 6.60693448e+02  6.02489342e-07 
 6.76082975e+02  5.96622750e-07 
 6.91830971e+02  5.90813574e-07 
 7.07945784e+02  5.85061247e-07 
 7.24435960e+02  5.79365211e-07 
 7.41310241e+02  5.73724913e-07 
 7.58577575e+02  5.68139804e-07 
 7.76247117e+02  5.62609343e-07 
 7.94328235e+02  5.57132992e-07 
 8.12830516e+02  5.51710220e-07 
 8.31763771e+02  5.46340499e-07 
 8.51138038e+02  5.41023309e-07 
 8.70963590e+02  5.35758134e-07 
 8.91250938e+02  5.30544462e-07 
 9.12010839e+02  5.25381788e-07 
 9.33254301e+02  5.20269610e-07 
 9.54992586e+02  5.15207433e-07 
 9.77237221e+02  5.10194765e-07 
 1.00000000e+03  5.05231121e-07 
 1.02329299e+03  5.00316019e-07 
 1.04712855e+03  4.95448982e-07 
 1.07151931e+03  4.90629538e-07 
 1.09647820e+03  4.85857221e-07 
 1.12201845e+03  4.81131567e-07 
 1.14815362e+03  4.76452119e-07 
 1.17489755e+03  4.71818423e-07 
 1.20226443e+03  4.67230029e-07 
 1.23026877e+03  4.62686495e-07 
 1.25892541e+03  4.58187378e-07 
 1.28824955e+03  4.53732244e-07 
 1.31825674e+03  4.49320660e-07 
 1.34896288e+03  4.44952200e-07 
 1.38038426e+03  4.40626441e-07 
 1.41253754e+03  4.36342964e-07 
 1.44543977e+03  4.32101353e-07 
 1.47910839e+03  4.27901199e-07 
 1.51356125e+03  4.23742095e-07 
 1.54881662e+03  4.19623638e-07 
 1.58489319e+03  4.15545430e-07 
 1.62181010e+03  4.11507077e-07 
 1.65958691e+03  4.07508187e-07 
 1.69824365e+03  4.03548373e-07 
 1.73780083e+03  3.99627253e-07 
 1.77827941e+03  3.95744448e-07 
 1.81970086e+03  3.91899582e-07 
 1.86208714e+03  3.88092283e-07 
 1.90546072e+03  3.84322183e-07 
 1.94984460e+03  3.80588917e-07 
 1.99526231e+03  3.76892126e-07 
 2.04173794e+03  3.73231450e-07 
 2.08929613e+03  3.69606538e-07 
 2.13796209e+03  3.66017038e-07 
 2.18776162e+03  3.62462603e-07 
 2.23872114e+03  3.58942891e-07 
 2.29086765e+03  3.55457561e-07 
 2.34422882e+03  3.52006276e-07 
 2.39883292e+03  3.48588704e-07 
 2.45470892e+03  3.45204514e-07 
 2.51188643e+03  3.41853379e-07 
 2.57039578e+03  3.38534976e-07 
 2.63026799e+03  3.35248985e-07 
 2.69153480e+03  3.31995089e-07 
 2.75422870e+03  3.28772972e-07 
 2.81838293e+03  3.25582325e-07 
 2.88403150e+03  3.22422840e-07 
 2.95120923e+03  3.19294211e-07 
 3.01995172e+03  3.16196136e-07 
 3.09029543e+03  3.13128318e-07 
 3.16227766e+03  3.10090460e-07 
 3.23593657e+03  3.07082269e-07 
 3.31131121e+03  3.04103455e-07 
 3.38844156e+03  3.01153730e-07 
 3.46736850e+03  2.98232811e-07 
 3.54813389e+03  2.95340416e-07 
 3.63078055e+03  2.92476265e-07 
 3.71535229e+03  2.89640084e-07 
 3.80189396e+03  2.86831597e-07 
 3.89045145e+03  2.84050536e-07 
 3.98107171e+03  2.81296632e-07 
 4.07380278e+03  2.78569619e-07 
 4.16869383e+03  2.75869234e-07 
 4.26579519e+03  2.73195219e-07 
 4.36515832e+03  2.70547315e-07 
 4.46683592e+03  2.67925266e-07 
 4.57088190e+03  2.65328822e-07 
 4.67735141e+03  2.62757731e-07 
 4.78630092e+03  2.60211746e-07 
 4.89778819e+03  2.57690621e-07 
 5.01187234e+03  2.55194116e-07 
 5.12861384e+03  2.52721988e-07 
 5.24807460e+03  2.50274000e-07 
 5.37031796e+03  2.47849916e-07 
 5.49540874e+03  2.45449504e-07 
 5.62341325e+03  2.43072532e-07 
 5.75439937e+03  2.40718771e-07 
 5.88843655e+03  2.38387995e-07 
 6.02559586e+03  2.36079981e-07 
 6.16595002e+03  2.33794505e-07 
 6.30957344e+03  2.31531348e-07 
 6.45654229e+03  2.29290293e-07 
 6.60693448e+03  2.27071124e-07 
 6.76082975e+03  2.24873627e-07 
 6.91830971e+03  2.22697592e-07 
 7.07945784e+03  2.20542809e-07 
 7.24435960e+03  2.18409071e-07 
 7.41310241e+03  2.16296173e-07 
 7.58577575e+03  2.14203912e-07 
 7.76247117e+03  2.12132087e-07 
 7.94328235e+03  2.10080498e-07 
 8.12830516e+03  2.08048950e-07 
 8.31763771e+03  2.06037245e-07 
 8.51138038e+03  2.04045193e-07 
 8.70963590e+03  2.02072600e-07 
 8.91250938e+03  2.00119278e-07 
 9.12010839e+03  1.98185038e-07 
 9.33254301e+03  1.96269696e-07 
 9.54992586e+03  1.94373067e-07 
 9.77237221e+03  1.92494970e-07 
 1.00000000e+04  1.90635223e-07 
 1.02329299e+04  1.88793649e-07 
 1.04712855e+04  1.86970070e-07 
 1.07151931e+04  1.85164312e-07 
 1.09647820e+04  1.83376201e-07 
 1.12201845e+04  1.81605566e-07 
 1.14815362e+04  1.79852237e-07 
 1.17489755e+04  1.78116046e-07 
 1.20226443e+04  1.76396825e-07 
 1.23026877e+04  1.74694411e-07 
 1.25892541e+04  1.73008640e-07 
 1.28824955e+04  1.71339350e-07 
 1.31825674e+04  1.69686381e-07 
 1.34896288e+04  1.68049574e-07 
 1.38038426e+04  1.66428773e-07 
 1.41253754e+04  1.64823822e-07 
 1.44543977e+04  1.63234568e-07 
 1.47910839e+04  1.61660858e-07 
 1.51356125e+04  1.60102541e-07 
 1.54881662e+04  1.58559467e-07 
 1.58489319e+04  1.57031490e-07 
 1.62181010e+04  1.55518462e-07 
 1.65958691e+04  1.54020238e-07 
 1.69824365e+04  1.52536676e-07 
 1.73780083e+04  1.51067632e-07 
 1.77827941e+04  1.49612966e-07 
 1.81970086e+04  1.48172539e-07 
 1.86208714e+04  1.46746213e-07 
 1.90546072e+04  1.45333851e-07 
 1.94984460e+04  1.43935317e-07 
 1.99526231e+04  1.42550479e-07 
 2.04173794e+04  1.41179203e-07 
 2.08929613e+04  1.39821357e-07 
 2.13796209e+04  1.38476813e-07 
 2.18776162e+04  1.37145441e-07 
 2.23872114e+04  1.35827114e-07 
 2.29086765e+04  1.34521705e-07 
 2.34422882e+04  1.33229090e-07 
 2.39883292e+04  1.31949145e-07 
 2.45470892e+04  1.30681747e-07 
 2.51188643e+04  1.29426775e-07 
 2.57039578e+04  1.28184110e-07 
 2.63026799e+04  1.26953631e-07 
 2.69153480e+04  1.25735222e-07 
 2.75422870e+04  1.24528766e-07 
 2.81838293e+04  1.23334147e-07 
 2.88403150e+04  1.22151251e-07 
 2.95120923e+04  1.20979965e-07 
 3.01995172e+04  1.19820177e-07 
 3.09029543e+04  1.18671776e-07 
 3.16227766e+04  1.17534652e-07 
 3.23593657e+04  1.16408696e-07 
 3.31131121e+04  1.15293802e-07 
 3.38844156e+04  1.14189861e-07 
 3.46736850e+04  1.13096769e-07 
 3.54813389e+04  1.12014421e-07 
 3.63078055e+04  1.10942714e-07 
 3.71535229e+04  1.09881544e-07 
 3.80189396e+04  1.08830812e-07 
 3.89045145e+04  1.07790415e-07 
 3.98107171e+04  1.06760256e-07 
 4.07380278e+04  1.05740235e-07 
 4.16869383e+04  1.04730254e-07 
 4.26579519e+04  1.03730218e-07 
 4.36515832e+04  1.02740031e-07 
 4.46683592e+04  1.01759598e-07 
 4.57088190e+04  1.00788825e-07 
 4.67735141e+04  9.98276203e-08 
 4.78630092e+04  9.88758912e-08 
 4.89778819e+04  9.79335469e-08 
 5.01187234e+04  9.70004975e-08 
 5.12861384e+04  9.60766539e-08 
 5.24807460e+04  9.51619277e-08 
 5.37031796e+04  9.42562317e-08 
 5.49540874e+04  9.33594792e-08 
 5.62341325e+04  9.24715846e-08 
 5.75439937e+04  9.15924631e-08 
 5.88843655e+04  9.07220307e-08 
 6.02559586e+04  8.98602044e-08 
 6.16595002e+04  8.90069017e-08 
 6.30957344e+04  8.81620412e-08 
 6.45654229e+04  8.73255421e-08 
 6.60693448e+04  8.64973247e-08 
 6.76082975e+04  8.56773098e-08 
 6.91830971e+04  8.48654190e-08 
 7.07945784e+04  8.40615749e-08 
 7.24435960e+04  8.32657007e-08 
 7.41310241e+04  8.24777203e-08 
 7.58577575e+04  8.16975586e-08 
 7.76247117e+04  8.09251410e-08 
 7.94328235e+04  8.01603937e-08 
 8.12830516e+04  7.94032438e-08 
 8.31763771e+04  7.86536189e-08 
 8.51138038e+04  7.79114474e-08 
 8.70963590e+04  7.71766585e-08 
 8.91250938e+04  7.64491819e-08 
 9.12010839e+04  7.57289483e-08 
 9.33254301e+04  7.50158888e-08 
 9.54992586e+04  7.43099353e-08 
 9.77237221e+04  7.36110204e-08 
 1.00000000e+05  7.29190774e-08 
 1.02329299e+05  7.22340401e-08 
 1.04712855e+05  7.15558431e-08 
 1.07151931e+05  7.08844217e-08 
 1.09647820e+05  7.02197117e-08 
 1.12201845e+05  6.95616496e-08 
 1.14815362e+05  6.89101726e-08 
 1.17489755e+05  6.82652183e-08 
 1.20226443e+05  6.76267253e-08 
 1.23026877e+05  6.69946324e-08 
 1.25892541e+05  6.63688792e-08 
 1.28824955e+05  6.57494061e-08 
 1.31825674e+05  6.51361537e-08 
 1.34896288e+05  6.45290634e-08 
 1.38038426e+05  6.39280773e-08 
 1.41253754e+05  6.33331379e-08 
 1.44543977e+05  6.27441882e-08 
 1.47910839e+05  6.21611720e-08 
 1.51356125e+05  6.15840336e-08 
 1.54881662e+05  6.10127176e-08 
 1.58489319e+05  6.04471696e-08 
 1.62181010e+05  5.98873353e-08 
 1.65958691e+05  5.93331612e-08 
 1.69824365e+05  5.87845943e-08 
 1.73780083e+05  5.82415821e-08 
 1.77827941e+05  5.77040725e-08 
 1.81970086e+05  5.71720142e-08 
 1.86208714e+05  5.66453562e-08 
 1.90546072e+05  5.61240480e-08 
 1.94984460e+05  5.56080397e-08 
 1.99526231e+05  5.50972818e-08 
 2.04173794e+05  5.45917255e-08 
 2.08929613e+05  5.40913222e-08 
 2.13796209e+05  5.35960239e-08 
 2.18776162e+05  5.31057832e-08 
 2.23872114e+05  5.26205531e-08 
 2.29086765e+05  5.21402869e-08 
 2.34422882e+05  5.16649385e-08 
 2.39883292e+05  5.11944624e-08 
 2.45470892e+05  5.07288133e-08 
 2.51188643e+05  5.02679465e-08 
 2.57039578e+05  4.98118177e-08 
 2.63026799e+05  4.93603830e-08 
 2.69153480e+05  4.89135990e-08 
 2.75422870e+05  4.84714228e-08 
 2.81838293e+05  4.80338118e-08 
 2.88403150e+05  4.76007237e-08 
 2.95120923e+05  4.71721170e-08 
 3.01995172e+05  4.67479503e-08 
 3.09029543e+05  4.63281827e-08 
 3.16227766e+05  4.59127736e-08 
 3.23593657e+05  4.55016831e-08 
 3.31131121e+05  4.50948713e-08 
 3.38844156e+05  4.46922990e-08 
 3.46736850e+05  4.42939273e-08 
 3.54813389e+05  4.38997176e-08 
 3.63078055e+05  4.35096318e-08 
 3.71535229e+05  4.31236321e-08 
 3.80189396e+05  4.27416810e-08 
 3.89045145e+05  4.23637416e-08 
 3.98107171e+05  4.19897771e-08 
 4.07380278e+05  4.16197512e-08 
 4.16869383e+05  4.12536280e-08 
 4.26579519e+05  4.08913718e-08 
 4.36515832e+05  4.05329474e-08 
 4.46683592e+05  4.01783198e-08 
 4.57088190e+05  3.98274545e-08 
 4.67735141e+05  3.94803172e-08 
 4.78630092e+05  3.91368741e-08 
 4.89778819e+05  3.87970914e-08 
 5.01187234e+05  3.84609359e-08 
 5.12861384e+05  3.81283748e-08 
 5.24807460e+05  3.77993753e-08 
 5.37031796e+05  3.74739053e-08 
 5.49540874e+05  3.71519325e-08 
 5.62341325e+05  3.68334255e-08 
 5.75439937e+05  3.65183528e-08 
 5.88843655e+05  3.62066832e-08 
 6.02559586e+05  3.58983861e-08 
 6.16595002e+05  3.55934308e-08 
 6.30957344e+05  3.52917873e-08 
 6.45654229e+05  3.49934255e-08 
 6.60693448e+05  3.46983158e-08 
 6.76082975e+05  3.44064289e-08 
 6.91830971e+05  3.41177356e-08 
 7.07945784e+05  3.38322072e-08 
 7.24435960e+05  3.35498151e-08 
 7.41310241e+05  3.32705309e-08 
 7.58577575e+05  3.29943268e-08 
 7.76247117e+05  3.27211748e-08 
 7.94328235e+05  3.24510476e-08 
 8.12830516e+05  3.21839178e-08 
 8.31763771e+05  3.19197585e-08 
 8.51138038e+05  3.16585428e-08 
 8.70963590e+05  3.14002443e-08 
 8.91250938e+05  3.11448367e-08 
 9.12010839e+05  3.08922939e-08 
 9.33254301e+05  3.06425901e-08 
 9.54992586e+05  3.03956998e-08 
 9.77237221e+05  3.01515976e-08 
 1.00000000e+06  2.99102583e-08 
 1.02329299e+06  2.96716571e-08 
 1.04712855e+06  2.94357693e-08 
 1.07151931e+06  2.92025703e-08 
 1.09647820e+06  2.89720360e-08 
 1.12201845e+06  2.87441423e-08 
 1.14815362e+06  2.85188653e-08 
 1.17489755e+06  2.82961813e-08 
 1.20226443e+06  2.80760671e-08 
 1.23026877e+06  2.78584992e-08 
 1.25892541e+06  2.76434547e-08 
 1.28824955e+06  2.74309107e-08 
 1.31825674e+06  2.72208445e-08 
 1.34896288e+06  2.70132337e-08 
 1.38038426e+06  2.68080560e-08 
 1.41253754e+06  2.66052892e-08 
 1.44543977e+06  2.64049114e-08 
 1.47910839e+06  2.62069008e-08 
 1.51356125e+06  2.60112359e-08 
 1.54881662e+06  2.58178953e-08 
 1.58489319e+06  2.56268577e-08 
 1.62181010e+06  2.54381020e-08 
 1.65958691e+06  2.52516074e-08 
 1.69824365e+06  2.50673530e-08 
 1.73780083e+06  2.48853183e-08 
 1.77827941e+06  2.47054828e-08 
 1.81970086e+06  2.45278263e-08 
 1.86208714e+06  2.43523286e-08 
 1.90546072e+06  2.41789698e-08 
 1.94984460e+06  2.40077300e-08 
 1.99526231e+06  2.38385895e-08 
 2.04173794e+06  2.36715288e-08 
 2.08929613e+06  2.35065285e-08 
 2.13796209e+06  2.33435694e-08 
 2.18776162e+06  2.31826322e-08 
 2.23872114e+06  2.30236981e-08 
 2.29086765e+06  2.28667481e-08 
 2.34422882e+06  2.27117635e-08 
 2.39883292e+06  2.25587258e-08 
 2.45470892e+06  2.24076165e-08 
 2.51188643e+06  2.22584172e-08 
 2.57039578e+06  2.21111097e-08 
 2.63026799e+06  2.19656759e-08 
 2.69153480e+06  2.18220979e-08 
 2.75422870e+06  2.16803578e-08 
 2.81838293e+06  2.15404379e-08 
 2.88403150e+06  2.14023205e-08 
 2.95120923e+06  2.12659881e-08 
 3.01995172e+06  2.11314233e-08 
 3.09029543e+06  2.09986090e-08 
 3.16227766e+06  2.08675278e-08 
 3.23593657e+06  2.07381627e-08 
 3.31131121e+06  2.06104969e-08 
 3.38844156e+06  2.04845133e-08 
 3.46736850e+06  2.03601954e-08 
 3.54813389e+06  2.02375264e-08 
 3.63078055e+06  2.01164898e-08 
 3.71535229e+06  1.99970692e-08 
 3.80189396e+06  1.98792483e-08 
 3.89045145e+06  1.97630108e-08 
 3.98107171e+06  1.96483406e-08 
 4.07380278e+06  1.95352217e-08 
 4.16869383e+06  1.94236381e-08 
 4.26579519e+06  1.93135740e-08 
 4.36515832e+06  1.92050137e-08 
 4.46683592e+06  1.90979414e-08 
 4.57088190e+06  1.89923417e-08 
 4.67735141e+06  1.88881992e-08 
 4.78630092e+06  1.87854983e-08 
 4.89778819e+06  1.86842239e-08 
 5.01187234e+06  1.85843608e-08 
 5.12861384e+06  1.84858939e-08 
 5.24807460e+06  1.83888082e-08 
 5.37031796e+06  1.82930888e-08 
 5.49540874e+06  1.81987209e-08 
 5.62341325e+06  1.81056897e-08 
 5.75439937e+06  1.80139807e-08 
 5.88843655e+06  1.79235792e-08 
 6.02559586e+06  1.78344709e-08 
 6.16595002e+06  1.77466414e-08 
 6.30957344e+06  1.76600763e-08 
 6.45654229e+06  1.75747616e-08 
 6.60693448e+06  1.74906831e-08 
 6.76082975e+06  1.74078268e-08 
 6.91830971e+06  1.73261788e-08 
 7.07945784e+06  1.72457253e-08 
 7.24435960e+06  1.71664526e-08 
 7.41310241e+06  1.70883469e-08 
 7.58577575e+06  1.70113947e-08 
 7.76247117e+06  1.69355826e-08 
 7.94328235e+06  1.68608973e-08 
 8.12830516e+06  1.67873253e-08 
 8.31763771e+06  1.67148535e-08 
 8.51138038e+06  1.66434688e-08 
 8.70963590e+06  1.65731582e-08 
 8.91250938e+06  1.65039087e-08 
 9.12010839e+06  1.64357076e-08 
 9.33254301e+06  1.63685420e-08 
 9.54992586e+06  1.63023994e-08 
 9.77237221e+06  1.62372671e-08 
 1.00000000e+07  1.61731327e-08 
 1.02329299e+07  1.61099838e-08 
 1.04712855e+07  1.60478082e-08 
 1.07151931e+07  1.59865936e-08 
 1.09647820e+07  1.59263280e-08 
 1.12201845e+07  1.58669993e-08 
 1.14815362e+07  1.58085957e-08 
 1.17489755e+07  1.57511053e-08 
 1.20226443e+07  1.56945164e-08 
 1.23026877e+07  1.56388174e-08 
 1.25892541e+07  1.55839967e-08 
 1.28824955e+07  1.55300430e-08 
 1.31825674e+07  1.54769449e-08 
 1.34896288e+07  1.54246911e-08 
 1.38038426e+07  1.53732705e-08 
 1.41253754e+07  1.53226720e-08 
 1.44543977e+07  1.52728848e-08 
 1.47910839e+07  1.52238979e-08 
 1.51356125e+07  1.51757007e-08 
 1.54881662e+07  1.51282823e-08 
 1.58489319e+07  1.50816324e-08 
 1.62181010e+07  1.50357404e-08 
 1.65958691e+07  1.49905960e-08 
 1.69824365e+07  1.49461888e-08 
 1.73780083e+07  1.49025089e-08 
 1.77827941e+07  1.48595460e-08 
 1.81970086e+07  1.48172903e-08 
 1.86208714e+07  1.47757318e-08 
 1.90546072e+07  1.47348608e-08 
 1.94984460e+07  1.46946677e-08 
 1.99526231e+07  1.46551429e-08 
 2.04173794e+07  1.46162769e-08 
 2.08929613e+07  1.45780605e-08 
 2.13796209e+07  1.45404842e-08 
 2.18776162e+07  1.45035390e-08 
 2.23872114e+07  1.44672159e-08 
 2.29086765e+07  1.44315058e-08 
 2.34422882e+07  1.43963999e-08 
 2.39883292e+07  1.43618896e-08 
 2.45470892e+07  1.43279661e-08 
 2.51188643e+07  1.42946208e-08 
 2.57039578e+07  1.42618454e-08 
 2.63026799e+07  1.42296316e-08 
 2.69153480e+07  1.41979710e-08 
 2.75422870e+07  1.41668556e-08 
 2.81838293e+07  1.41362773e-08 
 2.88403150e+07  1.41062282e-08 
 2.95120923e+07  1.40767005e-08 
 3.01995172e+07  1.40476864e-08 
 3.09029543e+07  1.40191784e-08 
 3.16227766e+07  1.39911689e-08 
 3.23593657e+07  1.39636505e-08 
 3.31131121e+07  1.39366159e-08 
 3.38844156e+07  1.39100578e-08 
 3.46736850e+07  1.38839692e-08 
 3.54813389e+07  1.38583431e-08 
 3.63078055e+07  1.38331726e-08 
 3.71535229e+07  1.38084509e-08 
 3.80189396e+07  1.37841712e-08 
 3.89045145e+07  1.37603271e-08 
 3.98107171e+07  1.37369119e-08 
 4.07380278e+07  1.37139194e-08 
 4.16869383e+07  1.36913433e-08 
 4.26579519e+07  1.36691773e-08 
 4.36515832e+07  1.36474153e-08 
 4.46683592e+07  1.36260516e-08 
 4.57088190e+07  1.36050801e-08 
 4.67735141e+07  1.35844951e-08 
 4.78630092e+07  1.35642909e-08 
 4.89778819e+07  1.35444621e-08 
 5.01187234e+07  1.35250031e-08 
 5.12861384e+07  1.35059086e-08 
 5.24807460e+07  1.34871735e-08 
 5.37031796e+07  1.34687925e-08 
 5.49540874e+07  1.34507606e-08 
 5.62341325e+07  1.34330730e-08 
 5.75439937e+07  1.34157247e-08 
 5.88843655e+07  1.33987113e-08 
 6.02559586e+07  1.33820279e-08 
 6.16595002e+07  1.33656703e-08 
 6.30957344e+07  1.33496339e-08 
 6.45654229e+07  1.33339147e-08 
 6.60693448e+07  1.33185083e-08 
 6.76082975e+07  1.33034108e-08 
 6.91830971e+07  1.32886183e-08 
 7.07945784e+07  1.32741270e-08 
 7.24435960e+07  1.32599331e-08 
 7.41310241e+07  1.32460332e-08 
 7.58577575e+07  1.32324238e-08 
 7.76247117e+07  1.32191016e-08 
 7.94328235e+07  1.32060633e-08 
 8.12830516e+07  1.31933059e-08 
 8.31763771e+07  1.31808265e-08 
 8.51138038e+07  1.31686222e-08 
 8.70963590e+07  1.31566904e-08 
 8.91250938e+07  1.31450284e-08 
 9.12010839e+07  1.31336338e-08 
 9.33254301e+07  1.31225044e-08 
 9.54992586e+07  1.31116380e-08 
 9.77237221e+07  1.31010326e-08 
 1.00000000e+08  1.30906863e-08 
 1.02329299e+08  1.30805974e-08 
 1.04712855e+08  1.30707643e-08 
 1.07151931e+08  1.30611856e-08 
 1.09647820e+08  1.30518601e-08 
 1.12201845e+08  1.30427866e-08 
 1.14815362e+08  1.30339642e-08 
 1.17489755e+08  1.30253921e-08 
 1.20226443e+08  1.30170698e-08 
 1.23026877e+08  1.30089967e-08 
 1.25892541e+08  1.30011728e-08 
 1.28824955e+08  1.29935978e-08 
 1.31825674e+08  1.29862719e-08 
 1.34896288e+08  1.29791955e-08 
 1.38038426e+08  1.29723690e-08 
 1.41253754e+08  1.29657932e-08 
 1.44543977e+08  1.29594691e-08 
 1.47910839e+08  1.29533977e-08 
 1.51356125e+08  1.29475805e-08 
 1.54881662e+08  1.29420190e-08 
 1.58489319e+08  1.29367151e-08 
 1.62181010e+08  1.29316709e-08 
 1.65958691e+08  1.29268887e-08 
 1.69824365e+08  1.29223711e-08 
 1.73780083e+08  1.29181210e-08 
 1.77827941e+08  1.29141415e-08 
 1.81970086e+08  1.29104359e-08 
 1.86208714e+08  1.29070080e-08 
 1.90546072e+08  1.29038618e-08 
 1.94984460e+08  1.29010016e-08 
 1.99526231e+08  1.28984319e-08 
 2.04173794e+08  1.28961578e-08 
 2.08929613e+08  1.28941845e-08 
 2.13796209e+08  1.28925176e-08 
 2.18776162e+08  1.28911630e-08 
 2.23872114e+08  1.28901272e-08 
 2.29086765e+08  1.28894167e-08 
 2.34422882e+08  1.28890388e-08 
 2.39883292e+08  1.28890008e-08 
 2.45470892e+08  1.28893107e-08 
 2.51188643e+08  1.28899768e-08 
 2.57039578e+08  1.28910077e-08 
 2.63026799e+08  1.28924126e-08 
 2.69153480e+08  1.28942012e-08 
 2.75422870e+08  1.28963835e-08 
 2.81838293e+08  1.28989700e-08 
 2.88403150e+08  1.29019717e-08 
 2.95120923e+08  1.29054001e-08 
 3.01995172e+08  1.29092671e-08 
 3.09029543e+08  1.29135852e-08 
 3.16227766e+08  1.29183674e-08 
 3.23593657e+08  1.29236272e-08 
 3.31131121e+08  1.29293786e-08 
 3.38844156e+08  1.29356361e-08 
 3.46736850e+08  1.29424148e-08 
 3.54813389e+08  1.29497302e-08 
 3.63078055e+08  1.29575985e-08 
 3.71535229e+08  1.29660363e-08 
 3.80189396e+08  1.29750609e-08 
 3.89045145e+08  1.29846898e-08 
 3.98107171e+08  1.29949415e-08 
 4.07380278e+08  1.30058344e-08 
 4.16869383e+08  1.30173881e-08 
 4.26579519e+08  1.30296220e-08 
 4.36515832e+08  1.30425565e-08 
 4.46683592e+08  1.30562121e-08 
 4.57088190e+08  1.30706099e-08 
 4.67735141e+08  1.30857715e-08 
 4.78630092e+08  1.31017186e-08 
 4.89778819e+08  1.31184733e-08 
 5.01187234e+08  1.31360582e-08 
 5.12861384e+08  1.31544959e-08 
 5.24807460e+08  1.31738094e-08 
 5.37031796e+08  1.31940217e-08 
 5.49540874e+08  1.32151559e-08 
 5.62341325e+08  1.32372351e-08 
 5.75439937e+08  1.32602825e-08 
 5.88843655e+08  1.32843209e-08 
 6.02559586e+08  1.33093732e-08 
 6.16595002e+08  1.33354617e-08 
 6.30957344e+08  1.33626084e-08 
 6.45654229e+08  1.33908348e-08 
 6.60693448e+08  1.34201618e-08 
 6.76082975e+08  1.34506093e-08 
 6.91830971e+08  1.34821967e-08 
 7.07945784e+08  1.35149421e-08 
 7.24435960e+08  1.35488626e-08 
 7.41310241e+08  1.35839738e-08 
 7.58577575e+08  1.36202901e-08 
 7.76247117e+08  1.36578241e-08 
 7.94328235e+08  1.36965866e-08 
 8.12830516e+08  1.37365865e-08 
 8.31763771e+08  1.37778307e-08 
 8.51138038e+08  1.38203235e-08 
 8.70963590e+08  1.38640670e-08 
 8.91250938e+08  1.39090604e-08 
 9.12010839e+08  1.39553001e-08 
 9.33254301e+08  1.40027797e-08 
 9.54992586e+08  1.40514891e-08 
 9.77237221e+08  1.41014153e-08 
 1.00000000e+09  1.41525414e-08 
