 1.00000000e+00  9.73611156e-06 
 1.02329299e+00  9.63952302e-06 
 1.04712855e+00  9.54390150e-06 
 1.07151931e+00  9.44923723e-06 
 1.09647820e+00  9.35552050e-06 
 1.12201845e+00  9.26274173e-06 
 1.14815362e+00  9.17089142e-06 
 1.17489755e+00  9.07996019e-06 
 1.20226443e+00  8.98993874e-06 
 1.23026877e+00  8.90081785e-06 
 1.25892541e+00  8.81258843e-06 
 1.28824955e+00  8.72524145e-06 
 1.31825674e+00  8.63876800e-06 
 1.34896288e+00  8.55315925e-06 
 1.38038426e+00  8.46840644e-06 
 1.41253754e+00  8.38450094e-06 
 1.44543977e+00  8.30143417e-06 
 1.47910839e+00  8.21919766e-06 
 1.51356125e+00  8.13778303e-06 
 1.54881662e+00  8.05718197e-06 
 1.58489319e+00  7.97738627e-06 
 1.62181010e+00  7.89838778e-06 
 1.65958691e+00  7.82017846e-06 
 1.69824365e+00  7.74275034e-06 
 1.73780083e+00  7.66609554e-06 
 1.77827941e+00  7.59020624e-06 
 1.81970086e+00  7.51507473e-06 
 1.86208714e+00  7.44069335e-06 
 1.90546072e+00  7.36705454e-06 
 1.94984460e+00  7.29415080e-06 
 1.99526231e+00  7.22197471e-06 
 2.04173794e+00  7.15051895e-06 
 2.08929613e+00  7.07977624e-06 
 2.13796209e+00  7.00973939e-06 
 2.18776162e+00  6.94040129e-06 
 2.23872114e+00  6.87175490e-06 
 2.29086765e+00  6.80379323e-06 
 2.34422882e+00  6.73650939e-06 
 2.39883292e+00  6.66989655e-06 
 2.45470892e+00  6.60394795e-06 
 2.51188643e+00  6.53865689e-06 
 2.57039578e+00  6.47401675e-06 
 2.63026799e+00  6.41002098e-06 
 2.69153480e+00  6.34666308e-06 
 2.75422870e+00  6.28393663e-06 
 2.81838293e+00  6.22183528e-06 
 2.88403150e+00  6.16035273e-06 
 2.95120923e+00  6.09948274e-06 
 3.01995172e+00  6.03921917e-06 
 3.09029543e+00  5.97955590e-06 
 3.16227766e+00  5.92048689e-06 
 3.23593657e+00  5.86200617e-06 
 3.31131121e+00  5.80410781e-06 
 3.38844156e+00  5.74678597e-06 
 3.46736850e+00  5.69003483e-06 
 3.54813389e+00  5.63384866e-06 
 3.63078055e+00  5.57822179e-06 
 3.71535229e+00  5.52314858e-06 
 3.80189396e+00  5.46862347e-06 
 3.89045145e+00  5.41464096e-06 
 3.98107171e+00  5.36119558e-06 
 4.07380278e+00  5.30828195e-06 
 4.16869383e+00  5.25589472e-06 
 4.26579519e+00  5.20402859e-06 
 4.36515832e+00  5.15267835e-06 
 4.46683592e+00  5.10183880e-06 
 4.57088190e+00  5.05150481e-06 
 4.67735141e+00  5.00167132e-06 
 4.78630092e+00  4.95233329e-06 
 4.89778819e+00  4.90348575e-06 
 5.01187234e+00  4.85512377e-06 
 5.12861384e+00  4.80724249e-06 
 5.24807460e+00  4.75983708e-06 
 5.37031796e+00  4.71290277e-06 
 5.49540874e+00  4.66643482e-06 
 5.62341325e+00  4.62042856e-06 
 5.75439937e+00  4.57487936e-06 
 5.88843655e+00  4.52978263e-06 
 6.02559586e+00  4.48513384e-06 
 6.16595002e+00  4.44092849e-06 
 6.30957344e+00  4.39716215e-06 
 6.45654229e+00  4.35383040e-06 
 6.60693448e+00  4.31092889e-06 
 6.76082975e+00  4.26845332e-06 
 6.91830971e+00  4.22639940e-06 
 7.07945784e+00  4.18476292e-06 
 7.24435960e+00  4.14353970e-06 
 7.41310241e+00  4.10272558e-06 
 7.58577575e+00  4.06231649e-06 
 7.76247117e+00  4.02230835e-06 
 7.94328235e+00  3.98269716e-06 
 8.12830516e+00  3.94347894e-06 
 8.31763771e+00  3.90464975e-06 
 8.51138038e+00  3.86620570e-06 
 8.70963590e+00  3.82814294e-06 
 8.91250938e+00  3.79045765e-06 
 9.12010839e+00  3.75314604e-06 
 9.33254301e+00  3.71620439e-06 
 9.54992586e+00  3.67962899e-06 
 9.77237221e+00  3.64341618e-06 
 1.00000000e+01  3.60756233e-06 
 1.02329299e+01  3.57206384e-06 
 1.04712855e+01  3.53691717e-06 
 1.07151931e+01  3.50211880e-06 
 1.09647820e+01  3.46766525e-06 
 1.12201845e+01  3.43355306e-06 
 1.14815362e+01  3.39977882e-06 
 1.17489755e+01  3.36633916e-06 
 1.20226443e+01  3.33323074e-06 
 1.23026877e+01  3.30045024e-06 
 1.25892541e+01  3.26799438e-06 
 1.28824955e+01  3.23585993e-06 
 1.31825674e+01  3.20404368e-06 
 1.34896288e+01  3.17254243e-06 
 1.38038426e+01  3.14135305e-06 
 1.41253754e+01  3.11047243e-06 
 1.44543977e+01  3.07989748e-06 
 1.47910839e+01  3.04962514e-06 
 1.51356125e+01  3.01965241e-06 
 1.54881662e+01  2.98997628e-06 
 1.58489319e+01  2.96059379e-06 
 1.62181010e+01  2.93150202e-06 
 1.65958691e+01  2.90269807e-06 
 1.69824365e+01  2.87417906e-06 
 1.73780083e+01  2.84594215e-06 
 1.77827941e+01  2.81798453e-06 
 1.81970086e+01  2.79030340e-06 
 1.86208714e+01  2.76289602e-06 
 1.90546072e+01  2.73575965e-06 
 1.94984460e+01  2.70889159e-06 
 1.99526231e+01  2.68228917e-06 
 2.04173794e+01  2.65594973e-06 
 2.08929613e+01  2.62987066e-06 
 2.13796209e+01  2.60404936e-06 
 2.18776162e+01  2.57848326e-06 
 2.23872114e+01  2.55316981e-06 
 2.29086765e+01  2.52810651e-06 
 2.34422882e+01  2.50329086e-06 
 2.39883292e+01  2.47872038e-06 
 2.45470892e+01  2.45439265e-06 
 2.51188643e+01  2.43030524e-06 
 2.57039578e+01  2.40645575e-06 
 2.63026799e+01  2.38284183e-06 
 2.69153480e+01  2.35946111e-06 
 2.75422870e+01  2.33631129e-06 
 2.81838293e+01  2.31339006e-06 
 2.88403150e+01  2.29069515e-06 
 2.95120923e+01  2.26822430e-06 
 3.01995172e+01  2.24597529e-06 
 3.09029543e+01  2.22394591e-06 
 3.16227766e+01  2.20213397e-06 
 3.23593657e+01  2.18053730e-06 
 3.31131121e+01  2.15915378e-06 
 3.38844156e+01  2.13798127e-06 
 3.46736850e+01  2.11701768e-06 
 3.54813389e+01  2.09626093e-06 
 3.63078055e+01  2.07570897e-06 
 3.71535229e+01  2.05535975e-06 
 3.80189396e+01  2.03521127e-06 
 3.89045145e+01  2.01526152e-06 
 3.98107171e+01  1.99550853e-06 
 4.07380278e+01  1.97595035e-06 
 4.16869383e+01  1.95658504e-06 
 4.26579519e+01  1.93741069e-06 
 4.36515832e+01  1.91842538e-06 
 4.46683592e+01  1.89962726e-06 
 4.57088190e+01  1.88101446e-06 
 4.67735141e+01  1.86258513e-06 
 4.78630092e+01  1.84433745e-06 
 4.89778819e+01  1.82626963e-06 
 5.01187234e+01  1.80837988e-06 
 5.12861384e+01  1.79066642e-06 
 5.24807460e+01  1.77312750e-06 
 5.37031796e+01  1.75576140e-06 
 5.49540874e+01  1.73856640e-06 
 5.62341325e+01  1.72154080e-06 
 5.75439937e+01  1.70468292e-06 
 5.88843655e+01  1.68799110e-06 
 6.02559586e+01  1.67146368e-06 
 6.16595002e+01  1.65509903e-06 
 6.30957344e+01  1.63889555e-06 
 6.45654229e+01  1.62285163e-06 
 6.60693448e+01  1.60696569e-06 
 6.76082975e+01  1.59123616e-06 
 6.91830971e+01  1.57566149e-06 
 7.07945784e+01  1.56024015e-06 
 7.24435960e+01  1.54497062e-06 
 7.41310241e+01  1.52985138e-06 
 7.58577575e+01  1.51488096e-06 
 7.76247117e+01  1.50005787e-06 
 7.94328235e+01  1.48538065e-06 
 8.12830516e+01  1.47084787e-06 
 8.31763771e+01  1.45645808e-06 
 8.51138038e+01  1.44220988e-06 
 8.70963590e+01  1.42810186e-06 
 8.91250938e+01  1.41413262e-06 
 9.12010839e+01  1.40030080e-06 
 9.33254301e+01  1.38660503e-06 
 9.54992586e+01  1.37304397e-06 
 9.77237221e+01  1.35961628e-06 
 1.00000000e+02  1.34632065e-06 
 1.02329299e+02  1.33315576e-06 
 1.04712855e+02  1.32012031e-06 
 1.07151931e+02  1.30721304e-06 
 1.09647820e+02  1.29443266e-06 
 1.12201845e+02  1.28177793e-06 
 1.14815362e+02  1.26924760e-06 
 1.17489755e+02  1.25684044e-06 
 1.20226443e+02  1.24455522e-06 
 1.23026877e+02  1.23239075e-06 
 1.25892541e+02  1.22034583e-06 
 1.28824955e+02  1.20841928e-06 
 1.31825674e+02  1.19660992e-06 
 1.34896288e+02  1.18491660e-06 
 1.38038426e+02  1.17333816e-06 
 1.41253754e+02  1.16187348e-06 
 1.44543977e+02  1.15052142e-06 
 1.47910839e+02  1.13928088e-06 
 1.51356125e+02  1.12815075e-06 
 1.54881662e+02  1.11712994e-06 
 1.58489319e+02  1.10621737e-06 
 1.62181010e+02  1.09541197e-06 
 1.65958691e+02  1.08471268e-06 
 1.69824365e+02  1.07411845e-06 
 1.73780083e+02  1.06362825e-06 
 1.77827941e+02  1.05324104e-06 
 1.81970086e+02  1.04295580e-06 
 1.86208714e+02  1.03277154e-06 
 1.90546072e+02  1.02268726e-06 
 1.94984460e+02  1.01270195e-06 
 1.99526231e+02  1.00281466e-06 
 2.04173794e+02  9.93024406e-07 
 2.08929613e+02  9.83330234e-07 
 2.13796209e+02  9.73731196e-07 
 2.18776162e+02  9.64226351e-07 
 2.23872114e+02  9.54814771e-07 
 2.29086765e+02  9.45495535e-07 
 2.34422882e+02  9.36267730e-07 
 2.39883292e+02  9.27130455e-07 
 2.45470892e+02  9.18082816e-07 
 2.51188643e+02  9.09123929e-07 
 2.57039578e+02  9.00252918e-07 
 2.63026799e+02  8.91468916e-07 
 2.69153480e+02  8.82771064e-07 
 2.75422870e+02  8.74158513e-07 
 2.81838293e+02  8.65630422e-07 
 2.88403150e+02  8.57185956e-07 
 2.95120923e+02  8.48824292e-07 
 3.01995172e+02  8.40544613e-07 
 3.09029543e+02  8.32346110e-07 
 3.16227766e+02  8.24227983e-07 
 3.23593657e+02  8.16189440e-07 
 3.31131121e+02  8.08229696e-07 
 3.38844156e+02  8.00347975e-07 
 3.46736850e+02  7.92543507e-07 
 3.54813389e+02  7.84815530e-07 
 3.63078055e+02  7.77163292e-07 
 3.71535229e+02  7.69586045e-07 
 3.80189396e+02  7.62083051e-07 
 3.89045145e+02  7.54653579e-07 
 3.98107171e+02  7.47296903e-07 
 4.07380278e+02  7.40012307e-07 
 4.16869383e+02  7.32799081e-07 
 4.26579519e+02  7.25656521e-07 
 4.36515832e+02  7.18583933e-07 
 4.46683592e+02  7.11580626e-07 
 4.57088190e+02  7.04645918e-07 
 4.67735141e+02  6.97779135e-07 
 4.78630092e+02  6.90979607e-07 
 4.89778819e+02  6.84246673e-07 
 5.01187234e+02  6.77579676e-07 
 5.12861384e+02  6.70977967e-07 
 5.24807460e+02  6.64440905e-07 
 5.37031796e+02  6.57967852e-07 
 5.49540874e+02  6.51558180e-07 
 5.62341325e+02  6.45211263e-07 
 5.75439937e+02  6.38926486e-07 
 5.88843655e+02  6.32703236e-07 
 6.02559586e+02  6.26540908e-07 
 6.16595002e+02  6.20438903e-07 
 6.30957344e+02  6.14396627e-07 
 6.45654229e+02  6.08413494e-07 
 6.60693448e+02  6.02488921e-07 
 6.76082975e+02  5.96622333e-07 
 6.91830971e+02  5.90813159e-07 
 7.07945784e+02  5.85060835e-07 
 7.24435960e+02  5.79364802e-07 
 7.41310241e+02  5.73724506e-07 
 7.58577575e+02  5.68139401e-07 
 7.76247117e+02  5.62608942e-07 
 7.94328235e+02  5.57132594e-07 
 8.12830516e+02  5.51709824e-07 
 8.31763771e+02  5.46340106e-07 
 8.51138038e+02  5.41022919e-07 
 8.70963590e+02  5.35757746e-07 
 8.91250938e+02  5.30544077e-07 
 9.12010839e+02  5.25381405e-07 
 9.33254301e+02  5.20269230e-07 
 9.54992586e+02  5.15207055e-07 
 9.77237221e+02  5.10194390e-07 
 1.00000000e+03  5.05230748e-07 
 1.02329299e+03  5.00315648e-07 
 1.04712855e+03  4.95448614e-07 
 1.07151931e+03  4.90629173e-07 
 1.09647820e+03  4.85856858e-07 
 1.12201845e+03  4.81131206e-07 
 1.14815362e+03  4.76451760e-07 
 1.17489755e+03  4.71818066e-07 
 1.20226443e+03  4.67229675e-07 
 1.23026877e+03  4.62686143e-07 
 1.25892541e+03  4.58187028e-07 
 1.28824955e+03  4.53731896e-07 
 1.31825674e+03  4.49320315e-07 
 1.34896288e+03  4.44951857e-07 
 1.38038426e+03  4.40626100e-07 
 1.41253754e+03  4.36342624e-07 
 1.44543977e+03  4.32101016e-07 
 1.47910839e+03  4.27900864e-07 
 1.51356125e+03  4.23741762e-07 
 1.54881662e+03  4.19623307e-07 
 1.58489319e+03  4.15545101e-07 
 1.62181010e+03  4.11506750e-07 
 1.65958691e+03  4.07507861e-07 
 1.69824365e+03  4.03548050e-07 
 1.73780083e+03  3.99626932e-07 
 1.77827941e+03  3.95744129e-07 
 1.81970086e+03  3.91899264e-07 
 1.86208714e+03  3.88091967e-07 
 1.90546072e+03  3.84321869e-07 
 1.94984460e+03  3.80588605e-07 
 1.99526231e+03  3.76891815e-07 
 2.04173794e+03  3.73231142e-07 
 2.08929613e+03  3.69606231e-07 
 2.13796209e+03  3.66016732e-07 
 2.18776162e+03  3.62462300e-07 
 2.23872114e+03  3.58942589e-07 
 2.29086765e+03  3.55457260e-07 
 2.34422882e+03  3.52005978e-07 
 2.39883292e+03  3.48588407e-07 
 2.45470892e+03  3.45204218e-07 
 2.51188643e+03  3.41853085e-07 
 2.57039578e+03  3.38534684e-07 
 2.63026799e+03  3.35248694e-07 
 2.69153480e+03  3.31994799e-07 
 2.75422870e+03  3.28772684e-07 
 2.81838293e+03  3.25582039e-07 
 2.88403150e+03  3.22422554e-07 
 2.95120923e+03  3.19293927e-07 
 3.01995172e+03  3.16195854e-07 
 3.09029543e+03  3.13128037e-07 
 3.16227766e+03  3.10090180e-07 
 3.23593657e+03  3.07081991e-07 
 3.31131121e+03  3.04103178e-07 
 3.38844156e+03  3.01153455e-07 
 3.46736850e+03  2.98232537e-07 
 3.54813389e+03  2.95340143e-07 
 3.63078055e+03  2.92475993e-07 
 3.71535229e+03  2.89639813e-07 
 3.80189396e+03  2.86831328e-07 
 3.89045145e+03  2.84050268e-07 
 3.98107171e+03  2.81296364e-07 
 4.07380278e+03  2.78569352e-07 
 4.16869383e+03  2.75868969e-07 
 4.26579519e+03  2.73194955e-07 
 4.36515832e+03  2.70547052e-07 
 4.46683592e+03  2.67925004e-07 
 4.57088190e+03  2.65328561e-07 
 4.67735141e+03  2.62757471e-07 
 4.78630092e+03  2.60211487e-07 
 4.89778819e+03  2.57690363e-07 
 5.01187234e+03  2.55193858e-07 
 5.12861384e+03  2.52721731e-07 
 5.24807460e+03  2.50273744e-07 
 5.37031796e+03  2.47849662e-07 
 5.49540874e+03  2.45449250e-07 
 5.62341325e+03  2.43072279e-07 
 5.75439937e+03  2.40718519e-07 
 5.88843655e+03  2.38387744e-07 
 6.02559586e+03  2.36079730e-07 
 6.16595002e+03  2.33794255e-07 
 6.30957344e+03  2.31531099e-07 
 6.45654229e+03  2.29290045e-07 
 6.60693448e+03  2.27070876e-07 
 6.76082975e+03  2.24873380e-07 
 6.91830971e+03  2.22697346e-07 
 7.07945784e+03  2.20542563e-07 
 7.24435960e+03  2.18408826e-07 
 7.41310241e+03  2.16295929e-07 
 7.58577575e+03  2.14203668e-07 
 7.76247117e+03  2.12131844e-07 
 7.94328235e+03  2.10080256e-07 
 8.12830516e+03  2.08048708e-07 
 8.31763771e+03  2.06037004e-07 
 8.51138038e+03  2.04044952e-07 
 8.70963590e+03  2.02072359e-07 
 8.91250938e+03  2.00119038e-07 
 9.12010839e+03  1.98184799e-07 
 9.33254301e+03  1.96269457e-07 
 9.54992586e+03  1.94372829e-07 
 9.77237221e+03  1.92494731e-07 
 1.00000000e+04  1.90634985e-07 
 1.02329299e+04  1.88793411e-07 
 1.04712855e+04  1.86969833e-07 
 1.07151931e+04  1.85164075e-07 
 1.09647820e+04  1.83375965e-07 
 1.12201845e+04  1.81605330e-07 
 1.14815362e+04  1.79852001e-07 
 1.17489755e+04  1.78115810e-07 
 1.20226443e+04  1.76396590e-07 
 1.23026877e+04  1.74694176e-07 
 1.25892541e+04  1.73008404e-07 
 1.28824955e+04  1.71339114e-07 
 1.31825674e+04  1.69686145e-07 
 1.34896288e+04  1.68049339e-07 
 1.38038426e+04  1.66428538e-07 
 1.41253754e+04  1.64823588e-07 
 1.44543977e+04  1.63234333e-07 
 1.47910839e+04  1.61660623e-07 
 1.51356125e+04  1.60102306e-07 
 1.54881662e+04  1.58559233e-07 
 1.58489319e+04  1.57031255e-07 
 1.62181010e+04  1.55518227e-07 
 1.65958691e+04  1.54020003e-07 
 1.69824365e+04  1.52536441e-07 
 1.73780083e+04  1.51067397e-07 
 1.77827941e+04  1.49612731e-07 
 1.81970086e+04  1.48172304e-07 
 1.86208714e+04  1.46745977e-07 
 1.90546072e+04  1.45333615e-07 
 1.94984460e+04  1.43935081e-07 
 1.99526231e+04  1.42550243e-07 
 2.04173794e+04  1.41178966e-07 
 2.08929613e+04  1.39821121e-07 
 2.13796209e+04  1.38476576e-07 
 2.18776162e+04  1.37145204e-07 
 2.23872114e+04  1.35826876e-07 
 2.29086765e+04  1.34521467e-07 
 2.34422882e+04  1.33228852e-07 
 2.39883292e+04  1.31948906e-07 
 2.45470892e+04  1.30681508e-07 
 2.51188643e+04  1.29426536e-07 
 2.57039578e+04  1.28183870e-07 
 2.63026799e+04  1.26953391e-07 
 2.69153480e+04  1.25734981e-07 
 2.75422870e+04  1.24528524e-07 
 2.81838293e+04  1.23333905e-07 
 2.88403150e+04  1.22151008e-07 
 2.95120923e+04  1.20979722e-07 
 3.01995172e+04  1.19819933e-07 
 3.09029543e+04  1.18671531e-07 
 3.16227766e+04  1.17534407e-07 
 3.23593657e+04  1.16408451e-07 
 3.31131121e+04  1.15293555e-07 
 3.38844156e+04  1.14189614e-07 
 3.46736850e+04  1.13096521e-07 
 3.54813389e+04  1.12014173e-07 
 3.63078055e+04  1.10942465e-07 
 3.71535229e+04  1.09881294e-07 
 3.80189396e+04  1.08830561e-07 
 3.89045145e+04  1.07790164e-07 
 3.98107171e+04  1.06760004e-07 
 4.07380278e+04  1.05739982e-07 
 4.16869383e+04  1.04730000e-07 
 4.26579519e+04  1.03729963e-07 
 4.36515832e+04  1.02739775e-07 
 4.46683592e+04  1.01759341e-07 
 4.57088190e+04  1.00788568e-07 
 4.67735141e+04  9.98273615e-08 
 4.78630092e+04  9.88756314e-08 
 4.89778819e+04  9.79332861e-08 
 5.01187234e+04  9.70002356e-08 
 5.12861384e+04  9.60763909e-08 
 5.24807460e+04  9.51616636e-08 
 5.37031796e+04  9.42559664e-08 
 5.49540874e+04  9.33592128e-08 
 5.62341325e+04  9.24713170e-08 
 5.75439937e+04  9.15921944e-08 
 5.88843655e+04  9.07217608e-08 
 6.02559586e+04  8.98599332e-08 
 6.16595002e+04  8.90066293e-08 
 6.30957344e+04  8.81617675e-08 
 6.45654229e+04  8.73252671e-08 
 6.60693448e+04  8.64970484e-08 
 6.76082975e+04  8.56770321e-08 
 6.91830971e+04  8.48651400e-08 
 7.07945784e+04  8.40612944e-08 
 7.24435960e+04  8.32654188e-08 
 7.41310241e+04  8.24774370e-08 
 7.58577575e+04  8.16972738e-08 
 7.76247117e+04  8.09248547e-08 
 7.94328235e+04  8.01601059e-08 
 8.12830516e+04  7.94029545e-08 
 8.31763771e+04  7.86533280e-08 
 8.51138038e+04  7.79111549e-08 
 8.70963590e+04  7.71763644e-08 
 8.91250938e+04  7.64488862e-08 
 9.12010839e+04  7.57286509e-08 
 9.33254301e+04  7.50155897e-08 
 9.54992586e+04  7.43096346e-08 
 9.77237221e+04  7.36107179e-08 
 1.00000000e+05  7.29187731e-08 
 1.02329299e+05  7.22337341e-08 
 1.04712855e+05  7.15555353e-08 
 1.07151931e+05  7.08841121e-08 
 1.09647820e+05  7.02194002e-08 
 1.12201845e+05  6.95613362e-08 
 1.14815362e+05  6.89098573e-08 
 1.17489755e+05  6.82649011e-08 
 1.20226443e+05  6.76264061e-08 
 1.23026877e+05  6.69943112e-08 
 1.25892541e+05  6.63685561e-08 
 1.28824955e+05  6.57490809e-08 
 1.31825674e+05  6.51358264e-08 
 1.34896288e+05  6.45287341e-08 
 1.38038426e+05  6.39277459e-08 
 1.41253754e+05  6.33328043e-08 
 1.44543977e+05  6.27438525e-08 
 1.47910839e+05  6.21608341e-08 
 1.51356125e+05  6.15836935e-08 
 1.54881662e+05  6.10123753e-08 
 1.58489319e+05  6.04468250e-08 
 1.62181010e+05  5.98869884e-08 
 1.65958691e+05  5.93328120e-08 
 1.69824365e+05  5.87842427e-08 
 1.73780083e+05  5.82412281e-08 
 1.77827941e+05  5.77037162e-08 
 1.81970086e+05  5.71716555e-08 
 1.86208714e+05  5.66449950e-08 
 1.90546072e+05  5.61236843e-08 
 1.94984460e+05  5.56076735e-08 
 1.99526231e+05  5.50969132e-08 
 2.04173794e+05  5.45913543e-08 
 2.08929613e+05  5.40909484e-08 
 2.13796209e+05  5.35956475e-08 
 2.18776162e+05  5.31054042e-08 
 2.23872114e+05  5.26201714e-08 
 2.29086765e+05  5.21399025e-08 
 2.34422882e+05  5.16645515e-08 
 2.39883292e+05  5.11940726e-08 
 2.45470892e+05  5.07284207e-08 
 2.51188643e+05  5.02675511e-08 
 2.57039578e+05  4.98114195e-08 
 2.63026799e+05  4.93599820e-08 
 2.69153480e+05  4.89131952e-08 
 2.75422870e+05  4.84710161e-08 
 2.81838293e+05  4.80334021e-08 
 2.88403150e+05  4.76003111e-08 
 2.95120923e+05  4.71717015e-08 
 3.01995172e+05  4.67475317e-08 
 3.09029543e+05  4.63277611e-08 
 3.16227766e+05  4.59123490e-08 
 3.23593657e+05  4.55012553e-08 
 3.31131121e+05  4.50944405e-08 
 3.38844156e+05  4.46918651e-08 
 3.46736850e+05  4.42934902e-08 
 3.54813389e+05  4.38992774e-08 
 3.63078055e+05  4.35091884e-08 
 3.71535229e+05  4.31231854e-08 
 3.80189396e+05  4.27412311e-08 
 3.89045145e+05  4.23632884e-08 
 3.98107171e+05  4.19893206e-08 
 4.07380278e+05  4.16192914e-08 
 4.16869383e+05  4.12531648e-08 
 4.26579519e+05  4.08909053e-08 
 4.36515832e+05  4.05324775e-08 
 4.46683592e+05  4.01778465e-08 
 4.57088190e+05  3.98269777e-08 
 4.67735141e+05  3.94798370e-08 
 4.78630092e+05  3.91363903e-08 
 4.89778819e+05  3.87966041e-08 
 5.01187234e+05  3.84604452e-08 
 5.12861384e+05  3.81278805e-08 
 5.24807460e+05  3.77988775e-08 
 5.37031796e+05  3.74734038e-08 
 5.49540874e+05  3.71514275e-08 
 5.62341325e+05  3.68329168e-08 
 5.75439937e+05  3.65178404e-08 
 5.88843655e+05  3.62061672e-08 
 6.02559586e+05  3.58978664e-08 
 6.16595002e+05  3.55929074e-08 
 6.30957344e+05  3.52912602e-08 
 6.45654229e+05  3.49928946e-08 
 6.60693448e+05  3.46977812e-08 
 6.76082975e+05  3.44058905e-08 
 6.91830971e+05  3.41171934e-08 
 7.07945784e+05  3.38316612e-08 
 7.24435960e+05  3.35492653e-08 
 7.41310241e+05  3.32699773e-08 
 7.58577575e+05  3.29937693e-08 
 7.76247117e+05  3.27206135e-08 
 7.94328235e+05  3.24504824e-08 
 8.12830516e+05  3.21833488e-08 
 8.31763771e+05  3.19191855e-08 
 8.51138038e+05  3.16579660e-08 
 8.70963590e+05  3.13996636e-08 
 8.91250938e+05  3.11442520e-08 
 9.12010839e+05  3.08917053e-08 
 9.33254301e+05  3.06419976e-08 
 9.54992586e+05  3.03951034e-08 
 9.77237221e+05  3.01509972e-08 
 1.00000000e+06  2.99096540e-08 
 1.02329299e+06  2.96710489e-08 
 1.04712855e+06  2.94351572e-08 
 1.07151931e+06  2.92019543e-08 
 1.09647820e+06  2.89714160e-08 
 1.12201845e+06  2.87435184e-08 
 1.14815362e+06  2.85182375e-08 
 1.17489755e+06  2.82955497e-08 
 1.20226443e+06  2.80754315e-08 
 1.23026877e+06  2.78578597e-08 
 1.25892541e+06  2.76428114e-08 
 1.28824955e+06  2.74302635e-08 
 1.31825674e+06  2.72201935e-08 
 1.34896288e+06  2.70125788e-08 
 1.38038426e+06  2.68073973e-08 
 1.41253754e+06  2.66046266e-08 
 1.44543977e+06  2.64042451e-08 
 1.47910839e+06  2.62062308e-08 
 1.51356125e+06  2.60105622e-08 
 1.54881662e+06  2.58172179e-08 
 1.58489319e+06  2.56261766e-08 
 1.62181010e+06  2.54374173e-08 
 1.65958691e+06  2.52509190e-08 
 1.69824365e+06  2.50666611e-08 
 1.73780083e+06  2.48846228e-08 
 1.77827941e+06  2.47047839e-08 
 1.81970086e+06  2.45271239e-08 
 1.86208714e+06  2.43516228e-08 
 1.90546072e+06  2.41782607e-08 
 1.94984460e+06  2.40070176e-08 
 1.99526231e+06  2.38378738e-08 
 2.04173794e+06  2.36708100e-08 
 2.08929613e+06  2.35058066e-08 
 2.13796209e+06  2.33428443e-08 
 2.18776162e+06  2.31819042e-08 
 2.23872114e+06  2.30229671e-08 
 2.29086765e+06  2.28660143e-08 
 2.34422882e+06  2.27110269e-08 
 2.39883292e+06  2.25579865e-08 
 2.45470892e+06  2.24068746e-08 
 2.51188643e+06  2.22576728e-08 
 2.57039578e+06  2.21103629e-08 
 2.63026799e+06  2.19649268e-08 
 2.69153480e+06  2.18213465e-08 
 2.75422870e+06  2.16796043e-08 
 2.81838293e+06  2.15396823e-08 
 2.88403150e+06  2.14015630e-08 
 2.95120923e+06  2.12652288e-08 
 3.01995172e+06  2.11306624e-08 
 3.09029543e+06  2.09978465e-08 
 3.16227766e+06  2.08667640e-08 
 3.23593657e+06  2.07373976e-08 
 3.31131121e+06  2.06097307e-08 
 3.38844156e+06  2.04837462e-08 
 3.46736850e+06  2.03594274e-08 
 3.54813389e+06  2.02367578e-08 
 3.63078055e+06  2.01157208e-08 
 3.71535229e+06  1.99962999e-08 
 3.80189396e+06  1.98784789e-08 
 3.89045145e+06  1.97622415e-08 
 3.98107171e+06  1.96475716e-08 
 4.07380278e+06  1.95344532e-08 
 4.16869383e+06  1.94228704e-08 
 4.26579519e+06  1.93128072e-08 
 4.36515832e+06  1.92042480e-08 
 4.46683592e+06  1.90971772e-08 
 4.57088190e+06  1.89915792e-08 
 4.67735141e+06  1.88874386e-08 
 4.78630092e+06  1.87847399e-08 
 4.89778819e+06  1.86834680e-08 
 5.01187234e+06  1.85836077e-08 
 5.12861384e+06  1.84851439e-08 
 5.24807460e+06  1.83880616e-08 
 5.37031796e+06  1.82923458e-08 
 5.49540874e+06  1.81979820e-08 
 5.62341325e+06  1.81049552e-08 
 5.75439937e+06  1.80132509e-08 
 5.88843655e+06  1.79228546e-08 
 6.02559586e+06  1.78337518e-08 
 6.16595002e+06  1.77459282e-08 
 6.30957344e+06  1.76593695e-08 
 6.45654229e+06  1.75740616e-08 
 6.60693448e+06  1.74899903e-08 
 6.76082975e+06  1.74071417e-08 
 6.91830971e+06  1.73255019e-08 
 7.07945784e+06  1.72450571e-08 
 7.24435960e+06  1.71657935e-08 
 7.41310241e+06  1.70876976e-08 
 7.58577575e+06  1.70107558e-08 
 7.76247117e+06  1.69349546e-08 
 7.94328235e+06  1.68602807e-08 
 8.12830516e+06  1.67867208e-08 
 8.31763771e+06  1.67142618e-08 
 8.51138038e+06  1.66428906e-08 
 8.70963590e+06  1.65725941e-08 
 8.91250938e+06  1.65033595e-08 
 9.12010839e+06  1.64351740e-08 
 9.33254301e+06  1.63680249e-08 
 9.54992586e+06  1.63018995e-08 
 9.77237221e+06  1.62367852e-08 
 1.00000000e+07  1.61726698e-08 
 1.02329299e+07  1.61095408e-08 
 1.04712855e+07  1.60473860e-08 
 1.07151931e+07  1.59861932e-08 
 1.09647820e+07  1.59259503e-08 
 1.12201845e+07  1.58666455e-08 
 1.14815362e+07  1.58082668e-08 
 1.17489755e+07  1.57508025e-08 
 1.20226443e+07  1.56942408e-08 
 1.23026877e+07  1.56385703e-08 
 1.25892541e+07  1.55837794e-08 
 1.28824955e+07  1.55298568e-08 
 1.31825674e+07  1.54767911e-08 
 1.34896288e+07  1.54245712e-08 
 1.38038426e+07  1.53731860e-08 
 1.41253754e+07  1.53226245e-08 
 1.44543977e+07  1.52728758e-08 
 1.47910839e+07  1.52239291e-08 
 1.51356125e+07  1.51757738e-08 
 1.54881662e+07  1.51283992e-08 
 1.58489319e+07  1.50817949e-08 
 1.62181010e+07  1.50359504e-08 
 1.65958691e+07  1.49908556e-08 
 1.69824365e+07  1.49465002e-08 
 1.73780083e+07  1.49028741e-08 
 1.77827941e+07  1.48599674e-08 
 1.81970086e+07  1.48177702e-08 
 1.86208714e+07  1.47762728e-08 
 1.90546072e+07  1.47354655e-08 
 1.94984460e+07  1.46953386e-08 
 1.99526231e+07  1.46558829e-08 
 2.04173794e+07  1.46170889e-08 
 2.08929613e+07  1.45789474e-08 
 2.13796209e+07  1.45414492e-08 
 2.18776162e+07  1.45045854e-08 
 2.23872114e+07  1.44683470e-08 
 2.29086765e+07  1.44327253e-08 
 2.34422882e+07  1.43977114e-08 
 2.39883292e+07  1.43632969e-08 
 2.45470892e+07  1.43294732e-08 
 2.51188643e+07  1.42962320e-08 
 2.57039578e+07  1.42635650e-08 
 2.63026799e+07  1.42314640e-08 
 2.69153480e+07  1.41999210e-08 
 2.75422870e+07  1.41689281e-08 
 2.81838293e+07  1.41384773e-08 
 2.88403150e+07  1.41085612e-08 
 2.95120923e+07  1.40791719e-08 
 3.01995172e+07  1.40503021e-08 
 3.09029543e+07  1.40219443e-08 
 3.16227766e+07  1.39940913e-08 
 3.23593657e+07  1.39667360e-08 
 3.31131121e+07  1.39398713e-08 
 3.38844156e+07  1.39134902e-08 
 3.46736850e+07  1.38875861e-08 
 3.54813389e+07  1.38621522e-08 
 3.63078055e+07  1.38371819e-08 
 3.71535229e+07  1.38126687e-08 
 3.80189396e+07  1.37886065e-08 
 3.89045145e+07  1.37649888e-08 
 3.98107171e+07  1.37418097e-08 
 4.07380278e+07  1.37190632e-08 
 4.16869383e+07  1.36967433e-08 
 4.26579519e+07  1.36748445e-08 
 4.36515832e+07  1.36533610e-08 
 4.46683592e+07  1.36322873e-08 
 4.57088190e+07  1.36116183e-08 
 4.67735141e+07  1.35913485e-08 
 4.78630092e+07  1.35714729e-08 
 4.89778819e+07  1.35519865e-08 
 5.01187234e+07  1.35328846e-08 
 5.12861384e+07  1.35141623e-08 
 5.24807460e+07  1.34958151e-08 
 5.37031796e+07  1.34778385e-08 
 5.49540874e+07  1.34602283e-08 
 5.62341325e+07  1.34429803e-08 
 5.75439937e+07  1.34260905e-08 
 5.88843655e+07  1.34095550e-08 
 6.02559586e+07  1.33933700e-08 
 6.16595002e+07  1.33775319e-08 
 6.30957344e+07  1.33620374e-08 
 6.45654229e+07  1.33468832e-08 
 6.60693448e+07  1.33320660e-08 
 6.76082975e+07  1.33175830e-08 
 6.91830971e+07  1.33034313e-08 
 7.07945784e+07  1.32896083e-08 
 7.24435960e+07  1.32761115e-08 
 7.41310241e+07  1.32629385e-08 
 7.58577575e+07  1.32500874e-08 
 7.76247117e+07  1.32375560e-08 
 7.94328235e+07  1.32253426e-08 
 8.12830516e+07  1.32134456e-08 
 8.31763771e+07  1.32018637e-08 
 8.51138038e+07  1.31905955e-08 
 8.70963590e+07  1.31796401e-08 
 8.91250938e+07  1.31689967e-08 
 9.12010839e+07  1.31586647e-08 
 9.33254301e+07  1.31486438e-08 
 9.54992586e+07  1.31389336e-08 
 9.77237221e+07  1.31295344e-08 
 1.00000000e+08  1.31204463e-08 
 1.02329299e+08  1.31116700e-08 
 1.04712855e+08  1.31032062e-08 
 1.07151931e+08  1.30950560e-08 
 1.09647820e+08  1.30872205e-08 
 1.12201845e+08  1.30797014e-08 
 1.14815362e+08  1.30725005e-08 
 1.17489755e+08  1.30656199e-08 
 1.20226443e+08  1.30590620e-08 
 1.23026877e+08  1.30528295e-08 
 1.25892541e+08  1.30469253e-08 
 1.28824955e+08  1.30413528e-08 
 1.31825674e+08  1.30361156e-08 
 1.34896288e+08  1.30312177e-08 
 1.38038426e+08  1.30266634e-08 
 1.41253754e+08  1.30224574e-08 
 1.44543977e+08  1.30186046e-08 
 1.47910839e+08  1.30151105e-08 
 1.51356125e+08  1.30119809e-08 
 1.54881662e+08  1.30092218e-08 
 1.58489319e+08  1.30068399e-08 
 1.62181010e+08  1.30048423e-08 
 1.65958691e+08  1.30032362e-08 
 1.69824365e+08  1.30020297e-08 
 1.73780083e+08  1.30012309e-08 
 1.77827941e+08  1.30008487e-08 
 1.81970086e+08  1.30008923e-08 
 1.86208714e+08  1.30013714e-08 
 1.90546072e+08  1.30022963e-08 
 1.94984460e+08  1.30036777e-08 
 1.99526231e+08  1.30055268e-08 
 2.04173794e+08  1.30078555e-08 
 2.08929613e+08  1.30106760e-08 
 2.13796209e+08  1.30140011e-08 
 2.18776162e+08  1.30178444e-08 
 2.23872114e+08  1.30222197e-08 
 2.29086765e+08  1.30271416e-08 
 2.34422882e+08  1.30326253e-08 
 2.39883292e+08  1.30386864e-08 
 2.45470892e+08  1.30453413e-08 
 2.51188643e+08  1.30526067e-08 
 2.57039578e+08  1.30605003e-08 
 2.63026799e+08  1.30690400e-08 
 2.69153480e+08  1.30782445e-08 
 2.75422870e+08  1.30881330e-08 
 2.81838293e+08  1.30987253e-08 
 2.88403150e+08  1.31100418e-08 
 2.95120923e+08  1.31221035e-08 
 3.01995172e+08  1.31349317e-08 
 3.09029543e+08  1.31485484e-08 
 3.16227766e+08  1.31629761e-08 
 3.23593657e+08  1.31782377e-08 
 3.31131121e+08  1.31943565e-08 
 3.38844156e+08  1.32113565e-08 
 3.46736850e+08  1.32292615e-08 
 3.54813389e+08  1.32480961e-08 
 3.63078055e+08  1.32678849e-08 
 3.71535229e+08  1.32886528e-08 
 3.80189396e+08  1.33104248e-08 
 3.89045145e+08  1.33332260e-08 
 3.98107171e+08  1.33570813e-08 
 4.07380278e+08  1.33820157e-08 
 4.16869383e+08  1.34080539e-08 
 4.26579519e+08  1.34352202e-08 
 4.36515832e+08  1.34635388e-08 
 4.46683592e+08  1.34930332e-08 
 4.57088190e+08  1.35237258e-08 
 4.67735141e+08  1.35556388e-08 
 4.78630092e+08  1.35887932e-08 
 4.89778819e+08  1.36232087e-08 
 5.01187234e+08  1.36589041e-08 
 5.12861384e+08  1.36958964e-08 
 5.24807460e+08  1.37342011e-08 
 5.37031796e+08  1.37738318e-08 
 5.49540874e+08  1.38148002e-08 
 5.62341325e+08  1.38571153e-08 
 5.75439937e+08  1.39007844e-08 
 5.88843655e+08  1.39458111e-08 
 6.02559586e+08  1.39921970e-08 
 6.16595002e+08  1.40399402e-08 
 6.30957344e+08  1.40890350e-08 
 6.45654229e+08  1.41394726e-08 
 6.60693448e+08  1.41912403e-08 
 6.76082975e+08  1.42443208e-08 
 6.91830971e+08  1.42986930e-08 
 7.07945784e+08  1.43543309e-08 
 7.24435960e+08  1.44112038e-08 
 7.41310241e+08  1.44692762e-08 
 7.58577575e+08  1.45285072e-08 
 7.76247117e+08  1.45888510e-08 
 7.94328235e+08  1.46502557e-08 
 8.12830516e+08  1.47126638e-08 
 8.31763771e+08  1.47760129e-08 
 8.51138038e+08  1.48402339e-08 
 8.70963590e+08  1.49052523e-08 
 8.91250938e+08  1.49709877e-08 
 9.12010839e+08  1.50373540e-08 
 9.33254301e+08  1.51042591e-08 
 9.54992586e+08  1.51716059e-08 
 9.77237221e+08  1.52392910e-08 
 1.00000000e+09  1.53072065e-08 
