 1.00000000e+00 -9.74850574e-05 
 1.25892541e+00 -1.22726416e-04 
 1.58489319e+00 -1.54503404e-04 
 1.99526231e+00 -1.94508261e-04 
 2.51188643e+00 -2.44871393e-04 
 3.16227766e+00 -3.08274819e-04 
 3.98107171e+00 -3.88095004e-04 
 5.01187234e+00 -4.88582662e-04 
 6.30957344e+00 -6.15089129e-04 
 7.94328235e+00 -7.74351335e-04 
 1.00000000e+01 -9.74850574e-04 
 1.25892541e+01 -1.22726416e-03 
 1.58489319e+01 -1.54503404e-03 
 1.99526231e+01 -1.94508261e-03 
 2.51188643e+01 -2.44871393e-03 
 3.16227766e+01 -3.08274819e-03 
 3.98107171e+01 -3.88095003e-03 
 5.01187234e+01 -4.88582661e-03 
 6.30957344e+01 -6.15089127e-03 
 7.94328235e+01 -7.74351331e-03 
 1.00000000e+02 -9.74850565e-03 
 1.25892541e+02 -1.22726414e-02 
 1.58489319e+02 -1.54503400e-02 
 1.99526231e+02 -1.94508254e-02 
 2.51188643e+02 -2.44871378e-02 
 3.16227766e+02 -3.08274789e-02 
 3.98107171e+02 -3.88094944e-02 
 5.01187234e+02 -4.88582544e-02 
 6.30957344e+02 -6.15088893e-02 
 7.94328235e+02 -7.74350865e-02 
 1.00000000e+03 -9.74849634e-02 
 1.25892541e+03 -1.22726229e-01 
 1.58489319e+03 -1.54503030e-01 
 1.99526231e+03 -1.94507515e-01 
 2.51188643e+03 -2.44869904e-01 
 3.16227766e+03 -3.08271848e-01 
 3.98107171e+03 -3.88089075e-01 
 5.01187234e+03 -4.88570833e-01 
 6.30957344e+03 -6.15065528e-01 
 7.94328235e+03 -7.74304246e-01 
 1.00000000e+04 -9.74756625e-01 
 1.25892541e+04 -1.22707673e+00 
 1.58489319e+04 -1.54466012e+00 
 1.99526231e+04 -1.94433673e+00 
 2.51188643e+04 -2.44722630e+00 
 3.16227766e+04 -3.07978188e+00 
 3.98107171e+04 -3.87503746e+00 
 5.01187234e+04 -4.87404835e+00 
 6.30957344e+04 -6.12744995e+00 
 7.94328235e+04 -7.69692808e+00 
 1.00000000e+05 -9.65613803e+00 
 1.25892541e+05 -1.20901498e+01 
 1.58489319e+05 -1.50917642e+01 
 1.99526231e+05 -1.87521095e+01 
 2.51188643e+05 -2.31423410e+01 
 3.16227766e+05 -2.82846163e+01 
 3.98107171e+05 -3.41163696e+01 
 5.01187234e+05 -4.04630265e+01 
 6.30957344e+05 -4.70431012e+01 
 7.94328235e+05 -5.35199034e+01 
 1.00000000e+06 -5.95821828e+01 
 1.25892541e+06 -6.50111121e+01 
 1.58489319e+06 -6.97031598e+01 
 1.99526231e+06 -7.36524634e+01 
 2.51188643e+06 -7.69159156e+01 
 3.16227766e+06 -7.95805873e+01 
 3.98107171e+06 -8.17413510e+01 
 5.01187234e+06 -8.34884685e+01 
 6.30957344e+06 -8.49021328e+01 
 7.94328235e+06 -8.60510515e+01 
 1.00000000e+07 -8.69930678e+01 
 1.25892541e+07 -8.77766568e+01 
 1.58489319e+07 -8.84426909e+01 
 1.99526231e+07 -8.90261992e+01 
 2.51188643e+07 -8.95580162e+01 
 3.16227766e+07 -9.00663067e+01 
 3.98107171e+07 -9.05779879e+01 
 5.01187234e+07 -9.11200880e+01 
 6.30957344e+07 -9.17210772e+01 
 7.94328235e+07 -9.24121880e+01 
 1.00000000e+08 -9.32287031e+01 
 1.25892541e+08 -9.42111022e+01 
 1.58489319e+08 -9.54058019e+01 
 1.99526231e+08 -9.68649267e+01 
 2.51188643e+08 -9.86440700e+01 
 3.16227766e+08 -1.00796330e+02 
 3.98107171e+08 -1.03360327e+02 
 5.01187234e+08 -1.06340398e+02 
 6.30957344e+08 -1.09680876e+02 
 7.94328235e+08 -1.13245353e+02 
 1.00000000e+09 -1.16823273e+02 
