 1.00000000e+00 -9.77377368e-05 
 1.25892541e+00 -1.23044521e-04 
 1.58489319e+00 -1.54903874e-04 
 1.99526231e+00 -1.95012423e-04 
 2.51188643e+00 -2.45506095e-04 
 3.16227766e+00 -3.09073862e-04 
 3.98107171e+00 -3.89100939e-04 
 5.01187234e+00 -4.89849059e-04 
 6.30957344e+00 -6.16683429e-04 
 7.94328235e+00 -7.76358440e-04 
 1.00000000e+01 -9.77377368e-04 
 1.25892541e+01 -1.23044521e-03 
 1.58489319e+01 -1.54903874e-03 
 1.99526231e+01 -1.95012423e-03 
 2.51188643e+01 -2.45506095e-03 
 3.16227766e+01 -3.09073861e-03 
 3.98107171e+01 -3.89100938e-03 
 5.01187234e+01 -4.89849058e-03 
 6.30957344e+01 -6.16683426e-03 
 7.94328235e+01 -7.76358435e-03 
 1.00000000e+02 -9.77377359e-03 
 1.25892541e+02 -1.23044519e-02 
 1.58489319e+02 -1.54903870e-02 
 1.99526231e+02 -1.95012416e-02 
 2.51188643e+02 -2.45506080e-02 
 3.16227766e+02 -3.09073832e-02 
 3.98107171e+02 -3.89100879e-02 
 5.01187234e+02 -4.89848940e-02 
 6.30957344e+02 -6.16683191e-02 
 7.94328235e+02 -7.76357965e-02 
 1.00000000e+03 -9.77376422e-02 
 1.25892541e+03 -1.23044332e-01 
 1.58489319e+03 -1.54903497e-01 
 1.99526231e+03 -1.95011671e-01 
 2.51188643e+03 -2.45504595e-01 
 3.16227766e+03 -3.09070868e-01 
 3.98107171e+03 -3.89094966e-01 
 5.01187234e+03 -4.89837143e-01 
 6.30957344e+03 -6.16659653e-01 
 7.94328235e+03 -7.76311003e-01 
 1.00000000e+04 -9.77282725e-01 
 1.25892541e+04 -1.23025639e+00 
 1.58489319e+04 -1.54866206e+00 
 1.99526231e+04 -1.94937285e+00 
 2.51188643e+04 -2.45356235e+00 
 3.16227766e+04 -3.08775044e+00 
 3.98107171e+04 -3.88505324e+00 
 5.01187234e+04 -4.88662563e+00 
 6.30957344e+04 -6.14322070e+00 
 7.94328235e+04 -7.71665772e+00 
 1.00000000e+05 -9.68073189e+00 
 1.25892541e+05 -1.21206371e+01 
 1.58489319e+05 -1.51292373e+01 
 1.99526231e+05 -1.87975861e+01 
 2.51188643e+05 -2.31965181e+01 
 3.16227766e+05 -2.83475166e+01 
 3.98107171e+05 -3.41869782e+01 
 5.01187234e+05 -4.05391434e+01 
 6.30957344e+05 -4.71216594e+01 
 7.94328235e+05 -5.35977580e+01 
 1.00000000e+06 -5.96569994e+01 
 1.25892541e+06 -6.50818968e+01 
 1.58489319e+06 -6.97702892e+01 
 1.99526231e+06 -7.37174079e+01 
 2.51188643e+06 -7.69809159e+01 
 3.16227766e+06 -7.96484338e+01 
 3.98107171e+06 -8.18152988e+01 
 5.01187234e+06 -8.35722684e+01 
 6.30957344e+06 -8.50001503e+01 
 7.94328235e+06 -8.61684546e+01 
 1.00000000e+07 -8.71360785e+01 
 1.25892541e+07 -8.79528674e+01 
 1.58489319e+07 -8.86614568e+01 
 1.99526231e+07 -8.92991231e+01 
 2.51188643e+07 -8.98995427e+01 
 3.16227766e+07 -9.04944469e+01 
 3.98107171e+07 -9.11151915e+01 
 5.01187234e+07 -9.17942665e+01 
 6.30957344e+07 -9.25667492e+01 
 7.94328235e+07 -9.34716446e+01 
 1.00000000e+08 -9.45529427e+01 
 1.25892541e+08 -9.58599945e+01 
 1.58489319e+08 -9.74464176e+01 
 1.99526231e+08 -9.93661086e+01 
 2.51188643e+08 -1.01664142e+02 
 3.16227766e+08 -1.04359846e+02 
 3.98107171e+08 -1.07420664e+02 
 5.01187234e+08 -1.10731304e+02 
 6.30957344e+08 -1.14075007e+02 
 7.94328235e+08 -1.17156897e+02 
 1.00000000e+09 -1.19694595e+02 
