 1.00000000e+00  3.91115067e+01 
 1.25892541e+00  3.91115067e+01 
 1.58489319e+00  3.91115067e+01 
 1.99526231e+00  3.91115067e+01 
 2.51188643e+00  3.91115066e+01 
 3.16227766e+00  3.91115066e+01 
 3.98107171e+00  3.91115066e+01 
 5.01187234e+00  3.91115066e+01 
 6.30957344e+00  3.91115066e+01 
 7.94328235e+00  3.91115066e+01 
 1.00000000e+01  3.91115065e+01 
 1.25892541e+01  3.91115064e+01 
 1.58489319e+01  3.91115063e+01 
 1.99526231e+01  3.91115060e+01 
 2.51188643e+01  3.91115056e+01 
 3.16227766e+01  3.91115050e+01 
 3.98107171e+01  3.91115041e+01 
 5.01187234e+01  3.91115026e+01 
 6.30957344e+01  3.91115002e+01 
 7.94328235e+01  3.91114965e+01 
 1.00000000e+02  3.91114905e+01 
 1.25892541e+02  3.91114811e+01 
 1.58489319e+02  3.91114661e+01 
 1.99526231e+02  3.91114424e+01 
 2.51188643e+02  3.91114048e+01 
 3.16227766e+02  3.91113452e+01 
 3.98107171e+02  3.91112508e+01 
 5.01187234e+02  3.91111012e+01 
 6.30957344e+02  3.91108640e+01 
 7.94328235e+02  3.91104882e+01 
 1.00000000e+03  3.91098926e+01 
 1.25892541e+03  3.91089488e+01 
 1.58489319e+03  3.91074534e+01 
 1.99526231e+03  3.91050844e+01 
 2.51188643e+03  3.91013324e+01 
 3.16227766e+03  3.90953926e+01 
 3.98107171e+03  3.90859953e+01 
 5.01187234e+03  3.90711431e+01 
 6.30957344e+03  3.90477074e+01 
 7.94328235e+03  3.90108214e+01 
 1.00000000e+04  3.89529954e+01 
 1.25892541e+04  3.88628959e+01 
 1.58489319e+04  3.87238197e+01 
 1.99526231e+04  3.85121346e+01 
 2.51188643e+04  3.81964388e+01 
 3.16227766e+04  3.77388261e+01 
 3.98107171e+04  3.70998593e+01 
 5.01187234e+04  3.62475283e+01 
 6.30957344e+04  3.51672062e+01 
 7.94328235e+04  3.38669663e+01 
 1.00000000e+05  3.23745886e+01 
 1.25892541e+05  3.07283726e+01 
 1.58489319e+05  2.89673978e+01 
 1.99526231e+05  2.71252751e+01 
 2.51188643e+05  2.52279252e+01 
 3.16227766e+05  2.32939638e+01 
 3.98107171e+05  2.13361538e+01 
 5.01187234e+05  1.93629858e+01 
 6.30957344e+05  1.73800005e+01 
 7.94328235e+05  1.53907691e+01 
 1.00000000e+06  1.33975754e+01 
 1.25892541e+06  1.14018720e+01 
 1.58489319e+06  9.40458004e+00 
 1.99526231e+06  7.40628128e+00 
 2.51188643e+06  5.40734194e+00 
 3.16227766e+06  3.40799056e+00 
 3.98107171e+06  1.40836698e+00 
 5.01187234e+06 -5.91447627e-01 
 6.30957344e+06 -2.59141326e+00 
 7.94328235e+06 -4.59152252e+00 
 1.00000000e+07 -6.59179898e+00 
 1.25892541e+07 -8.59230232e+00 
 1.58489319e+07 -1.05931412e+01 
 1.99526231e+07 -1.25944965e+01 
 2.51188643e+07 -1.45966609e+01 
 3.16227766e+07 -1.66001010e+01 
 3.98107171e+07 -1.86055589e+01 
 5.01187234e+07 -2.06142108e+01 
 6.30957344e+07 -2.26279196e+01 
 7.94328235e+07 -2.46496329e+01 
 1.00000000e+08 -2.66840085e+01 
 1.25892541e+08 -2.87383931e+01 
 1.58489319e+08 -3.08243393e+01 
 1.99526231e+08 -3.29599216e+01 
 2.51188643e+08 -3.51731751e+01 
 3.16227766e+08 -3.75069187e+01 
 3.98107171e+08 -4.00246924e+01 
 5.01187234e+08 -4.28154920e+01 
 6.30957344e+08 -4.59887444e+01 
 7.94328235e+08 -4.96350228e+01 
 1.00000000e+09 -5.37000134e+01 
