 1.00000000e+00  3.91114611e+01 
 1.25892541e+00  3.91114611e+01 
 1.58489319e+00  3.91114611e+01 
 1.99526231e+00  3.91114611e+01 
 2.51188643e+00  3.91114611e+01 
 3.16227766e+00  3.91114611e+01 
 3.98107171e+00  3.91114611e+01 
 5.01187234e+00  3.91114610e+01 
 6.30957344e+00  3.91114610e+01 
 7.94328235e+00  3.91114610e+01 
 1.00000000e+01  3.91114609e+01 
 1.25892541e+01  3.91114608e+01 
 1.58489319e+01  3.91114607e+01 
 1.99526231e+01  3.91114604e+01 
 2.51188643e+01  3.91114601e+01 
 3.16227766e+01  3.91114595e+01 
 3.98107171e+01  3.91114585e+01 
 5.01187234e+01  3.91114570e+01 
 6.30957344e+01  3.91114546e+01 
 7.94328235e+01  3.91114509e+01 
 1.00000000e+02  3.91114449e+01 
 1.25892541e+02  3.91114354e+01 
 1.58489319e+02  3.91114204e+01 
 1.99526231e+02  3.91113967e+01 
 2.51188643e+02  3.91113590e+01 
 3.16227766e+02  3.91112993e+01 
 3.98107171e+02  3.91112047e+01 
 5.01187234e+02  3.91110547e+01 
 6.30957344e+02  3.91108171e+01 
 7.94328235e+02  3.91104405e+01 
 1.00000000e+03  3.91098436e+01 
 1.25892541e+03  3.91088979e+01 
 1.58489319e+03  3.91073994e+01 
 1.99526231e+03  3.91050255e+01 
 2.51188643e+03  3.91012658e+01 
 3.16227766e+03  3.90953137e+01 
 3.98107171e+03  3.90858970e+01 
 5.01187234e+03  3.90710142e+01 
 6.30957344e+03  3.90475305e+01 
 7.94328235e+03  3.90105695e+01 
 1.00000000e+04  3.89526271e+01 
 1.25892541e+04  3.88623493e+01 
 1.58489319e+04  3.87230052e+01 
 1.99526231e+04  3.85109283e+01 
 2.51188643e+04  3.81946828e+01 
 3.16227766e+04  3.77363410e+01 
 3.98107171e+04  3.70964767e+01 
 5.01187234e+04  3.62431368e+01 
 6.30957344e+04  3.51617903e+01 
 7.94328235e+04  3.38606122e+01 
 1.00000000e+05  3.23674529e+01 
 1.25892541e+05  3.07206357e+01 
 1.58489319e+05  2.89592261e+01 
 1.99526231e+05  2.71168027e+01 
 2.51188643e+05  2.52192513e+01 
 3.16227766e+05  2.32851577e+01 
 3.98107171e+05  2.13272619e+01 
 5.01187234e+05  1.93540386e+01 
 6.30957344e+05  1.73710175e+01 
 7.94328235e+05  1.53817627e+01 
 1.00000000e+06  1.33885528e+01 
 1.25892541e+06  1.13928373e+01 
 1.58489319e+06  9.39553446e+00 
 1.99526231e+06  7.39722384e+00 
 2.51188643e+06  5.39826910e+00 
 3.16227766e+06  3.39889543e+00 
 3.98107171e+06  1.39923786e+00 
 5.01187234e+06 -6.00629750e-01 
 6.30957344e+06 -2.60067886e+00 
 7.94328235e+06 -4.60092007e+00 
 1.00000000e+07 -6.60140547e+00 
 1.25892541e+07 -8.60223984e+00 
 1.58489319e+07 -1.06036033e+01 
 1.99526231e+07 -1.26057902e+01 
 2.51188643e+07 -1.46092727e+01 
 3.16227766e+07 -1.66148029e+01 
 3.98107171e+07 -1.86235752e+01 
 5.01187234e+07 -2.06374853e+01 
 6.30957344e+07 -2.26595404e+01 
 7.94328235e+07 -2.46945130e+01 
 1.00000000e+08 -2.67499780e+01 
 1.25892541e+08 -2.88379625e+01 
 1.58489319e+08 -3.09775514e+01 
 1.99526231e+08 -3.31989413e+01 
 2.51188643e+08 -3.55494553e+01 
 3.16227766e+08 -3.81013316e+01 
 3.98107171e+08 -4.09576512e+01 
 5.01187234e+08 -4.42416779e+01 
 6.30957344e+08 -4.80308453e+01 
 7.94328235e+08 -5.21824503e+01 
 1.00000000e+09 -5.61546757e+01 
