 1.00000000e+00  7.52429388e-06 
 1.02329299e+00  7.44904453e-06 
 1.04712855e+00  7.37455593e-06 
 1.07151931e+00  7.30082030e-06 
 1.09647820e+00  7.22782992e-06 
 1.12201845e+00  7.15557717e-06 
 1.14815362e+00  7.08405450e-06 
 1.17489755e+00  7.01325443e-06 
 1.20226443e+00  6.94316958e-06 
 1.23026877e+00  6.87379262e-06 
 1.25892541e+00  6.80511632e-06 
 1.28824955e+00  6.73713352e-06 
 1.31825674e+00  6.66983711e-06 
 1.34896288e+00  6.60322008e-06 
 1.38038426e+00  6.53727549e-06 
 1.41253754e+00  6.47199646e-06 
 1.44543977e+00  6.40737619e-06 
 1.47910839e+00  6.34340796e-06 
 1.51356125e+00  6.28008509e-06 
 1.54881662e+00  6.21740100e-06 
 1.58489319e+00  6.15534917e-06 
 1.62181010e+00  6.09392313e-06 
 1.65958691e+00  6.03311649e-06 
 1.69824365e+00  5.97292294e-06 
 1.73780083e+00  5.91333622e-06 
 1.77827941e+00  5.85435012e-06 
 1.81970086e+00  5.79595853e-06 
 1.86208714e+00  5.73815538e-06 
 1.90546072e+00  5.68093466e-06 
 1.94984460e+00  5.62429043e-06 
 1.99526231e+00  5.56821682e-06 
 2.04173794e+00  5.51270800e-06 
 2.08929613e+00  5.45775822e-06 
 2.13796209e+00  5.40336178e-06 
 2.18776162e+00  5.34951303e-06 
 2.23872114e+00  5.29620640e-06 
 2.29086765e+00  5.24343637e-06 
 2.34422882e+00  5.19119746e-06 
 2.39883292e+00  5.13948426e-06 
 2.45470892e+00  5.08829143e-06 
 2.51188643e+00  5.03761365e-06 
 2.57039578e+00  4.98744569e-06 
 2.63026799e+00  4.93778236e-06 
 2.69153480e+00  4.88861852e-06 
 2.75422870e+00  4.83994909e-06 
 2.81838293e+00  4.79176903e-06 
 2.88403150e+00  4.74407336e-06 
 2.95120923e+00  4.69685716e-06 
 3.01995172e+00  4.65011555e-06 
 3.09029543e+00  4.60384371e-06 
 3.16227766e+00  4.55803684e-06 
 3.23593657e+00  4.51269024e-06 
 3.31131121e+00  4.46779922e-06 
 3.38844156e+00  4.42335914e-06 
 3.46736850e+00  4.37936542e-06 
 3.54813389e+00  4.33581354e-06 
 3.63078055e+00  4.29269899e-06 
 3.71535229e+00  4.25001734e-06 
 3.80189396e+00  4.20776419e-06 
 3.89045145e+00  4.16593518e-06 
 3.98107171e+00  4.12452602e-06 
 4.07380278e+00  4.08353243e-06 
 4.16869383e+00  4.04295020e-06 
 4.26579519e+00  4.00277515e-06 
 4.36515832e+00  3.96300314e-06 
 4.46683592e+00  3.92363010e-06 
 4.57088190e+00  3.88465197e-06 
 4.67735141e+00  3.84606474e-06 
 4.78630092e+00  3.80786446e-06 
 4.89778819e+00  3.77004718e-06 
 5.01187234e+00  3.73260904e-06 
 5.12861384e+00  3.69554618e-06 
 5.24807460e+00  3.65885481e-06 
 5.37031796e+00  3.62253115e-06 
 5.49540874e+00  3.58657148e-06 
 5.62341325e+00  3.55097211e-06 
 5.75439937e+00  3.51572939e-06 
 5.88843655e+00  3.48083971e-06 
 6.02559586e+00  3.44629948e-06 
 6.16595002e+00  3.41210518e-06 
 6.30957344e+00  3.37825329e-06 
 6.45654229e+00  3.34474036e-06 
 6.60693448e+00  3.31156294e-06 
 6.76082975e+00  3.27871764e-06 
 6.91830971e+00  3.24620110e-06 
 7.07945784e+00  3.21401000e-06 
 7.24435960e+00  3.18214104e-06 
 7.41310241e+00  3.15059095e-06 
 7.58577575e+00  3.11935653e-06 
 7.76247117e+00  3.08843456e-06 
 7.94328235e+00  3.05782190e-06 
 8.12830516e+00  3.02751541e-06 
 8.31763771e+00  2.99751199e-06 
 8.51138038e+00  2.96780860e-06 
 8.70963590e+00  2.93840218e-06 
 8.91250938e+00  2.90928975e-06 
 9.12010839e+00  2.88046832e-06 
 9.33254301e+00  2.85193496e-06 
 9.54992586e+00  2.82368676e-06 
 9.77237221e+00  2.79572084e-06 
 1.00000000e+01  2.76803435e-06 
 1.02329299e+01  2.74062446e-06 
 1.04712855e+01  2.71348838e-06 
 1.07151931e+01  2.68662335e-06 
 1.09647820e+01  2.66002664e-06 
 1.12201845e+01  2.63369552e-06 
 1.14815362e+01  2.60762733e-06 
 1.17489755e+01  2.58181941e-06 
 1.20226443e+01  2.55626913e-06 
 1.23026877e+01  2.53097389e-06 
 1.25892541e+01  2.50593113e-06 
 1.28824955e+01  2.48113829e-06 
 1.31825674e+01  2.45659286e-06 
 1.34896288e+01  2.43229233e-06 
 1.38038426e+01  2.40823425e-06 
 1.41253754e+01  2.38441617e-06 
 1.44543977e+01  2.36083566e-06 
 1.47910839e+01  2.33749033e-06 
 1.51356125e+01  2.31437782e-06 
 1.54881662e+01  2.29149578e-06 
 1.58489319e+01  2.26884189e-06 
 1.62181010e+01  2.24641384e-06 
 1.65958691e+01  2.22420936e-06 
 1.69824365e+01  2.20222621e-06 
 1.73780083e+01  2.18046215e-06 
 1.77827941e+01  2.15891498e-06 
 1.81970086e+01  2.13758251e-06 
 1.86208714e+01  2.11646259e-06 
 1.90546072e+01  2.09555307e-06 
 1.94984460e+01  2.07485184e-06 
 1.99526231e+01  2.05435680e-06 
 2.04173794e+01  2.03406587e-06 
 2.08929613e+01  2.01397701e-06 
 2.13796209e+01  1.99408818e-06 
 2.18776162e+01  1.97439737e-06 
 2.23872114e+01  1.95490259e-06 
 2.29086765e+01  1.93560187e-06 
 2.34422882e+01  1.91649325e-06 
 2.39883292e+01  1.89757481e-06 
 2.45470892e+01  1.87884464e-06 
 2.51188643e+01  1.86030083e-06 
 2.57039578e+01  1.84194153e-06 
 2.63026799e+01  1.82376487e-06 
 2.69153480e+01  1.80576903e-06 
 2.75422870e+01  1.78795218e-06 
 2.81838293e+01  1.77031253e-06 
 2.88403150e+01  1.75284829e-06 
 2.95120923e+01  1.73555772e-06 
 3.01995172e+01  1.71843906e-06 
 3.09029543e+01  1.70149058e-06 
 3.16227766e+01  1.68471059e-06 
 3.23593657e+01  1.66809738e-06 
 3.31131121e+01  1.65164929e-06 
 3.38844156e+01  1.63536466e-06 
 3.46736850e+01  1.61924185e-06 
 3.54813389e+01  1.60327924e-06 
 3.63078055e+01  1.58747521e-06 
 3.71535229e+01  1.57182818e-06 
 3.80189396e+01  1.55633658e-06 
 3.89045145e+01  1.54099884e-06 
 3.98107171e+01  1.52581342e-06 
 4.07380278e+01  1.51077881e-06 
 4.16869383e+01  1.49589348e-06 
 4.26579519e+01  1.48115593e-06 
 4.36515832e+01  1.46656470e-06 
 4.46683592e+01  1.45211831e-06 
 4.57088190e+01  1.43781531e-06 
 4.67735141e+01  1.42365426e-06 
 4.78630092e+01  1.40963375e-06 
 4.89778819e+01  1.39575236e-06 
 5.01187234e+01  1.38200871e-06 
 5.12861384e+01  1.36840141e-06 
 5.24807460e+01  1.35492910e-06 
 5.37031796e+01  1.34159043e-06 
 5.49540874e+01  1.32838406e-06 
 5.62341325e+01  1.31530866e-06 
 5.75439937e+01  1.30236293e-06 
 5.88843655e+01  1.28954557e-06 
 6.02559586e+01  1.27685529e-06 
 6.16595002e+01  1.26429083e-06 
 6.30957344e+01  1.25185092e-06 
 6.45654229e+01  1.23953432e-06 
 6.60693448e+01  1.22733979e-06 
 6.76082975e+01  1.21526612e-06 
 6.91830971e+01  1.20331210e-06 
 7.07945784e+01  1.19147653e-06 
 7.24435960e+01  1.17975823e-06 
 7.41310241e+01  1.16815602e-06 
 7.58577575e+01  1.15666875e-06 
 7.76247117e+01  1.14529526e-06 
 7.94328235e+01  1.13403442e-06 
 8.12830516e+01  1.12288511e-06 
 8.31763771e+01  1.11184621e-06 
 8.51138038e+01  1.10091662e-06 
 8.70963590e+01  1.09009525e-06 
 8.91250938e+01  1.07938101e-06 
 9.12010839e+01  1.06877284e-06 
 9.33254301e+01  1.05826967e-06 
 9.54992586e+01  1.04787047e-06 
 9.77237221e+01  1.03757419e-06 
 1.00000000e+02  1.02737980e-06 
 1.02329299e+02  1.01728629e-06 
 1.04712855e+02  1.00729265e-06 
 1.07151931e+02  9.97397893e-07 
 1.09647820e+02  9.87601021e-07 
 1.12201845e+02  9.77901063e-07 
 1.14815362e+02  9.68297050e-07 
 1.17489755e+02  9.58788028e-07 
 1.20226443e+02  9.49373048e-07 
 1.23026877e+02  9.40051173e-07 
 1.25892541e+02  9.30821476e-07 
 1.28824955e+02  9.21683036e-07 
 1.31825674e+02  9.12634946e-07 
 1.34896288e+02  9.03676304e-07 
 1.38038426e+02  8.94806219e-07 
 1.41253754e+02  8.86023809e-07 
 1.44543977e+02  8.77328201e-07 
 1.47910839e+02  8.68718530e-07 
 1.51356125e+02  8.60193940e-07 
 1.54881662e+02  8.51753584e-07 
 1.58489319e+02  8.43396623e-07 
 1.62181010e+02  8.35122226e-07 
 1.65958691e+02  8.26929572e-07 
 1.69824365e+02  8.18817848e-07 
 1.73780083e+02  8.10786247e-07 
 1.77827941e+02  8.02833972e-07 
 1.81970086e+02  7.94960234e-07 
 1.86208714e+02  7.87164251e-07 
 1.90546072e+02  7.79445250e-07 
 1.94984460e+02  7.71802465e-07 
 1.99526231e+02  7.64235138e-07 
 2.04173794e+02  7.56742519e-07 
 2.08929613e+02  7.49323863e-07 
 2.13796209e+02  7.41978437e-07 
 2.18776162e+02  7.34705512e-07 
 2.23872114e+02  7.27504366e-07 
 2.29086765e+02  7.20374288e-07 
 2.34422882e+02  7.13314569e-07 
 2.39883292e+02  7.06324512e-07 
 2.45470892e+02  6.99403423e-07 
 2.51188643e+02  6.92550617e-07 
 2.57039578e+02  6.85765417e-07 
 2.63026799e+02  6.79047150e-07 
 2.69153480e+02  6.72395152e-07 
 2.75422870e+02  6.65808763e-07 
 2.81838293e+02  6.59287334e-07 
 2.88403150e+02  6.52830218e-07 
 2.95120923e+02  6.46436778e-07 
 3.01995172e+02  6.40106381e-07 
 3.09029543e+02  6.33838400e-07 
 3.16227766e+02  6.27632218e-07 
 3.23593657e+02  6.21487219e-07 
 3.31131121e+02  6.15402798e-07 
 3.38844156e+02  6.09378353e-07 
 3.46736850e+02  6.03413288e-07 
 3.54813389e+02  5.97507016e-07 
 3.63078055e+02  5.91658952e-07 
 3.71535229e+02  5.85868519e-07 
 3.80189396e+02  5.80135147e-07 
 3.89045145e+02  5.74458268e-07 
 3.98107171e+02  5.68837323e-07 
 4.07380278e+02  5.63271757e-07 
 4.16869383e+02  5.57761021e-07 
 4.26579519e+02  5.52304572e-07 
 4.36515832e+02  5.46901871e-07 
 4.46683592e+02  5.41552387e-07 
 4.57088190e+02  5.36255591e-07 
 4.67735141e+02  5.31010961e-07 
 4.78630092e+02  5.25817982e-07 
 4.89778819e+02  5.20676140e-07 
 5.01187234e+02  5.15584930e-07 
 5.12861384e+02  5.10543850e-07 
 5.24807460e+02  5.05552404e-07 
 5.37031796e+02  5.00610100e-07 
 5.49540874e+02  4.95716452e-07 
 5.62341325e+02  4.90870977e-07 
 5.75439937e+02  4.86073199e-07 
 5.88843655e+02  4.81322647e-07 
 6.02559586e+02  4.76618852e-07 
 6.16595002e+02  4.71961351e-07 
 6.30957344e+02  4.67349688e-07 
 6.45654229e+02  4.62783408e-07 
 6.60693448e+02  4.58262062e-07 
 6.76082975e+02  4.53785205e-07 
 6.91830971e+02  4.49352399e-07 
 7.07945784e+02  4.44963207e-07 
 7.24435960e+02  4.40617197e-07 
 7.41310241e+02  4.36313944e-07 
 7.58577575e+02  4.32053024e-07 
 7.76247117e+02  4.27834018e-07 
 7.94328235e+02  4.23656513e-07 
 8.12830516e+02  4.19520097e-07 
 8.31763771e+02  4.15424367e-07 
 8.51138038e+02  4.11368918e-07 
 8.70963590e+02  4.07353353e-07 
 8.91250938e+02  4.03377279e-07 
 9.12010839e+02  3.99440304e-07 
 9.33254301e+02  3.95542043e-07 
 9.54992586e+02  3.91682114e-07 
 9.77237221e+02  3.87860138e-07 
 1.00000000e+03  3.84075740e-07 
 1.02329299e+03  3.80328549e-07 
 1.04712855e+03  3.76618198e-07 
 1.07151931e+03  3.72944324e-07 
 1.09647820e+03  3.69306566e-07 
 1.12201845e+03  3.65704567e-07 
 1.14815362e+03  3.62137976e-07 
 1.17489755e+03  3.58606442e-07 
 1.20226443e+03  3.55109620e-07 
 1.23026877e+03  3.51647168e-07 
 1.25892541e+03  3.48218746e-07 
 1.28824955e+03  3.44824019e-07 
 1.31825674e+03  3.41462654e-07 
 1.34896288e+03  3.38134323e-07 
 1.38038426e+03  3.34838700e-07 
 1.41253754e+03  3.31575462e-07 
 1.44543977e+03  3.28344291e-07 
 1.47910839e+03  3.25144870e-07 
 1.51356125e+03  3.21976887e-07 
 1.54881662e+03  3.18840031e-07 
 1.58489319e+03  3.15733996e-07 
 1.62181010e+03  3.12658478e-07 
 1.65958691e+03  3.09613178e-07 
 1.69824365e+03  3.06597796e-07 
 1.73780083e+03  3.03612039e-07 
 1.77827941e+03  3.00655615e-07 
 1.81970086e+03  2.97728235e-07 
 1.86208714e+03  2.94829613e-07 
 1.90546072e+03  2.91959467e-07 
 1.94984460e+03  2.89117515e-07 
 1.99526231e+03  2.86303480e-07 
 2.04173794e+03  2.83517089e-07 
 2.08929613e+03  2.80758068e-07 
 2.13796209e+03  2.78026149e-07 
 2.18776162e+03  2.75321065e-07 
 2.23872114e+03  2.72642551e-07 
 2.29086765e+03  2.69990348e-07 
 2.34422882e+03  2.67364196e-07 
 2.39883292e+03  2.64763839e-07 
 2.45470892e+03  2.62189023e-07 
 2.51188643e+03  2.59639498e-07 
 2.57039578e+03  2.57115014e-07 
 2.63026799e+03  2.54615327e-07 
 2.69153480e+03  2.52140192e-07 
 2.75422870e+03  2.49689368e-07 
 2.81838293e+03  2.47262616e-07 
 2.88403150e+03  2.44859700e-07 
 2.95120923e+03  2.42480386e-07 
 3.01995172e+03  2.40124442e-07 
 3.09029543e+03  2.37791638e-07 
 3.16227766e+03  2.35481749e-07 
 3.23593657e+03  2.33194548e-07 
 3.31131121e+03  2.30929813e-07 
 3.38844156e+03  2.28687323e-07 
 3.46736850e+03  2.26466861e-07 
 3.54813389e+03  2.24268210e-07 
 3.63078055e+03  2.22091157e-07 
 3.71535229e+03  2.19935489e-07 
 3.80189396e+03  2.17800998e-07 
 3.89045145e+03  2.15687474e-07 
 3.98107171e+03  2.13594714e-07 
 4.07380278e+03  2.11522513e-07 
 4.16869383e+03  2.09470670e-07 
 4.26579519e+03  2.07438985e-07 
 4.36515832e+03  2.05427262e-07 
 4.46683592e+03  2.03435303e-07 
 4.57088190e+03  2.01462917e-07 
 4.67735141e+03  1.99509911e-07 
 4.78630092e+03  1.97576096e-07 
 4.89778819e+03  1.95661283e-07 
 5.01187234e+03  1.93765288e-07 
 5.12861384e+03  1.91887924e-07 
 5.24807460e+03  1.90029012e-07 
 5.37031796e+03  1.88188369e-07 
 5.49540874e+03  1.86365817e-07 
 5.62341325e+03  1.84561180e-07 
 5.75439937e+03  1.82774281e-07 
 5.88843655e+03  1.81004949e-07 
 6.02559586e+03  1.79253010e-07 
 6.16595002e+03  1.77518296e-07 
 6.30957344e+03  1.75800637e-07 
 6.45654229e+03  1.74099868e-07 
 6.60693448e+03  1.72415823e-07 
 6.76082975e+03  1.70748338e-07 
 6.91830971e+03  1.69097254e-07 
 7.07945784e+03  1.67462408e-07 
 7.24435960e+03  1.65843643e-07 
 7.41310241e+03  1.64240801e-07 
 7.58577575e+03  1.62653728e-07 
 7.76247117e+03  1.61082270e-07 
 7.94328235e+03  1.59526274e-07 
 8.12830516e+03  1.57985590e-07 
 8.31763771e+03  1.56460068e-07 
 8.51138038e+03  1.54949560e-07 
 8.70963590e+03  1.53453921e-07 
 8.91250938e+03  1.51973005e-07 
 9.12010839e+03  1.50506669e-07 
 9.33254301e+03  1.49054771e-07 
 9.54992586e+03  1.47617171e-07 
 9.77237221e+03  1.46193729e-07 
 1.00000000e+04  1.44784307e-07 
 1.02329299e+04  1.43388770e-07 
 1.04712855e+04  1.42006981e-07 
 1.07151931e+04  1.40638808e-07 
 1.09647820e+04  1.39284118e-07 
 1.12201845e+04  1.37942779e-07 
 1.14815362e+04  1.36614663e-07 
 1.17489755e+04  1.35299640e-07 
 1.20226443e+04  1.33997584e-07 
 1.23026877e+04  1.32708368e-07 
 1.25892541e+04  1.31431869e-07 
 1.28824955e+04  1.30167961e-07 
 1.31825674e+04  1.28916524e-07 
 1.34896288e+04  1.27677436e-07 
 1.38038426e+04  1.26450578e-07 
 1.41253754e+04  1.25235831e-07 
 1.44543977e+04  1.24033077e-07 
 1.47910839e+04  1.22842200e-07 
 1.51356125e+04  1.21663086e-07 
 1.54881662e+04  1.20495619e-07 
 1.58489319e+04  1.19339689e-07 
 1.62181010e+04  1.18195182e-07 
 1.65958691e+04  1.17061988e-07 
 1.69824365e+04  1.15939998e-07 
 1.73780083e+04  1.14829104e-07 
 1.77827941e+04  1.13729198e-07 
 1.81970086e+04  1.12640173e-07 
 1.86208714e+04  1.11561926e-07 
 1.90546072e+04  1.10494351e-07 
 1.94984460e+04  1.09437346e-07 
 1.99526231e+04  1.08390808e-07 
 2.04173794e+04  1.07354637e-07 
 2.08929613e+04  1.06328733e-07 
 2.13796209e+04  1.05312996e-07 
 2.18776162e+04  1.04307328e-07 
 2.23872114e+04  1.03311634e-07 
 2.29086765e+04  1.02325815e-07 
 2.34422882e+04  1.01349778e-07 
 2.39883292e+04  1.00383427e-07 
 2.45470892e+04  9.94266709e-08 
 2.51188643e+04  9.84794160e-08 
 2.57039578e+04  9.75415713e-08 
 2.63026799e+04  9.66130463e-08 
 2.69153480e+04  9.56937515e-08 
 2.75422870e+04  9.47835981e-08 
 2.81838293e+04  9.38824984e-08 
 2.88403150e+04  9.29903655e-08 
 2.95120923e+04  9.21071134e-08 
 3.01995172e+04  9.12326568e-08 
 3.09029543e+04  9.03669115e-08 
 3.16227766e+04  8.95097940e-08 
 3.23593657e+04  8.86612216e-08 
 3.31131121e+04  8.78211124e-08 
 3.38844156e+04  8.69893856e-08 
 3.46736850e+04  8.61659609e-08 
 3.54813389e+04  8.53507589e-08 
 3.63078055e+04  8.45437010e-08 
 3.71535229e+04  8.37447094e-08 
 3.80189396e+04  8.29537071e-08 
 3.89045145e+04  8.21706178e-08 
 3.98107171e+04  8.13953661e-08 
 4.07380278e+04  8.06278771e-08 
 4.16869383e+04  7.98680769e-08 
 4.26579519e+04  7.91158923e-08 
 4.36515832e+04  7.83712507e-08 
 4.46683592e+04  7.76340803e-08 
 4.57088190e+04  7.69043100e-08 
 4.67735141e+04  7.61818696e-08 
 4.78630092e+04  7.54666892e-08 
 4.89778819e+04  7.47587001e-08 
 5.01187234e+04  7.40578339e-08 
 5.12861384e+04  7.33640230e-08 
 5.24807460e+04  7.26772005e-08 
 5.37031796e+04  7.19973003e-08 
 5.49540874e+04  7.13242566e-08 
 5.62341325e+04  7.06580046e-08 
 5.75439937e+04  6.99984801e-08 
 5.88843655e+04  6.93456194e-08 
 6.02559586e+04  6.86993596e-08 
 6.16595002e+04  6.80596382e-08 
 6.30957344e+04  6.74263936e-08 
 6.45654229e+04  6.67995647e-08 
 6.60693448e+04  6.61790909e-08 
 6.76082975e+04  6.55649123e-08 
 6.91830971e+04  6.49569698e-08 
 7.07945784e+04  6.43552046e-08 
 7.24435960e+04  6.37595585e-08 
 7.41310241e+04  6.31699741e-08 
 7.58577575e+04  6.25863945e-08 
 7.76247117e+04  6.20087632e-08 
 7.94328235e+04  6.14370244e-08 
 8.12830516e+04  6.08711229e-08 
 8.31763771e+04  6.03110040e-08 
 8.51138038e+04  5.97566135e-08 
 8.70963590e+04  5.92078978e-08 
 8.91250938e+04  5.86648039e-08 
 9.12010839e+04  5.81272792e-08 
 9.33254301e+04  5.75952717e-08 
 9.54992586e+04  5.70687300e-08 
 9.77237221e+04  5.65476029e-08 
 1.00000000e+05  5.60318401e-08 
 1.02329299e+05  5.55213916e-08 
 1.04712855e+05  5.50162079e-08 
 1.07151931e+05  5.45162401e-08 
 1.09647820e+05  5.40214397e-08 
 1.12201845e+05  5.35317586e-08 
 1.14815362e+05  5.30471494e-08 
 1.17489755e+05  5.25675650e-08 
 1.20226443e+05  5.20929588e-08 
 1.23026877e+05  5.16232848e-08 
 1.25892541e+05  5.11584972e-08 
 1.28824955e+05  5.06985509e-08 
 1.31825674e+05  5.02434011e-08 
 1.34896288e+05  4.97930035e-08 
 1.38038426e+05  4.93473143e-08 
 1.41253754e+05  4.89062899e-08 
 1.44543977e+05  4.84698875e-08 
 1.47910839e+05  4.80380644e-08 
 1.51356125e+05  4.76107785e-08 
 1.54881662e+05  4.71879880e-08 
 1.58489319e+05  4.67696517e-08 
 1.62181010e+05  4.63557285e-08 
 1.65958691e+05  4.59461780e-08 
 1.69824365e+05  4.55409601e-08 
 1.73780083e+05  4.51400351e-08 
 1.77827941e+05  4.47433635e-08 
 1.81970086e+05  4.43509066e-08 
 1.86208714e+05  4.39626256e-08 
 1.90546072e+05  4.35784825e-08 
 1.94984460e+05  4.31984393e-08 
 1.99526231e+05  4.28224588e-08 
 2.04173794e+05  4.24505036e-08 
 2.08929613e+05  4.20825373e-08 
 2.13796209e+05  4.17185233e-08 
 2.18776162e+05  4.13584257e-08 
 2.23872114e+05  4.10022088e-08 
 2.29086765e+05  4.06498372e-08 
 2.34422882e+05  4.03012761e-08 
 2.39883292e+05  3.99564907e-08 
 2.45470892e+05  3.96154468e-08 
 2.51188643e+05  3.92781103e-08 
 2.57039578e+05  3.89444475e-08 
 2.63026799e+05  3.86144252e-08 
 2.69153480e+05  3.82880104e-08 
 2.75422870e+05  3.79651702e-08 
 2.81838293e+05  3.76458723e-08 
 2.88403150e+05  3.73300845e-08 
 2.95120923e+05  3.70177752e-08 
 3.01995172e+05  3.67089127e-08 
 3.09029543e+05  3.64034659e-08 
 3.16227766e+05  3.61014039e-08 
 3.23593657e+05  3.58026959e-08 
 3.31131121e+05  3.55073117e-08 
 3.38844156e+05  3.52152212e-08 
 3.46736850e+05  3.49263946e-08 
 3.54813389e+05  3.46408024e-08 
 3.63078055e+05  3.43584152e-08 
 3.71535229e+05  3.40792042e-08 
 3.80189396e+05  3.38031405e-08 
 3.89045145e+05  3.35301957e-08 
 3.98107171e+05  3.32603416e-08 
 4.07380278e+05  3.29935502e-08 
 4.16869383e+05  3.27297938e-08 
 4.26579519e+05  3.24690449e-08 
 4.36515832e+05  3.22112763e-08 
 4.46683592e+05  3.19564610e-08 
 4.57088190e+05  3.17045721e-08 
 4.67735141e+05  3.14555833e-08 
 4.78630092e+05  3.12094681e-08 
 4.89778819e+05  3.09662005e-08 
 5.01187234e+05  3.07257546e-08 
 5.12861384e+05  3.04881048e-08 
 5.24807460e+05  3.02532256e-08 
 5.37031796e+05  3.00210920e-08 
 5.49540874e+05  2.97916787e-08 
 5.62341325e+05  2.95649611e-08 
 5.75439937e+05  2.93409146e-08 
 5.88843655e+05  2.91195147e-08 
 6.02559586e+05  2.89007372e-08 
 6.16595002e+05  2.86845582e-08 
 6.30957344e+05  2.84709539e-08 
 6.45654229e+05  2.82599006e-08 
 6.60693448e+05  2.80513748e-08 
 6.76082975e+05  2.78453534e-08 
 6.91830971e+05  2.76418133e-08 
 7.07945784e+05  2.74407315e-08 
 7.24435960e+05  2.72420853e-08 
 7.41310241e+05  2.70458523e-08 
 7.58577575e+05  2.68520100e-08 
 7.76247117e+05  2.66605362e-08 
 7.94328235e+05  2.64714088e-08 
 8.12830516e+05  2.62846061e-08 
 8.31763771e+05  2.61001063e-08 
 8.51138038e+05  2.59178877e-08 
 8.70963590e+05  2.57379291e-08 
 8.91250938e+05  2.55602091e-08 
 9.12010839e+05  2.53847067e-08 
 9.33254301e+05  2.52114009e-08 
 9.54992586e+05  2.50402709e-08 
 9.77237221e+05  2.48712960e-08 
 1.00000000e+06  2.47044558e-08 
 1.02329299e+06  2.45397298e-08 
 1.04712855e+06  2.43770978e-08 
 1.07151931e+06  2.42165397e-08 
 1.09647820e+06  2.40580356e-08 
 1.12201845e+06  2.39015656e-08 
 1.14815362e+06  2.37471101e-08 
 1.17489755e+06  2.35946493e-08 
 1.20226443e+06  2.34441640e-08 
 1.23026877e+06  2.32956348e-08 
 1.25892541e+06  2.31490425e-08 
 1.28824955e+06  2.30043680e-08 
 1.31825674e+06  2.28615925e-08 
 1.34896288e+06  2.27206969e-08 
 1.38038426e+06  2.25816628e-08 
 1.41253754e+06  2.24444714e-08 
 1.44543977e+06  2.23091044e-08 
 1.47910839e+06  2.21755433e-08 
 1.51356125e+06  2.20437699e-08 
 1.54881662e+06  2.19137661e-08 
 1.58489319e+06  2.17855139e-08 
 1.62181010e+06  2.16589954e-08 
 1.65958691e+06  2.15341927e-08 
 1.69824365e+06  2.14110882e-08 
 1.73780083e+06  2.12896644e-08 
 1.77827941e+06  2.11699037e-08 
 1.81970086e+06  2.10517887e-08 
 1.86208714e+06  2.09353024e-08 
 1.90546072e+06  2.08204273e-08 
 1.94984460e+06  2.07071466e-08 
 1.99526231e+06  2.05954433e-08 
 2.04173794e+06  2.04853006e-08 
 2.08929613e+06  2.03767017e-08 
 2.13796209e+06  2.02696299e-08 
 2.18776162e+06  2.01640688e-08 
 2.23872114e+06  2.00600019e-08 
 2.29086765e+06  1.99574129e-08 
 2.34422882e+06  1.98562856e-08 
 2.39883292e+06  1.97566038e-08 
 2.45470892e+06  1.96583515e-08 
 2.51188643e+06  1.95615128e-08 
 2.57039578e+06  1.94660718e-08 
 2.63026799e+06  1.93720129e-08 
 2.69153480e+06  1.92793204e-08 
 2.75422870e+06  1.91879788e-08 
 2.81838293e+06  1.90979727e-08 
 2.88403150e+06  1.90092866e-08 
 2.95120923e+06  1.89219055e-08 
 3.01995172e+06  1.88358142e-08 
 3.09029543e+06  1.87509976e-08 
 3.16227766e+06  1.86674409e-08 
 3.23593657e+06  1.85851292e-08 
 3.31131121e+06  1.85040478e-08 
 3.38844156e+06  1.84241821e-08 
 3.46736850e+06  1.83455175e-08 
 3.54813389e+06  1.82680396e-08 
 3.63078055e+06  1.81917342e-08 
 3.71535229e+06  1.81165869e-08 
 3.80189396e+06  1.80425838e-08 
 3.89045145e+06  1.79697108e-08 
 3.98107171e+06  1.78979539e-08 
 4.07380278e+06  1.78272994e-08 
 4.16869383e+06  1.77577335e-08 
 4.26579519e+06  1.76892428e-08 
 4.36515832e+06  1.76218136e-08 
 4.46683592e+06  1.75554327e-08 
 4.57088190e+06  1.74900866e-08 
 4.67735141e+06  1.74257623e-08 
 4.78630092e+06  1.73624467e-08 
 4.89778819e+06  1.73001268e-08 
 5.01187234e+06  1.72387897e-08 
 5.12861384e+06  1.71784228e-08 
 5.24807460e+06  1.71190133e-08 
 5.37031796e+06  1.70605488e-08 
 5.49540874e+06  1.70030167e-08 
 5.62341325e+06  1.69464049e-08 
 5.75439937e+06  1.68907010e-08 
 5.88843655e+06  1.68358930e-08 
 6.02559586e+06  1.67819689e-08 
 6.16595002e+06  1.67289169e-08 
 6.30957344e+06  1.66767250e-08 
 6.45654229e+06  1.66253818e-08 
 6.60693448e+06  1.65748756e-08 
 6.76082975e+06  1.65251950e-08 
 6.91830971e+06  1.64763287e-08 
 7.07945784e+06  1.64282655e-08 
 7.24435960e+06  1.63809943e-08 
 7.41310241e+06  1.63345041e-08 
 7.58577575e+06  1.62887840e-08 
 7.76247117e+06  1.62438232e-08 
 7.94328235e+06  1.61996112e-08 
 8.12830516e+06  1.61561374e-08 
 8.31763771e+06  1.61133913e-08 
 8.51138038e+06  1.60713628e-08 
 8.70963590e+06  1.60300415e-08 
 8.91250938e+06  1.59894174e-08 
 9.12010839e+06  1.59494806e-08 
 9.33254301e+06  1.59102212e-08 
 9.54992586e+06  1.58716296e-08 
 9.77237221e+06  1.58336960e-08 
 1.00000000e+07  1.57964110e-08 
 1.02329299e+07  1.57597652e-08 
 1.04712855e+07  1.57237494e-08 
 1.07151931e+07  1.56883544e-08 
 1.09647820e+07  1.56535711e-08 
 1.12201845e+07  1.56193908e-08 
 1.14815362e+07  1.55858045e-08 
 1.17489755e+07  1.55528037e-08 
 1.20226443e+07  1.55203797e-08 
 1.23026877e+07  1.54885241e-08 
 1.25892541e+07  1.54572287e-08 
 1.28824955e+07  1.54264851e-08 
 1.31825674e+07  1.53962853e-08 
 1.34896288e+07  1.53666214e-08 
 1.38038426e+07  1.53374856e-08 
 1.41253754e+07  1.53088699e-08 
 1.44543977e+07  1.52807670e-08 
 1.47910839e+07  1.52531693e-08 
 1.51356125e+07  1.52260693e-08 
 1.54881662e+07  1.51994600e-08 
 1.58489319e+07  1.51733341e-08 
 1.62181010e+07  1.51476847e-08 
 1.65958691e+07  1.51225049e-08 
 1.69824365e+07  1.50977879e-08 
 1.73780083e+07  1.50735270e-08 
 1.77827941e+07  1.50497159e-08 
 1.81970086e+07  1.50263481e-08 
 1.86208714e+07  1.50034173e-08 
 1.90546072e+07  1.49809173e-08 
 1.94984460e+07  1.49588423e-08 
 1.99526231e+07  1.49371863e-08 
 2.04173794e+07  1.49159436e-08 
 2.08929613e+07  1.48951085e-08 
 2.13796209e+07  1.48746755e-08 
 2.18776162e+07  1.48546393e-08 
 2.23872114e+07  1.48349946e-08 
 2.29086765e+07  1.48157364e-08 
 2.34422882e+07  1.47968596e-08 
 2.39883292e+07  1.47783595e-08 
 2.45470892e+07  1.47602313e-08 
 2.51188643e+07  1.47424706e-08 
 2.57039578e+07  1.47250728e-08 
 2.63026799e+07  1.47080338e-08 
 2.69153480e+07  1.46913493e-08 
 2.75422870e+07  1.46750155e-08 
 2.81838293e+07  1.46590285e-08 
 2.88403150e+07  1.46433846e-08 
 2.95120923e+07  1.46280802e-08 
 3.01995172e+07  1.46131122e-08 
 3.09029543e+07  1.45984771e-08 
 3.16227766e+07  1.45841719e-08 
 3.23593657e+07  1.45701939e-08 
 3.31131121e+07  1.45565402e-08 
 3.38844156e+07  1.45432083e-08 
 3.46736850e+07  1.45301959e-08 
 3.54813389e+07  1.45175007e-08 
 3.63078055e+07  1.45051207e-08 
 3.71535229e+07  1.44930542e-08 
 3.80189396e+07  1.44812995e-08 
 3.89045145e+07  1.44698550e-08 
 3.98107171e+07  1.44587198e-08 
 4.07380278e+07  1.44478927e-08 
 4.16869383e+07  1.44373729e-08 
 4.26579519e+07  1.44271598e-08 
 4.36515832e+07  1.44172531e-08 
 4.46683592e+07  1.44076526e-08 
 4.57088190e+07  1.43983585e-08 
 4.67735141e+07  1.43893711e-08 
 4.78630092e+07  1.43806909e-08 
 4.89778819e+07  1.43723190e-08 
 5.01187234e+07  1.43642563e-08 
 5.12861384e+07  1.43565044e-08 
 5.24807460e+07  1.43490650e-08 
 5.37031796e+07  1.43419401e-08 
 5.49540874e+07  1.43351320e-08 
 5.62341325e+07  1.43286433e-08 
 5.75439937e+07  1.43224772e-08 
 5.88843655e+07  1.43166369e-08 
 6.02559586e+07  1.43111261e-08 
 6.16595002e+07  1.43059492e-08 
 6.30957344e+07  1.43011101e-08 
 6.45654229e+07  1.42966139e-08 
 6.60693448e+07  1.42924659e-08 
 6.76082975e+07  1.42886718e-08 
 6.91830971e+07  1.42852379e-08 
 7.07945784e+07  1.42821709e-08 
 7.24435960e+07  1.42794778e-08 
 7.41310241e+07  1.42771663e-08 
 7.58577575e+07  1.42752446e-08 
 7.76247117e+07  1.42737216e-08 
 7.94328235e+07  1.42726065e-08 
 8.12830516e+07  1.42719094e-08 
 8.31763771e+07  1.42716407e-08 
 8.51138038e+07  1.42718119e-08 
 8.70963590e+07  1.42724350e-08 
 8.91250938e+07  1.42735224e-08 
 9.12010839e+07  1.42750878e-08 
 9.33254301e+07  1.42771457e-08 
 9.54992586e+07  1.42797106e-08 
 9.77237221e+07  1.42827988e-08 
 1.00000000e+08  1.42864271e-08 
 1.02329299e+08  1.42906137e-08 
 1.04712855e+08  1.42953768e-08 
 1.07151931e+08  1.43007367e-08 
 1.09647820e+08  1.43067142e-08 
 1.12201845e+08  1.43133313e-08 
 1.14815362e+08  1.43206116e-08 
 1.17489755e+08  1.43285797e-08 
 1.20226443e+08  1.43372615e-08 
 1.23026877e+08  1.43466844e-08 
 1.25892541e+08  1.43568769e-08 
 1.28824955e+08  1.43678697e-08 
 1.31825674e+08  1.43796945e-08 
 1.34896288e+08  1.43923849e-08 
 1.38038426e+08  1.44059766e-08 
 1.41253754e+08  1.44205066e-08 
 1.44543977e+08  1.44360142e-08 
 1.47910839e+08  1.44525411e-08 
 1.51356125e+08  1.44701306e-08 
 1.54881662e+08  1.44888283e-08 
 1.58489319e+08  1.45086828e-08 
 1.62181010e+08  1.45297443e-08 
 1.65958691e+08  1.45520667e-08 
 1.69824365e+08  1.45757062e-08 
 1.73780083e+08  1.46007220e-08 
 1.77827941e+08  1.46271764e-08 
 1.81970086e+08  1.46551346e-08 
 1.86208714e+08  1.46846665e-08 
 1.90546072e+08  1.47158442e-08 
 1.94984460e+08  1.47487445e-08 
 1.99526231e+08  1.47834481e-08 
 2.04173794e+08  1.48200399e-08 
 2.08929613e+08  1.48586096e-08 
 2.13796209e+08  1.48992509e-08 
 2.18776162e+08  1.49420635e-08 
 2.23872114e+08  1.49871522e-08 
 2.29086765e+08  1.50346264e-08 
 2.34422882e+08  1.50846031e-08 
 2.39883292e+08  1.51372041e-08 
 2.45470892e+08  1.51925584e-08 
 2.51188643e+08  1.52508021e-08 
 2.57039578e+08  1.53120781e-08 
 2.63026799e+08  1.53765376e-08 
 2.69153480e+08  1.54443395e-08 
 2.75422870e+08  1.55156516e-08 
 2.81838293e+08  1.55906502e-08 
 2.88403150e+08  1.56695222e-08 
 2.95120923e+08  1.57524631e-08 
 3.01995172e+08  1.58396802e-08 
 3.09029543e+08  1.59313911e-08 
 3.16227766e+08  1.60278250e-08 
 3.23593657e+08  1.61292232e-08 
 3.31131121e+08  1.62358401e-08 
 3.38844156e+08  1.63479438e-08 
 3.46736850e+08  1.64658145e-08 
 3.54813389e+08  1.65897476e-08 
 3.63078055e+08  1.67200539e-08 
 3.71535229e+08  1.68570589e-08 
 3.80189396e+08  1.70011035e-08 
 3.89045145e+08  1.71525451e-08 
 3.98107171e+08  1.73117570e-08 
 4.07380278e+08  1.74791290e-08 
 4.16869383e+08  1.76550673e-08 
 4.26579519e+08  1.78399945e-08 
 4.36515832e+08  1.80343482e-08 
 4.46683592e+08  1.82385811e-08 
 4.57088190e+08  1.84531600e-08 
 4.67735141e+08  1.86785631e-08 
 4.78630092e+08  1.89152811e-08 
 4.89778819e+08  1.91638104e-08 
 5.01187234e+08  1.94246520e-08 
 5.12861384e+08  1.96983087e-08 
 5.24807460e+08  1.99852775e-08 
 5.37031796e+08  2.02860471e-08 
 5.49540874e+08  2.06010866e-08 
 5.62341325e+08  2.09308403e-08 
 5.75439937e+08  2.12757178e-08 
 5.88843655e+08  2.16360808e-08 
 6.02559586e+08  2.20122314e-08 
 6.16595002e+08  2.24043995e-08 
 6.30957344e+08  2.28127221e-08 
 6.45654229e+08  2.32372293e-08 
 6.60693448e+08  2.36778265e-08 
 6.76082975e+08  2.41342664e-08 
 6.91830971e+08  2.46061400e-08 
 7.07945784e+08  2.50928439e-08 
 7.24435960e+08  2.55935684e-08 
 7.41310241e+08  2.61072778e-08 
 7.58577575e+08  2.66326943e-08 
 7.76247117e+08  2.71682871e-08 
 7.94328235e+08  2.77122702e-08 
 8.12830516e+08  2.82626074e-08 
 8.31763771e+08  2.88170165e-08 
 8.51138038e+08  2.93730071e-08 
 8.70963590e+08  2.99279009e-08 
 8.91250938e+08  3.04788903e-08 
 9.12010839e+08  3.10230798e-08 
 9.33254301e+08  3.15575723e-08 
 9.54992586e+08  3.20795249e-08 
 9.77237221e+08  3.25862346e-08 
 1.00000000e+09  3.30752171e-08 
