 1.00000000e+00  7.52429198e-06 
 1.02329299e+00  7.44904266e-06 
 1.04712855e+00  7.37455410e-06 
 1.07151931e+00  7.30081849e-06 
 1.09647820e+00  7.22782815e-06 
 1.12201845e+00  7.15557543e-06 
 1.14815362e+00  7.08405278e-06 
 1.17489755e+00  7.01325275e-06 
 1.20226443e+00  6.94316792e-06 
 1.23026877e+00  6.87379100e-06 
 1.25892541e+00  6.80511473e-06 
 1.28824955e+00  6.73713195e-06 
 1.31825674e+00  6.66983557e-06 
 1.34896288e+00  6.60321857e-06 
 1.38038426e+00  6.53727400e-06 
 1.41253754e+00  6.47199500e-06 
 1.44543977e+00  6.40737476e-06 
 1.47910839e+00  6.34340655e-06 
 1.51356125e+00  6.28008371e-06 
 1.54881662e+00  6.21739965e-06 
 1.58489319e+00  6.15534783e-06 
 1.62181010e+00  6.09392182e-06 
 1.65958691e+00  6.03311521e-06 
 1.69824365e+00  5.97292168e-06 
 1.73780083e+00  5.91333498e-06 
 1.77827941e+00  5.85434891e-06 
 1.81970086e+00  5.79595734e-06 
 1.86208714e+00  5.73815420e-06 
 1.90546072e+00  5.68093351e-06 
 1.94984460e+00  5.62428930e-06 
 1.99526231e+00  5.56821571e-06 
 2.04173794e+00  5.51270691e-06 
 2.08929613e+00  5.45775715e-06 
 2.13796209e+00  5.40336073e-06 
 2.18776162e+00  5.34951200e-06 
 2.23872114e+00  5.29620539e-06 
 2.29086765e+00  5.24343538e-06 
 2.34422882e+00  5.19119649e-06 
 2.39883292e+00  5.13948331e-06 
 2.45470892e+00  5.08829049e-06 
 2.51188643e+00  5.03761274e-06 
 2.57039578e+00  4.98744480e-06 
 2.63026799e+00  4.93778148e-06 
 2.69153480e+00  4.88861766e-06 
 2.75422870e+00  4.83994824e-06 
 2.81838293e+00  4.79176820e-06 
 2.88403150e+00  4.74407255e-06 
 2.95120923e+00  4.69685636e-06 
 3.01995172e+00  4.65011477e-06 
 3.09029543e+00  4.60384294e-06 
 3.16227766e+00  4.55803609e-06 
 3.23593657e+00  4.51268950e-06 
 3.31131121e+00  4.46779849e-06 
 3.38844156e+00  4.42335843e-06 
 3.46736850e+00  4.37936473e-06 
 3.54813389e+00  4.33581286e-06 
 3.63078055e+00  4.29269833e-06 
 3.71535229e+00  4.25001669e-06 
 3.80189396e+00  4.20776355e-06 
 3.89045145e+00  4.16593456e-06 
 3.98107171e+00  4.12452541e-06 
 4.07380278e+00  4.08353183e-06 
 4.16869383e+00  4.04294961e-06 
 4.26579519e+00  4.00277457e-06 
 4.36515832e+00  3.96300258e-06 
 4.46683592e+00  3.92362955e-06 
 4.57088190e+00  3.88465143e-06 
 4.67735141e+00  3.84606422e-06 
 4.78630092e+00  3.80786394e-06 
 4.89778819e+00  3.77004668e-06 
 5.01187234e+00  3.73260855e-06 
 5.12861384e+00  3.69554570e-06 
 5.24807460e+00  3.65885434e-06 
 5.37031796e+00  3.62253069e-06 
 5.49540874e+00  3.58657103e-06 
 5.62341325e+00  3.55097167e-06 
 5.75439937e+00  3.51572896e-06 
 5.88843655e+00  3.48083928e-06 
 6.02559586e+00  3.44629907e-06 
 6.16595002e+00  3.41210478e-06 
 6.30957344e+00  3.37825290e-06 
 6.45654229e+00  3.34473997e-06 
 6.60693448e+00  3.31156256e-06 
 6.76082975e+00  3.27871727e-06 
 6.91830971e+00  3.24620075e-06 
 7.07945784e+00  3.21400965e-06 
 7.24435960e+00  3.18214070e-06 
 7.41310241e+00  3.15059062e-06 
 7.58577575e+00  3.11935620e-06 
 7.76247117e+00  3.08843424e-06 
 7.94328235e+00  3.05782159e-06 
 8.12830516e+00  3.02751510e-06 
 8.31763771e+00  2.99751170e-06 
 8.51138038e+00  2.96780831e-06 
 8.70963590e+00  2.93840190e-06 
 8.91250938e+00  2.90928947e-06 
 9.12010839e+00  2.88046805e-06 
 9.33254301e+00  2.85193470e-06 
 9.54992586e+00  2.82368651e-06 
 9.77237221e+00  2.79572060e-06 
 1.00000000e+01  2.76803411e-06 
 1.02329299e+01  2.74062423e-06 
 1.04712855e+01  2.71348816e-06 
 1.07151931e+01  2.68662314e-06 
 1.09647820e+01  2.66002642e-06 
 1.12201845e+01  2.63369532e-06 
 1.14815362e+01  2.60762713e-06 
 1.17489755e+01  2.58181921e-06 
 1.20226443e+01  2.55626894e-06 
 1.23026877e+01  2.53097371e-06 
 1.25892541e+01  2.50593095e-06 
 1.28824955e+01  2.48113812e-06 
 1.31825674e+01  2.45659269e-06 
 1.34896288e+01  2.43229217e-06 
 1.38038426e+01  2.40823410e-06 
 1.41253754e+01  2.38441601e-06 
 1.44543977e+01  2.36083551e-06 
 1.47910839e+01  2.33749019e-06 
 1.51356125e+01  2.31437769e-06 
 1.54881662e+01  2.29149565e-06 
 1.58489319e+01  2.26884176e-06 
 1.62181010e+01  2.24641371e-06 
 1.65958691e+01  2.22420924e-06 
 1.69824365e+01  2.20222610e-06 
 1.73780083e+01  2.18046204e-06 
 1.77827941e+01  2.15891487e-06 
 1.81970086e+01  2.13758241e-06 
 1.86208714e+01  2.11646249e-06 
 1.90546072e+01  2.09555298e-06 
 1.94984460e+01  2.07485175e-06 
 1.99526231e+01  2.05435671e-06 
 2.04173794e+01  2.03406579e-06 
 2.08929613e+01  2.01397693e-06 
 2.13796209e+01  1.99408811e-06 
 2.18776162e+01  1.97439730e-06 
 2.23872114e+01  1.95490252e-06 
 2.29086765e+01  1.93560180e-06 
 2.34422882e+01  1.91649319e-06 
 2.39883292e+01  1.89757475e-06 
 2.45470892e+01  1.87884458e-06 
 2.51188643e+01  1.86030078e-06 
 2.57039578e+01  1.84194148e-06 
 2.63026799e+01  1.82376483e-06 
 2.69153480e+01  1.80576899e-06 
 2.75422870e+01  1.78795214e-06 
 2.81838293e+01  1.77031249e-06 
 2.88403150e+01  1.75284826e-06 
 2.95120923e+01  1.73555769e-06 
 3.01995172e+01  1.71843903e-06 
 3.09029543e+01  1.70149056e-06 
 3.16227766e+01  1.68471057e-06 
 3.23593657e+01  1.66809736e-06 
 3.31131121e+01  1.65164928e-06 
 3.38844156e+01  1.63536465e-06 
 3.46736850e+01  1.61924184e-06 
 3.54813389e+01  1.60327923e-06 
 3.63078055e+01  1.58747520e-06 
 3.71535229e+01  1.57182818e-06 
 3.80189396e+01  1.55633657e-06 
 3.89045145e+01  1.54099884e-06 
 3.98107171e+01  1.52581343e-06 
 4.07380278e+01  1.51077881e-06 
 4.16869383e+01  1.49589348e-06 
 4.26579519e+01  1.48115594e-06 
 4.36515832e+01  1.46656471e-06 
 4.46683592e+01  1.45211832e-06 
 4.57088190e+01  1.43781532e-06 
 4.67735141e+01  1.42365428e-06 
 4.78630092e+01  1.40963377e-06 
 4.89778819e+01  1.39575238e-06 
 5.01187234e+01  1.38200873e-06 
 5.12861384e+01  1.36840143e-06 
 5.24807460e+01  1.35492913e-06 
 5.37031796e+01  1.34159045e-06 
 5.49540874e+01  1.32838408e-06 
 5.62341325e+01  1.31530869e-06 
 5.75439937e+01  1.30236296e-06 
 5.88843655e+01  1.28954560e-06 
 6.02559586e+01  1.27685533e-06 
 6.16595002e+01  1.26429086e-06 
 6.30957344e+01  1.25185095e-06 
 6.45654229e+01  1.23953436e-06 
 6.60693448e+01  1.22733983e-06 
 6.76082975e+01  1.21526616e-06 
 6.91830971e+01  1.20331214e-06 
 7.07945784e+01  1.19147657e-06 
 7.24435960e+01  1.17975827e-06 
 7.41310241e+01  1.16815606e-06 
 7.58577575e+01  1.15666879e-06 
 7.76247117e+01  1.14529531e-06 
 7.94328235e+01  1.13403447e-06 
 8.12830516e+01  1.12288516e-06 
 8.31763771e+01  1.11184627e-06 
 8.51138038e+01  1.10091668e-06 
 8.70963590e+01  1.09009530e-06 
 8.91250938e+01  1.07938106e-06 
 9.12010839e+01  1.06877289e-06 
 9.33254301e+01  1.05826973e-06 
 9.54992586e+01  1.04787053e-06 
 9.77237221e+01  1.03757425e-06 
 1.00000000e+02  1.02737986e-06 
 1.02329299e+02  1.01728635e-06 
 1.04712855e+02  1.00729272e-06 
 1.07151931e+02  9.97397957e-07 
 1.09647820e+02  9.87601086e-07 
 1.12201845e+02  9.77901128e-07 
 1.14815362e+02  9.68297116e-07 
 1.17489755e+02  9.58788094e-07 
 1.20226443e+02  9.49373115e-07 
 1.23026877e+02  9.40051242e-07 
 1.25892541e+02  9.30821545e-07 
 1.28824955e+02  9.21683106e-07 
 1.31825674e+02  9.12635016e-07 
 1.34896288e+02  9.03676375e-07 
 1.38038426e+02  8.94806291e-07 
 1.41253754e+02  8.86023882e-07 
 1.44543977e+02  8.77328275e-07 
 1.47910839e+02  8.68718604e-07 
 1.51356125e+02  8.60194015e-07 
 1.54881662e+02  8.51753659e-07 
 1.58489319e+02  8.43396699e-07 
 1.62181010e+02  8.35122303e-07 
 1.65958691e+02  8.26929650e-07 
 1.69824365e+02  8.18817926e-07 
 1.73780083e+02  8.10786325e-07 
 1.77827941e+02  8.02834051e-07 
 1.81970086e+02  7.94960313e-07 
 1.86208714e+02  7.87164331e-07 
 1.90546072e+02  7.79445331e-07 
 1.94984460e+02  7.71802547e-07 
 1.99526231e+02  7.64235220e-07 
 2.04173794e+02  7.56742601e-07 
 2.08929613e+02  7.49323946e-07 
 2.13796209e+02  7.41978520e-07 
 2.18776162e+02  7.34705595e-07 
 2.23872114e+02  7.27504451e-07 
 2.29086765e+02  7.20374372e-07 
 2.34422882e+02  7.13314654e-07 
 2.39883292e+02  7.06324597e-07 
 2.45470892e+02  6.99403509e-07 
 2.51188643e+02  6.92550704e-07 
 2.57039578e+02  6.85765504e-07 
 2.63026799e+02  6.79047237e-07 
 2.69153480e+02  6.72395239e-07 
 2.75422870e+02  6.65808852e-07 
 2.81838293e+02  6.59287423e-07 
 2.88403150e+02  6.52830307e-07 
 2.95120923e+02  6.46436867e-07 
 3.01995172e+02  6.40106470e-07 
 3.09029543e+02  6.33838490e-07 
 3.16227766e+02  6.27632308e-07 
 3.23593657e+02  6.21487310e-07 
 3.31131121e+02  6.15402889e-07 
 3.38844156e+02  6.09378444e-07 
 3.46736850e+02  6.03413380e-07 
 3.54813389e+02  5.97507108e-07 
 3.63078055e+02  5.91659045e-07 
 3.71535229e+02  5.85868612e-07 
 3.80189396e+02  5.80135240e-07 
 3.89045145e+02  5.74458361e-07 
 3.98107171e+02  5.68837417e-07 
 4.07380278e+02  5.63271851e-07 
 4.16869383e+02  5.57761116e-07 
 4.26579519e+02  5.52304667e-07 
 4.36515832e+02  5.46901967e-07 
 4.46683592e+02  5.41552482e-07 
 4.57088190e+02  5.36255687e-07 
 4.67735141e+02  5.31011058e-07 
 4.78630092e+02  5.25818078e-07 
 4.89778819e+02  5.20676237e-07 
 5.01187234e+02  5.15585028e-07 
 5.12861384e+02  5.10543948e-07 
 5.24807460e+02  5.05552502e-07 
 5.37031796e+02  5.00610198e-07 
 5.49540874e+02  4.95716550e-07 
 5.62341325e+02  4.90871076e-07 
 5.75439937e+02  4.86073298e-07 
 5.88843655e+02  4.81322746e-07 
 6.02559586e+02  4.76618951e-07 
 6.16595002e+02  4.71961451e-07 
 6.30957344e+02  4.67349788e-07 
 6.45654229e+02  4.62783508e-07 
 6.60693448e+02  4.58262163e-07 
 6.76082975e+02  4.53785307e-07 
 6.91830971e+02  4.49352501e-07 
 7.07945784e+02  4.44963309e-07 
 7.24435960e+02  4.40617300e-07 
 7.41310241e+02  4.36314046e-07 
 7.58577575e+02  4.32053126e-07 
 7.76247117e+02  4.27834121e-07 
 7.94328235e+02  4.23656616e-07 
 8.12830516e+02  4.19520201e-07 
 8.31763771e+02  4.15424471e-07 
 8.51138038e+02  4.11369022e-07 
 8.70963590e+02  4.07353458e-07 
 8.91250938e+02  4.03377384e-07 
 9.12010839e+02  3.99440410e-07 
 9.33254301e+02  3.95542149e-07 
 9.54992586e+02  3.91682220e-07 
 9.77237221e+02  3.87860244e-07 
 1.00000000e+03  3.84075847e-07 
 1.02329299e+03  3.80328656e-07 
 1.04712855e+03  3.76618306e-07 
 1.07151931e+03  3.72944432e-07 
 1.09647820e+03  3.69306674e-07 
 1.12201845e+03  3.65704676e-07 
 1.14815362e+03  3.62138085e-07 
 1.17489755e+03  3.58606552e-07 
 1.20226443e+03  3.55109730e-07 
 1.23026877e+03  3.51647278e-07 
 1.25892541e+03  3.48218856e-07 
 1.28824955e+03  3.44824129e-07 
 1.31825674e+03  3.41462765e-07 
 1.34896288e+03  3.38134435e-07 
 1.38038426e+03  3.34838812e-07 
 1.41253754e+03  3.31575575e-07 
 1.44543977e+03  3.28344404e-07 
 1.47910839e+03  3.25144983e-07 
 1.51356125e+03  3.21977000e-07 
 1.54881662e+03  3.18840145e-07 
 1.58489319e+03  3.15734110e-07 
 1.62181010e+03  3.12658593e-07 
 1.65958691e+03  3.09613293e-07 
 1.69824365e+03  3.06597912e-07 
 1.73780083e+03  3.03612155e-07 
 1.77827941e+03  3.00655732e-07 
 1.81970086e+03  2.97728352e-07 
 1.86208714e+03  2.94829731e-07 
 1.90546072e+03  2.91959585e-07 
 1.94984460e+03  2.89117633e-07 
 1.99526231e+03  2.86303600e-07 
 2.04173794e+03  2.83517208e-07 
 2.08929613e+03  2.80758188e-07 
 2.13796209e+03  2.78026269e-07 
 2.18776162e+03  2.75321186e-07 
 2.23872114e+03  2.72642673e-07 
 2.29086765e+03  2.69990470e-07 
 2.34422882e+03  2.67364319e-07 
 2.39883292e+03  2.64763962e-07 
 2.45470892e+03  2.62189147e-07 
 2.51188643e+03  2.59639622e-07 
 2.57039578e+03  2.57115139e-07 
 2.63026799e+03  2.54615452e-07 
 2.69153480e+03  2.52140318e-07 
 2.75422870e+03  2.49689494e-07 
 2.81838293e+03  2.47262743e-07 
 2.88403150e+03  2.44859828e-07 
 2.95120923e+03  2.42480514e-07 
 3.01995172e+03  2.40124571e-07 
 3.09029543e+03  2.37791768e-07 
 3.16227766e+03  2.35481879e-07 
 3.23593657e+03  2.33194679e-07 
 3.31131121e+03  2.30929944e-07 
 3.38844156e+03  2.28687455e-07 
 3.46736850e+03  2.26466994e-07 
 3.54813389e+03  2.24268344e-07 
 3.63078055e+03  2.22091291e-07 
 3.71535229e+03  2.19935624e-07 
 3.80189396e+03  2.17801133e-07 
 3.89045145e+03  2.15687611e-07 
 3.98107171e+03  2.13594851e-07 
 4.07380278e+03  2.11522651e-07 
 4.16869383e+03  2.09470809e-07 
 4.26579519e+03  2.07439125e-07 
 4.36515832e+03  2.05427402e-07 
 4.46683592e+03  2.03435444e-07 
 4.57088190e+03  2.01463059e-07 
 4.67735141e+03  1.99510054e-07 
 4.78630092e+03  1.97576239e-07 
 4.89778819e+03  1.95661428e-07 
 5.01187234e+03  1.93765433e-07 
 5.12861384e+03  1.91888070e-07 
 5.24807460e+03  1.90029158e-07 
 5.37031796e+03  1.88188516e-07 
 5.49540874e+03  1.86365965e-07 
 5.62341325e+03  1.84561329e-07 
 5.75439937e+03  1.82774432e-07 
 5.88843655e+03  1.81005100e-07 
 6.02559586e+03  1.79253162e-07 
 6.16595002e+03  1.77518449e-07 
 6.30957344e+03  1.75800791e-07 
 6.45654229e+03  1.74100023e-07 
 6.60693448e+03  1.72415979e-07 
 6.76082975e+03  1.70748495e-07 
 6.91830971e+03  1.69097411e-07 
 7.07945784e+03  1.67462566e-07 
 7.24435960e+03  1.65843802e-07 
 7.41310241e+03  1.64240962e-07 
 7.58577575e+03  1.62653890e-07 
 7.76247117e+03  1.61082433e-07 
 7.94328235e+03  1.59526438e-07 
 8.12830516e+03  1.57985755e-07 
 8.31763771e+03  1.56460234e-07 
 8.51138038e+03  1.54949727e-07 
 8.70963590e+03  1.53454089e-07 
 8.91250938e+03  1.51973174e-07 
 9.12010839e+03  1.50506840e-07 
 9.33254301e+03  1.49054943e-07 
 9.54992586e+03  1.47617344e-07 
 9.77237221e+03  1.46193903e-07 
 1.00000000e+04  1.44784483e-07 
 1.02329299e+04  1.43388946e-07 
 1.04712855e+04  1.42007159e-07 
 1.07151931e+04  1.40638987e-07 
 1.09647820e+04  1.39284298e-07 
 1.12201845e+04  1.37942961e-07 
 1.14815362e+04  1.36614846e-07 
 1.17489755e+04  1.35299824e-07 
 1.20226443e+04  1.33997770e-07 
 1.23026877e+04  1.32708555e-07 
 1.25892541e+04  1.31432057e-07 
 1.28824955e+04  1.30168151e-07 
 1.31825674e+04  1.28916715e-07 
 1.34896288e+04  1.27677629e-07 
 1.38038426e+04  1.26450772e-07 
 1.41253754e+04  1.25236026e-07 
 1.44543977e+04  1.24033273e-07 
 1.47910839e+04  1.22842398e-07 
 1.51356125e+04  1.21663285e-07 
 1.54881662e+04  1.20495820e-07 
 1.58489319e+04  1.19339891e-07 
 1.62181010e+04  1.18195386e-07 
 1.65958691e+04  1.17062194e-07 
 1.69824365e+04  1.15940205e-07 
 1.73780083e+04  1.14829313e-07 
 1.77827941e+04  1.13729408e-07 
 1.81970086e+04  1.12640385e-07 
 1.86208714e+04  1.11562140e-07 
 1.90546072e+04  1.10494566e-07 
 1.94984460e+04  1.09437563e-07 
 1.99526231e+04  1.08391027e-07 
 2.04173794e+04  1.07354858e-07 
 2.08929613e+04  1.06328955e-07 
 2.13796209e+04  1.05313220e-07 
 2.18776162e+04  1.04307554e-07 
 2.23872114e+04  1.03311861e-07 
 2.29086765e+04  1.02326044e-07 
 2.34422882e+04  1.01350008e-07 
 2.39883292e+04  1.00383660e-07 
 2.45470892e+04  9.94269054e-08 
 2.51188643e+04  9.84796524e-08 
 2.57039578e+04  9.75418096e-08 
 2.63026799e+04  9.66132865e-08 
 2.69153480e+04  9.56939936e-08 
 2.75422870e+04  9.47838422e-08 
 2.81838293e+04  9.38827445e-08 
 2.88403150e+04  9.29906136e-08 
 2.95120923e+04  9.21073635e-08 
 3.01995172e+04  9.12329089e-08 
 3.09029543e+04  9.03671657e-08 
 3.16227766e+04  8.95100502e-08 
 3.23593657e+04  8.86614799e-08 
 3.31131121e+04  8.78213729e-08 
 3.38844156e+04  8.69896482e-08 
 3.46736850e+04  8.61662256e-08 
 3.54813389e+04  8.53510258e-08 
 3.63078055e+04  8.45439701e-08 
 3.71535229e+04  8.37449808e-08 
 3.80189396e+04  8.29539807e-08 
 3.89045145e+04  8.21708937e-08 
 3.98107171e+04  8.13956442e-08 
 4.07380278e+04  8.06281576e-08 
 4.16869383e+04  7.98683597e-08 
 4.26579519e+04  7.91161774e-08 
 4.36515832e+04  7.83715382e-08 
 4.46683592e+04  7.76343702e-08 
 4.57088190e+04  7.69046024e-08 
 4.67735141e+04  7.61821644e-08 
 4.78630092e+04  7.54669865e-08 
 4.89778819e+04  7.47589999e-08 
 5.01187234e+04  7.40581362e-08 
 5.12861384e+04  7.33643279e-08 
 5.24807460e+04  7.26775080e-08 
 5.37031796e+04  7.19976103e-08 
 5.49540874e+04  7.13245692e-08 
 5.62341325e+04  7.06583199e-08 
 5.75439937e+04  6.99987981e-08 
 5.88843655e+04  6.93459401e-08 
 6.02559586e+04  6.86996829e-08 
 6.16595002e+04  6.80599643e-08 
 6.30957344e+04  6.74267224e-08 
 6.45654229e+04  6.67998963e-08 
 6.60693448e+04  6.61794253e-08 
 6.76082975e+04  6.55652496e-08 
 6.91830971e+04  6.49573100e-08 
 7.07945784e+04  6.43555476e-08 
 7.24435960e+04  6.37599045e-08 
 7.41310241e+04  6.31703231e-08 
 7.58577575e+04  6.25867464e-08 
 7.76247117e+04  6.20091180e-08 
 7.94328235e+04  6.14373823e-08 
 8.12830516e+04  6.08714838e-08 
 8.31763771e+04  6.03113680e-08 
 8.51138038e+04  5.97569806e-08 
 8.70963590e+04  5.92082681e-08 
 8.91250938e+04  5.86651773e-08 
 9.12010839e+04  5.81276558e-08 
 9.33254301e+04  5.75956515e-08 
 9.54992586e+04  5.70691130e-08 
 9.77237221e+04  5.65479892e-08 
 1.00000000e+05  5.60322297e-08 
 1.02329299e+05  5.55217845e-08 
 1.04712855e+05  5.50166041e-08 
 1.07151931e+05  5.45166397e-08 
 1.09647820e+05  5.40218426e-08 
 1.12201845e+05  5.35321650e-08 
 1.14815362e+05  5.30475592e-08 
 1.17489755e+05  5.25679783e-08 
 1.20226443e+05  5.20933756e-08 
 1.23026877e+05  5.16237051e-08 
 1.25892541e+05  5.11589211e-08 
 1.28824955e+05  5.06989784e-08 
 1.31825674e+05  5.02438322e-08 
 1.34896288e+05  4.97934382e-08 
 1.38038426e+05  4.93477526e-08 
 1.41253754e+05  4.89067320e-08 
 1.44543977e+05  4.84703333e-08 
 1.47910839e+05  4.80385139e-08 
 1.51356125e+05  4.76112318e-08 
 1.54881662e+05  4.71884451e-08 
 1.58489319e+05  4.67701126e-08 
 1.62181010e+05  4.63561933e-08 
 1.65958691e+05  4.59466467e-08 
 1.69824365e+05  4.55414327e-08 
 1.73780083e+05  4.51405116e-08 
 1.77827941e+05  4.47438440e-08 
 1.81970086e+05  4.43513911e-08 
 1.86208714e+05  4.39631141e-08 
 1.90546072e+05  4.35789750e-08 
 1.94984460e+05  4.31989359e-08 
 1.99526231e+05  4.28229594e-08 
 2.04173794e+05  4.24510084e-08 
 2.08929613e+05  4.20830462e-08 
 2.13796209e+05  4.17190364e-08 
 2.18776162e+05  4.13589430e-08 
 2.23872114e+05  4.10027303e-08 
 2.29086765e+05  4.06503630e-08 
 2.34422882e+05  4.03018061e-08 
 2.39883292e+05  3.99570250e-08 
 2.45470892e+05  3.96159854e-08 
 2.51188643e+05  3.92786532e-08 
 2.57039578e+05  3.89449949e-08 
 2.63026799e+05  3.86149770e-08 
 2.69153480e+05  3.82885665e-08 
 2.75422870e+05  3.79657307e-08 
 2.81838293e+05  3.76464373e-08 
 2.88403150e+05  3.73306540e-08 
 2.95120923e+05  3.70183492e-08 
 3.01995172e+05  3.67094912e-08 
 3.09029543e+05  3.64040490e-08 
 3.16227766e+05  3.61019915e-08 
 3.23593657e+05  3.58032881e-08 
 3.31131121e+05  3.55079085e-08 
 3.38844156e+05  3.52158226e-08 
 3.46736850e+05  3.49270006e-08 
 3.54813389e+05  3.46414130e-08 
 3.63078055e+05  3.43590305e-08 
 3.71535229e+05  3.40798241e-08 
 3.80189396e+05  3.38037652e-08 
 3.89045145e+05  3.35308251e-08 
 3.98107171e+05  3.32609757e-08 
 4.07380278e+05  3.29941891e-08 
 4.16869383e+05  3.27304374e-08 
 4.26579519e+05  3.24696933e-08 
 4.36515832e+05  3.22119294e-08 
 4.46683592e+05  3.19571189e-08 
 4.57088190e+05  3.17052348e-08 
 4.67735141e+05  3.14562508e-08 
 4.78630092e+05  3.12101404e-08 
 4.89778819e+05  3.09668776e-08 
 5.01187234e+05  3.07264365e-08 
 5.12861384e+05  3.04887916e-08 
 5.24807460e+05  3.02539173e-08 
 5.37031796e+05  3.00217884e-08 
 5.49540874e+05  2.97923800e-08 
 5.62341325e+05  2.95656672e-08 
 5.75439937e+05  2.93416255e-08 
 5.88843655e+05  2.91202305e-08 
 6.02559586e+05  2.89014579e-08 
 6.16595002e+05  2.86852837e-08 
 6.30957344e+05  2.84716842e-08 
 6.45654229e+05  2.82606357e-08 
 6.60693448e+05  2.80521148e-08 
 6.76082975e+05  2.78460981e-08 
 6.91830971e+05  2.76425628e-08 
 7.07945784e+05  2.74414858e-08 
 7.24435960e+05  2.72428444e-08 
 7.41310241e+05  2.70466161e-08 
 7.58577575e+05  2.68527785e-08 
 7.76247117e+05  2.66613094e-08 
 7.94328235e+05  2.64721868e-08 
 8.12830516e+05  2.62853888e-08 
 8.31763771e+05  2.61008936e-08 
 8.51138038e+05  2.59186797e-08 
 8.70963590e+05  2.57387256e-08 
 8.91250938e+05  2.55610102e-08 
 9.12010839e+05  2.53855123e-08 
 9.33254301e+05  2.52122110e-08 
 9.54992586e+05  2.50410855e-08 
 9.77237221e+05  2.48721151e-08 
 1.00000000e+06  2.47052792e-08 
 1.02329299e+06  2.45405576e-08 
 1.04712855e+06  2.43779299e-08 
 1.07151931e+06  2.42173761e-08 
 1.09647820e+06  2.40588762e-08 
 1.12201845e+06  2.39024104e-08 
 1.14815362e+06  2.37479589e-08 
 1.17489755e+06  2.35955023e-08 
 1.20226443e+06  2.34450210e-08 
 1.23026877e+06  2.32964957e-08 
 1.25892541e+06  2.31499072e-08 
 1.28824955e+06  2.30052365e-08 
 1.31825674e+06  2.28624647e-08 
 1.34896288e+06  2.27215728e-08 
 1.38038426e+06  2.25825422e-08 
 1.41253754e+06  2.24453544e-08 
 1.44543977e+06  2.23099907e-08 
 1.47910839e+06  2.21764329e-08 
 1.51356125e+06  2.20446628e-08 
 1.54881662e+06  2.19146621e-08 
 1.58489319e+06  2.17864129e-08 
 1.62181010e+06  2.16598973e-08 
 1.65958691e+06  2.15350974e-08 
 1.69824365e+06  2.14119956e-08 
 1.73780083e+06  2.12905743e-08 
 1.77827941e+06  2.11708161e-08 
 1.81970086e+06  2.10527035e-08 
 1.86208714e+06  2.09362193e-08 
 1.90546072e+06  2.08213463e-08 
 1.94984460e+06  2.07080675e-08 
 1.99526231e+06  2.05963660e-08 
 2.04173794e+06  2.04862248e-08 
 2.08929613e+06  2.03776274e-08 
 2.13796209e+06  2.02705569e-08 
 2.18776162e+06  2.01649969e-08 
 2.23872114e+06  2.00609309e-08 
 2.29086765e+06  1.99583427e-08 
 2.34422882e+06  1.98572159e-08 
 2.39883292e+06  1.97575345e-08 
 2.45470892e+06  1.96592823e-08 
 2.51188643e+06  1.95624435e-08 
 2.57039578e+06  1.94670023e-08 
 2.63026799e+06  1.93729429e-08 
 2.69153480e+06  1.92802496e-08 
 2.75422870e+06  1.91889070e-08 
 2.81838293e+06  1.90988996e-08 
 2.88403150e+06  1.90102121e-08 
 2.95120923e+06  1.89228292e-08 
 3.01995172e+06  1.88367358e-08 
 3.09029543e+06  1.87519169e-08 
 3.16227766e+06  1.86683575e-08 
 3.23593657e+06  1.85860428e-08 
 3.31131121e+06  1.85049580e-08 
 3.38844156e+06  1.84250886e-08 
 3.46736850e+06  1.83464200e-08 
 3.54813389e+06  1.82689378e-08 
 3.63078055e+06  1.81926276e-08 
 3.71535229e+06  1.81174753e-08 
 3.80189396e+06  1.80434666e-08 
 3.89045145e+06  1.79705875e-08 
 3.98107171e+06  1.78988243e-08 
 4.07380278e+06  1.78281629e-08 
 4.16869383e+06  1.77585897e-08 
 4.26579519e+06  1.76900912e-08 
 4.36515832e+06  1.76226537e-08 
 4.46683592e+06  1.75562639e-08 
 4.57088190e+06  1.74909084e-08 
 4.67735141e+06  1.74265742e-08 
 4.78630092e+06  1.73632480e-08 
 4.89778819e+06  1.73009170e-08 
 5.01187234e+06  1.72395681e-08 
 5.12861384e+06  1.71791888e-08 
 5.24807460e+06  1.71197662e-08 
 5.37031796e+06  1.70612878e-08 
 5.49540874e+06  1.70037412e-08 
 5.62341325e+06  1.69471141e-08 
 5.75439937e+06  1.68913941e-08 
 5.88843655e+06  1.68365692e-08 
 6.02559586e+06  1.67826274e-08 
 6.16595002e+06  1.67295566e-08 
 6.30957344e+06  1.66773452e-08 
 6.45654229e+06  1.66259815e-08 
 6.60693448e+06  1.65754538e-08 
 6.76082975e+06  1.65257506e-08 
 6.91830971e+06  1.64768607e-08 
 7.07945784e+06  1.64287728e-08 
 7.24435960e+06  1.63814757e-08 
 7.41310241e+06  1.63349584e-08 
 7.58577575e+06  1.62892099e-08 
 7.76247117e+06  1.62442195e-08 
 7.94328235e+06  1.61999765e-08 
 8.12830516e+06  1.61564703e-08 
 8.31763771e+06  1.61136904e-08 
 8.51138038e+06  1.60716264e-08 
 8.70963590e+06  1.60302682e-08 
 8.91250938e+06  1.59896055e-08 
 9.12010839e+06  1.59496283e-08 
 9.33254301e+06  1.59103268e-08 
 9.54992586e+06  1.58716912e-08 
 9.77237221e+06  1.58337117e-08 
 1.00000000e+07  1.57963787e-08 
 1.02329299e+07  1.57596829e-08 
 1.04712855e+07  1.57236149e-08 
 1.07151931e+07  1.56881654e-08 
 1.09647820e+07  1.56533253e-08 
 1.12201845e+07  1.56190856e-08 
 1.14815362e+07  1.55854374e-08 
 1.17489755e+07  1.55523720e-08 
 1.20226443e+07  1.55198806e-08 
 1.23026877e+07  1.54879548e-08 
 1.25892541e+07  1.54565860e-08 
 1.28824955e+07  1.54257659e-08 
 1.31825674e+07  1.53954864e-08 
 1.34896288e+07  1.53657393e-08 
 1.38038426e+07  1.53365166e-08 
 1.41253754e+07  1.53078105e-08 
 1.44543977e+07  1.52796131e-08 
 1.47910839e+07  1.52519169e-08 
 1.51356125e+07  1.52247143e-08 
 1.54881662e+07  1.51979979e-08 
 1.58489319e+07  1.51717603e-08 
 1.62181010e+07  1.51459944e-08 
 1.65958691e+07  1.51206930e-08 
 1.69824365e+07  1.50958493e-08 
 1.73780083e+07  1.50714563e-08 
 1.77827941e+07  1.50475073e-08 
 1.81970086e+07  1.50239957e-08 
 1.86208714e+07  1.50009149e-08 
 1.90546072e+07  1.49782585e-08 
 1.94984460e+07  1.49560203e-08 
 1.99526231e+07  1.49341941e-08 
 2.04173794e+07  1.49127738e-08 
 2.08929613e+07  1.48917535e-08 
 2.13796209e+07  1.48711273e-08 
 2.18776162e+07  1.48508895e-08 
 2.23872114e+07  1.48310345e-08 
 2.29086765e+07  1.48115569e-08 
 2.34422882e+07  1.47924513e-08 
 2.39883292e+07  1.47737124e-08 
 2.45470892e+07  1.47553350e-08 
 2.51188643e+07  1.47373143e-08 
 2.57039578e+07  1.47196452e-08 
 2.63026799e+07  1.47023231e-08 
 2.69153480e+07  1.46853433e-08 
 2.75422870e+07  1.46687012e-08 
 2.81838293e+07  1.46523924e-08 
 2.88403150e+07  1.46364127e-08 
 2.95120923e+07  1.46207579e-08 
 3.01995172e+07  1.46054240e-08 
 3.09029543e+07  1.45904070e-08 
 3.16227766e+07  1.45757033e-08 
 3.23593657e+07  1.45613092e-08 
 3.31131121e+07  1.45472211e-08 
 3.38844156e+07  1.45334358e-08 
 3.46736850e+07  1.45199499e-08 
 3.54813389e+07  1.45067604e-08 
 3.63078055e+07  1.44938644e-08 
 3.71535229e+07  1.44812589e-08 
 3.80189396e+07  1.44689415e-08 
 3.89045145e+07  1.44569095e-08 
 3.98107171e+07  1.44451606e-08 
 4.07380278e+07  1.44336926e-08 
 4.16869383e+07  1.44225035e-08 
 4.26579519e+07  1.44115914e-08 
 4.36515832e+07  1.44009545e-08 
 4.46683592e+07  1.43905913e-08 
 4.57088190e+07  1.43805004e-08 
 4.67735141e+07  1.43706807e-08 
 4.78630092e+07  1.43611311e-08 
 4.89778819e+07  1.43518507e-08 
 5.01187234e+07  1.43428391e-08 
 5.12861384e+07  1.43340956e-08 
 5.24807460e+07  1.43256201e-08 
 5.37031796e+07  1.43174126e-08 
 5.49540874e+07  1.43094732e-08 
 5.62341325e+07  1.43018023e-08 
 5.75439937e+07  1.42944007e-08 
 5.88843655e+07  1.42872691e-08 
 6.02559586e+07  1.42804086e-08 
 6.16595002e+07  1.42738208e-08 
 6.30957344e+07  1.42675071e-08 
 6.45654229e+07  1.42614695e-08 
 6.60693448e+07  1.42557102e-08 
 6.76082975e+07  1.42502316e-08 
 6.91830971e+07  1.42450365e-08 
 7.07945784e+07  1.42401280e-08 
 7.24435960e+07  1.42355096e-08 
 7.41310241e+07  1.42311848e-08 
 7.58577575e+07  1.42271579e-08 
 7.76247117e+07  1.42234333e-08 
 7.94328235e+07  1.42200158e-08 
 8.12830516e+07  1.42169106e-08 
 8.31763771e+07  1.42141233e-08 
 8.51138038e+07  1.42116601e-08 
 8.70963590e+07  1.42095273e-08 
 8.91250938e+07  1.42077319e-08 
 9.12010839e+07  1.42062814e-08 
 9.33254301e+07  1.42051836e-08 
 9.54992586e+07  1.42044470e-08 
 9.77237221e+07  1.42040806e-08 
 1.00000000e+08  1.42040940e-08 
 1.02329299e+08  1.42044972e-08 
 1.04712855e+08  1.42053011e-08 
 1.07151931e+08  1.42065169e-08 
 1.09647820e+08  1.42081569e-08 
 1.12201845e+08  1.42102337e-08 
 1.14815362e+08  1.42127608e-08 
 1.17489755e+08  1.42157526e-08 
 1.20226443e+08  1.42192240e-08 
 1.23026877e+08  1.42231911e-08 
 1.25892541e+08  1.42276705e-08 
 1.28824955e+08  1.42326800e-08 
 1.31825674e+08  1.42382382e-08 
 1.34896288e+08  1.42443648e-08 
 1.38038426e+08  1.42510804e-08 
 1.41253754e+08  1.42584070e-08 
 1.44543977e+08  1.42663675e-08 
 1.47910839e+08  1.42749860e-08 
 1.51356125e+08  1.42842880e-08 
 1.54881662e+08  1.42943002e-08 
 1.58489319e+08  1.43050508e-08 
 1.62181010e+08  1.43165694e-08 
 1.65958691e+08  1.43288872e-08 
 1.69824365e+08  1.43420368e-08 
 1.73780083e+08  1.43560527e-08 
 1.77827941e+08  1.43709712e-08 
 1.81970086e+08  1.43868301e-08 
 1.86208714e+08  1.44036696e-08 
 1.90546072e+08  1.44215316e-08 
 1.94984460e+08  1.44404603e-08 
 1.99526231e+08  1.44605021e-08 
 2.04173794e+08  1.44817058e-08 
 2.08929613e+08  1.45041227e-08 
 2.13796209e+08  1.45278067e-08 
 2.18776162e+08  1.45528143e-08 
 2.23872114e+08  1.45792052e-08 
 2.29086765e+08  1.46070418e-08 
 2.34422882e+08  1.46363899e-08 
 2.39883292e+08  1.46673187e-08 
 2.45470892e+08  1.46999007e-08 
 2.51188643e+08  1.47342124e-08 
 2.57039578e+08  1.47703341e-08 
 2.63026799e+08  1.48083502e-08 
 2.69153480e+08  1.48483495e-08 
 2.75422870e+08  1.48904254e-08 
 2.81838293e+08  1.49346761e-08 
 2.88403150e+08  1.49812048e-08 
 2.95120923e+08  1.50301203e-08 
 3.01995172e+08  1.50815369e-08 
 3.09029543e+08  1.51355748e-08 
 3.16227766e+08  1.51923606e-08 
 3.23593657e+08  1.52520275e-08 
 3.31131121e+08  1.53147157e-08 
 3.38844156e+08  1.53805728e-08 
 3.46736850e+08  1.54497542e-08 
 3.54813389e+08  1.55224233e-08 
 3.63078055e+08  1.55987524e-08 
 3.71535229e+08  1.56789228e-08 
 3.80189396e+08  1.57631253e-08 
 3.89045145e+08  1.58515609e-08 
 3.98107171e+08  1.59444413e-08 
 4.07380278e+08  1.60419892e-08 
 4.16869383e+08  1.61444394e-08 
 4.26579519e+08  1.62520386e-08 
 4.36515832e+08  1.63650468e-08 
 4.46683592e+08  1.64837374e-08 
 4.57088190e+08  1.66083981e-08 
 4.67735141e+08  1.67393313e-08 
 4.78630092e+08  1.68768551e-08 
 4.89778819e+08  1.70213034e-08 
 5.01187234e+08  1.71730267e-08 
 5.12861384e+08  1.73323929e-08 
 5.24807460e+08  1.74997873e-08 
 5.37031796e+08  1.76756133e-08 
 5.49540874e+08  1.78602927e-08 
 5.62341325e+08  1.80542656e-08 
 5.75439937e+08  1.82579905e-08 
 5.88843655e+08  1.84719442e-08 
 6.02559586e+08  1.86966209e-08 
 6.16595002e+08  1.89325317e-08 
 6.30957344e+08  1.91802032e-08 
 6.45654229e+08  1.94401753e-08 
 6.60693448e+08  1.97129995e-08 
 6.76082975e+08  1.99992355e-08 
 6.91830971e+08  2.02994468e-08 
 7.07945784e+08  2.06141968e-08 
 7.24435960e+08  2.09440417e-08 
 7.41310241e+08  2.12895241e-08 
 7.58577575e+08  2.16511633e-08 
 7.76247117e+08  2.20294456e-08 
 7.94328235e+08  2.24248113e-08 
 8.12830516e+08  2.28376410e-08 
 8.31763771e+08  2.32682385e-08 
 8.51138038e+08  2.37168123e-08 
 8.70963590e+08  2.41834545e-08 
 8.91250938e+08  2.46681176e-08 
 9.12010839e+08  2.51705888e-08 
 9.33254301e+08  2.56904637e-08 
 9.54992586e+08  2.62271178e-08 
 9.77237221e+08  2.67796785e-08 
 1.00000000e+09  2.73469981e-08 
