 1.00000000e+00 -1.10479605e-03 
 1.25892541e+00 -1.39085582e-03 
 1.58489319e+00 -1.75098374e-03 
 1.99526231e+00 -2.20435792e-03 
 2.51188643e+00 -2.77512220e-03 
 3.16227766e+00 -3.49367186e-03 
 3.98107171e+00 -4.39827228e-03 
 5.01187234e+00 -5.53709674e-03 
 6.30957344e+00 -6.97079178e-03 
 7.94328235e+00 -8.77570689e-03 
 1.00000000e+01 -1.10479604e-02 
 1.25892541e+01 -1.39085579e-02 
 1.58489319e+01 -1.75098368e-02 
 1.99526231e+01 -2.20435781e-02 
 2.51188643e+01 -2.77512199e-02 
 3.16227766e+01 -3.49367143e-02 
 3.98107171e+01 -4.39827143e-02 
 5.01187234e+01 -5.53709504e-02 
 6.30957344e+01 -6.97078838e-02 
 7.94328235e+01 -8.77570010e-02 
 1.00000000e+02 -1.10479468e-01 
 1.25892541e+02 -1.39085309e-01 
 1.58489319e+02 -1.75097829e-01 
 1.99526231e+02 -2.20434705e-01 
 2.51188643e+02 -2.77510051e-01 
 3.16227766e+02 -3.49362858e-01 
 3.98107171e+02 -4.39818593e-01 
 5.01187234e+02 -5.53692445e-01 
 6.30957344e+02 -6.97044802e-01 
 7.94328235e+02 -8.77502103e-01 
 1.00000000e+03 -1.10465920e+00 
 1.25892541e+03 -1.39058281e+00 
 1.58489319e+03 -1.75043911e+00 
 1.99526231e+03 -2.20327161e+00 
 2.51188643e+03 -2.77295586e+00 
 3.16227766e+03 -3.48935297e+00 
 3.98107171e+03 -4.38966616e+00 
 5.01187234e+03 -5.51996051e+00 
 6.30957344e+03 -6.93671126e+00 
 7.94328235e+03 -8.70805407e+00 
 1.00000000e+04 -1.09140548e+01 
 1.25892541e+04 -1.36447127e+01 
 1.58489319e+04 -1.69935394e+01 
 1.99526231e+04 -2.10436891e+01 
 2.51188643e+04 -2.58438040e+01 
 3.16227766e+04 -3.13742196e+01 
 3.98107171e+04 -3.75131617e+01 
 5.01187234e+04 -4.40241259e+01 
 6.30957344e+04 -5.05862990e+01 
 7.94328235e+04 -5.68664752e+01 
 1.00000000e+05 -6.25976859e+01 
 1.25892541e+05 -6.76237736e+01 
 1.58489319e+05 -7.18978684e+01 
 1.99526231e+05 -7.54522793e+01 
 2.51188643e+05 -7.83631517e+01 
 3.16227766e+05 -8.07230959e+01 
 3.98107171e+05 -8.26244993e+01 
 5.01187234e+05 -8.41512513e+01 
 6.30957344e+05 -8.53757267e+01 
 7.94328235e+05 -8.63585838e+01 
 1.00000000e+06 -8.71498595e+01 
 1.25892541e+06 -8.77905296e+01 
 1.58489319e+06 -8.83141273e+01 
 1.99526231e+06 -8.87482422e+01 
 2.51188643e+06 -8.91158447e+01 
 3.16227766e+06 -8.94364370e+01 
 3.98107171e+06 -8.97270543e+01 
 5.01187234e+06 -9.00031539e+01 
 6.30957344e+06 -9.02794289e+01 
 7.94328235e+06 -9.05705853e+01 
 1.00000000e+07 -9.08921218e+01 
 1.25892541e+07 -9.12611523e+01 
 1.58489319e+07 -9.16973129e+01 
 1.99526231e+07 -9.22237987e+01 
 2.51188643e+07 -9.28685843e+01 
 3.16227766e+07 -9.36658814e+01 
 3.98107171e+07 -9.46578992e+01 
 5.01187234e+07 -9.58969674e+01 
 6.30957344e+07 -9.74480758e+01 
 7.94328235e+07 -9.93918398e+01 
 1.00000000e+08 -1.01827806e+02 
 1.25892541e+08 -1.04877781e+02 
 1.58489319e+08 -1.08688366e+02 
 1.99526231e+08 -1.13430878e+02 
 2.51188643e+08 -1.19294690e+02 
 3.16227766e+08 -1.26465867e+02 
 3.98107171e+08 -1.35075020e+02 
 5.01187234e+08 -1.45085189e+02 
 6.30957344e+08 -1.56077004e+02 
 7.94328235e+08 -1.66912893e+02 
 1.00000000e+09 -1.75499239e+02 
