 1.00000000e+00 -1.10596712e-03 
 1.25892541e+00 -1.39233011e-03 
 1.58489319e+00 -1.75283976e-03 
 1.99526231e+00 -2.20669451e-03 
 2.51188643e+00 -2.77806380e-03 
 3.16227766e+00 -3.49737511e-03 
 3.98107171e+00 -4.40293440e-03 
 5.01187234e+00 -5.54296599e-03 
 6.30957344e+00 -6.97818073e-03 
 7.94328235e+00 -8.78500902e-03 
 1.00000000e+01 -1.10596711e-02 
 1.25892541e+01 -1.39233008e-02 
 1.58489319e+01 -1.75283970e-02 
 1.99526231e+01 -2.20669440e-02 
 2.51188643e+01 -2.77806358e-02 
 3.16227766e+01 -3.49737468e-02 
 3.98107171e+01 -4.40293354e-02 
 5.01187234e+01 -5.54296428e-02 
 6.30957344e+01 -6.97817731e-02 
 7.94328235e+01 -8.78500221e-02 
 1.00000000e+02 -1.10596575e-01 
 1.25892541e+02 -1.39232737e-01 
 1.58489319e+02 -1.75283429e-01 
 1.99526231e+02 -2.20668361e-01 
 2.51188643e+02 -2.77804204e-01 
 3.16227766e+02 -3.49733169e-01 
 3.98107171e+02 -4.40284777e-01 
 5.01187234e+02 -5.54279316e-01 
 6.30957344e+02 -6.97783590e-01 
 7.94328235e+02 -8.78432103e-01 
 1.00000000e+03 -1.10582984e+00 
 1.25892541e+03 -1.39205625e+00 
 1.58489319e+03 -1.75229344e+00 
 1.99526231e+03 -2.20560482e+00 
 2.51188643e+03 -2.77589071e+00 
 3.16227766e+03 -3.49304280e+00 
 3.98107171e+03 -4.39430155e+00 
 5.01187234e+03 -5.52577663e+00 
 6.30957344e+03 -6.94399477e+00 
 7.94328235e+03 -8.71714761e+00 
 1.00000000e+04 -1.09253548e+01 
 1.25892541e+04 -1.36586530e+01 
 1.58489319e+04 -1.70105488e+01 
 1.99526231e+04 -2.10641081e+01 
 2.51188643e+04 -2.58677530e+01 
 3.16227766e+04 -3.14014357e+01 
 3.98107171e+04 -3.75428781e+01 
 5.01187234e+04 -4.40551026e+01 
 6.30957344e+04 -5.06170721e+01 
 7.94328235e+04 -5.68957330e+01 
 1.00000000e+05 -6.26245744e+01 
 1.25892541e+05 -6.76479931e+01 
 1.58489319e+05 -7.19195909e+01 
 1.99526231e+05 -7.54719957e+01 
 2.51188643e+05 -7.83815377e+01 
 3.16227766e+05 -8.07409283e+01 
 3.98107171e+05 -8.26426213e+01 
 5.01187234e+05 -8.41705731e+01 
 6.30957344e+05 -8.53972490e+01 
 7.94328235e+05 -8.63834385e+01 
 1.00000000e+06 -8.71793629e+01 
 1.25892541e+06 -8.78262494e+01 
 1.58489319e+06 -8.83579638e+01 
 1.99526231e+06 -8.88025288e+01 
 2.51188643e+06 -8.91834719e+01 
 3.16227766e+06 -8.95210058e+01 
 3.98107171e+06 -8.98330679e+01 
 5.01187234e+06 -9.01362573e+01 
 6.30957344e+06 -9.04467091e+01 
 7.94328235e+06 -9.07809482e+01 
 1.00000000e+07 -9.11567653e+01 
 1.25892541e+07 -9.15941603e+01 
 1.58489319e+07 -9.21164006e+01 
 1.99526231e+07 -9.27512468e+01 
 2.51188643e+07 -9.35324067e+01 
 3.16227766e+07 -9.45012800e+01 
 3.98107171e+07 -9.57090630e+01 
 5.01187234e+07 -9.72192736e+01 
 6.30957344e+07 -9.91107291e+01 
 7.94328235e+07 -1.01480920e+02 
 1.00000000e+08 -1.04449516e+02 
 1.25892541e+08 -1.08161250e+02 
 1.58489319e+08 -1.12786278e+02 
 1.99526231e+08 -1.18513506e+02 
 2.51188643e+08 -1.25526505e+02 
 3.16227766e+08 -1.33939369e+02 
 3.98107171e+08 -1.43649455e+02 
 5.01187234e+08 -1.54052948e+02 
 6.30957344e+08 -1.63665857e+02 
 7.94328235e+08 -1.70175618e+02 
 1.00000000e+09 -1.72356587e+02 
