 1.00000000e+00  1.76104023e+01 
 1.25892541e+00  1.76104023e+01 
 1.58489319e+00  1.76104023e+01 
 1.99526231e+00  1.76104023e+01 
 2.51188643e+00  1.76104023e+01 
 3.16227766e+00  1.76104023e+01 
 3.98107171e+00  1.76104023e+01 
 5.01187234e+00  1.76104023e+01 
 6.30957344e+00  1.76104023e+01 
 7.94328235e+00  1.76104023e+01 
 1.00000000e+01  1.76104023e+01 
 1.25892541e+01  1.76104023e+01 
 1.58489319e+01  1.76104023e+01 
 1.99526231e+01  1.76104023e+01 
 2.51188643e+01  1.76104022e+01 
 3.16227766e+01  1.76104022e+01 
 3.98107171e+01  1.76104022e+01 
 5.01187234e+01  1.76104022e+01 
 6.30957344e+01  1.76104022e+01 
 7.94328235e+01  1.76104022e+01 
 1.00000000e+02  1.76104022e+01 
 1.25892541e+02  1.76104021e+01 
 1.58489319e+02  1.76104020e+01 
 1.99526231e+02  1.76104019e+01 
 2.51188643e+02  1.76104017e+01 
 3.16227766e+02  1.76104014e+01 
 3.98107171e+02  1.76104009e+01 
 5.01187234e+02  1.76104000e+01 
 6.30957344e+02  1.76103987e+01 
 7.94328235e+02  1.76103967e+01 
 1.00000000e+03  1.76103934e+01 
 1.25892541e+03  1.76103882e+01 
 1.58489319e+03  1.76103800e+01 
 1.99526231e+03  1.76103670e+01 
 2.51188643e+03  1.76103464e+01 
 3.16227766e+03  1.76103137e+01 
 3.98107171e+03  1.76102619e+01 
 5.01187234e+03  1.76101799e+01 
 6.30957344e+03  1.76100498e+01 
 7.94328235e+03  1.76098436e+01 
 1.00000000e+04  1.76095169e+01 
 1.25892541e+04  1.76089992e+01 
 1.58489319e+04  1.76081788e+01 
 1.99526231e+04  1.76068789e+01 
 2.51188643e+04  1.76048194e+01 
 3.16227766e+04  1.76015573e+01 
 3.98107171e+04  1.75963923e+01 
 5.01187234e+04  1.75882189e+01 
 6.30957344e+04  1.75752963e+01 
 7.94328235e+04  1.75548938e+01 
 1.00000000e+05  1.75227532e+01 
 1.25892541e+05  1.74722959e+01 
 1.58489319e+05  1.73935084e+01 
 1.99526231e+05  1.72714944e+01 
 2.51188643e+05  1.70848743e+01 
 3.16227766e+05  1.68046071e+01 
 3.98107171e+05  1.63944367e+01 
 5.01187234e+05  1.58146036e+01 
 6.30957344e+05  1.50297305e+01 
 7.94328235e+05  1.40190101e+01 
 1.00000000e+06  1.27835262e+01 
 1.25892541e+06  1.13458488e+01 
 1.58489319e+06  9.74219127e+00 
 1.99526231e+06  8.01225718e+00 
 2.51188643e+06  6.19172244e+00 
 3.16227766e+06  4.30889265e+00 
 3.98107171e+06  2.38447683e+00 
 5.01187234e+06  4.32844135e-01 
 6.30957344e+06 -1.53637291e+00 
 7.94328235e+06 -3.51686002e+00 
 1.00000000e+07 -5.50453904e+00 
 1.25892541e+07 -7.49680431e+00 
 1.58489319e+07 -9.49200785e+00 
 1.99526231e+07 -1.14891229e+01 
 2.51188643e+07 -1.34875303e+01 
 3.16227766e+07 -1.54868874e+01 
 3.98107171e+07 -1.74870559e+01 
 5.01187234e+07 -1.94880719e+01 
 6.30957344e+07 -2.14901536e+01 
 7.94328235e+07 -2.34937471e+01 
 1.00000000e+08 -2.54996204e+01 
 1.25892541e+08 -2.75090220e+01 
 1.58489319e+08 -2.95239329e+01 
 1.99526231e+08 -3.15474513e+01 
 2.51188643e+08 -3.35843563e+01 
 3.16227766e+08 -3.56418846e+01 
 3.98107171e+08 -3.77306899e+01 
 5.01187234e+08 -3.98657644e+01 
 6.30957344e+08 -4.20666855e+01 
 7.94328235e+08 -4.43558793e+01 
 1.00000000e+09 -4.67530106e+01 
