 1.00000000e+00  1.76104092e+01 
 1.25892541e+00  1.76104092e+01 
 1.58489319e+00  1.76104092e+01 
 1.99526231e+00  1.76104092e+01 
 2.51188643e+00  1.76104092e+01 
 3.16227766e+00  1.76104092e+01 
 3.98107171e+00  1.76104092e+01 
 5.01187234e+00  1.76104092e+01 
 6.30957344e+00  1.76104092e+01 
 7.94328235e+00  1.76104092e+01 
 1.00000000e+01  1.76104092e+01 
 1.25892541e+01  1.76104092e+01 
 1.58489319e+01  1.76104092e+01 
 1.99526231e+01  1.76104092e+01 
 2.51188643e+01  1.76104092e+01 
 3.16227766e+01  1.76104091e+01 
 3.98107171e+01  1.76104091e+01 
 5.01187234e+01  1.76104091e+01 
 6.30957344e+01  1.76104091e+01 
 7.94328235e+01  1.76104091e+01 
 1.00000000e+02  1.76104091e+01 
 1.25892541e+02  1.76104090e+01 
 1.58489319e+02  1.76104089e+01 
 1.99526231e+02  1.76104088e+01 
 2.51188643e+02  1.76104086e+01 
 3.16227766e+02  1.76104083e+01 
 3.98107171e+02  1.76104078e+01 
 5.01187234e+02  1.76104069e+01 
 6.30957344e+02  1.76104056e+01 
 7.94328235e+02  1.76104036e+01 
 1.00000000e+03  1.76104003e+01 
 1.25892541e+03  1.76103952e+01 
 1.58489319e+03  1.76103870e+01 
 1.99526231e+03  1.76103740e+01 
 2.51188643e+03  1.76103534e+01 
 3.16227766e+03  1.76103209e+01 
 3.98107171e+03  1.76102692e+01 
 5.01187234e+03  1.76101874e+01 
 6.30957344e+03  1.76100577e+01 
 7.94328235e+03  1.76098521e+01 
 1.00000000e+04  1.76095263e+01 
 1.25892541e+04  1.76090099e+01 
 1.58489319e+04  1.76081918e+01 
 1.99526231e+04  1.76068954e+01 
 2.51188643e+04  1.76048415e+01 
 3.16227766e+04  1.76015883e+01 
 3.98107171e+04  1.75964373e+01 
 5.01187234e+04  1.75882861e+01 
 6.30957344e+04  1.75753984e+01 
 7.94328235e+04  1.75550510e+01 
 1.00000000e+05  1.75229964e+01 
 1.25892541e+05  1.74726731e+01 
 1.58489319e+05  1.73940915e+01 
 1.99526231e+05  1.72723894e+01 
 2.51188643e+05  1.70862295e+01 
 3.16227766e+05  1.68066176e+01 
 3.98107171e+05  1.63973332e+01 
 5.01187234e+05  1.58186183e+01 
 6.30957344e+05  1.50350400e+01 
 7.94328235e+05  1.40256773e+01 
 1.00000000e+06  1.27914768e+01 
 1.25892541e+06  1.13548991e+01 
 1.58489319e+06  9.75210749e+00 
 1.99526231e+06  8.02281121e+00 
 2.51188643e+06  6.20272409e+00 
 3.16227766e+06  4.32019877e+00 
 3.98107171e+06  2.39598707e+00 
 5.01187234e+06  4.44492172e-01 
 6.30957344e+06 -1.52462792e+00 
 7.94328235e+06 -3.50503975e+00 
 1.00000000e+07 -5.49264965e+00 
 1.25892541e+07 -7.48483731e+00 
 1.58489319e+07 -9.47993812e+00 
 1.99526231e+07 -1.14769033e+01 
 2.51188643e+07 -1.34750811e+01 
 3.16227766e+07 -1.54740798e+01 
 3.98107171e+07 -1.74736836e+01 
 5.01187234e+07 -1.94738071e+01 
 6.30957344e+07 -2.14744768e+01 
 7.94328235e+07 -2.34758368e+01 
 1.00000000e+08 -2.54781788e+01 
 1.25892541e+08 -2.74820045e+01 
 1.58489319e+08 -2.94881294e+01 
 1.99526231e+08 -3.14978504e+01 
 2.51188643e+08 -3.35132029e+01 
 3.16227766e+08 -3.55373445e+01 
 3.98107171e+08 -3.75751027e+01 
 5.01187234e+08 -3.96336950e+01 
 6.30957344e+08 -4.17235442e+01 
 7.94328235e+08 -4.38588837e+01 
 1.00000000e+09 -4.60574402e+01 
