 1.00000000e+00  1.59328062e-05 
 1.02329299e+00  1.57753804e-05 
 1.04712855e+00  1.56195229e-05 
 1.07151931e+00  1.54652179e-05 
 1.09647820e+00  1.53124497e-05 
 1.12201845e+00  1.51612029e-05 
 1.14815362e+00  1.50114621e-05 
 1.17489755e+00  1.48632124e-05 
 1.20226443e+00  1.47164385e-05 
 1.23026877e+00  1.45711258e-05 
 1.25892541e+00  1.44272594e-05 
 1.28824955e+00  1.42848250e-05 
 1.31825674e+00  1.41438080e-05 
 1.34896288e+00  1.40041942e-05 
 1.38038426e+00  1.38659696e-05 
 1.41253754e+00  1.37291201e-05 
 1.44543977e+00  1.35936320e-05 
 1.47910839e+00  1.34594915e-05 
 1.51356125e+00  1.33266852e-05 
 1.54881662e+00  1.31951996e-05 
 1.58489319e+00  1.30650215e-05 
 1.62181010e+00  1.29361378e-05 
 1.65958691e+00  1.28085354e-05 
 1.69824365e+00  1.26822015e-05 
 1.73780083e+00  1.25571233e-05 
 1.77827941e+00  1.24332883e-05 
 1.81970086e+00  1.23106840e-05 
 1.86208714e+00  1.21892980e-05 
 1.90546072e+00  1.20691182e-05 
 1.94984460e+00  1.19501323e-05 
 1.99526231e+00  1.18323284e-05 
 2.04173794e+00  1.17156948e-05 
 2.08929613e+00  1.16002196e-05 
 2.13796209e+00  1.14858912e-05 
 2.18776162e+00  1.13726981e-05 
 2.23872114e+00  1.12606290e-05 
 2.29086765e+00  1.11496726e-05 
 2.34422882e+00  1.10398177e-05 
 2.39883292e+00  1.09310533e-05 
 2.45470892e+00  1.08233684e-05 
 2.51188643e+00  1.07167523e-05 
 2.57039578e+00  1.06111943e-05 
 2.63026799e+00  1.05066837e-05 
 2.69153480e+00  1.04032101e-05 
 2.75422870e+00  1.03007630e-05 
 2.81838293e+00  1.01993322e-05 
 2.88403150e+00  1.00989076e-05 
 2.95120923e+00  9.99947895e-06 
 3.01995172e+00  9.90103642e-06 
 3.09029543e+00  9.80357010e-06 
 3.16227766e+00  9.70707022e-06 
 3.23593657e+00  9.61152710e-06 
 3.31131121e+00  9.51693119e-06 
 3.38844156e+00  9.42327299e-06 
 3.46736850e+00  9.33054314e-06 
 3.54813389e+00  9.23873234e-06 
 3.63078055e+00  9.14783141e-06 
 3.71535229e+00  9.05783124e-06 
 3.80189396e+00  8.96872284e-06 
 3.89045145e+00  8.88049728e-06 
 3.98107171e+00  8.79314575e-06 
 4.07380278e+00  8.70665950e-06 
 4.16869383e+00  8.62102989e-06 
 4.26579519e+00  8.53624835e-06 
 4.36515832e+00  8.45230642e-06 
 4.46683592e+00  8.36919571e-06 
 4.57088190e+00  8.28690791e-06 
 4.67735141e+00  8.20543481e-06 
 4.78630092e+00  8.12476826e-06 
 4.89778819e+00  8.04490021e-06 
 5.01187234e+00  7.96582270e-06 
 5.12861384e+00  7.88752782e-06 
 5.24807460e+00  7.81000776e-06 
 5.37031796e+00  7.73325480e-06 
 5.49540874e+00  7.65726127e-06 
 5.62341325e+00  7.58201959e-06 
 5.75439937e+00  7.50752227e-06 
 5.88843655e+00  7.43376187e-06 
 6.02559586e+00  7.36073105e-06 
 6.16595002e+00  7.28842252e-06 
 6.30957344e+00  7.21682908e-06 
 6.45654229e+00  7.14594360e-06 
 6.60693448e+00  7.07575902e-06 
 6.76082975e+00  7.00626836e-06 
 6.91830971e+00  6.93746468e-06 
 7.07945784e+00  6.86934115e-06 
 7.24435960e+00  6.80189099e-06 
 7.41310241e+00  6.73510747e-06 
 7.58577575e+00  6.66898397e-06 
 7.76247117e+00  6.60351390e-06 
 7.94328235e+00  6.53869074e-06 
 8.12830516e+00  6.47450807e-06 
 8.31763771e+00  6.41095949e-06 
 8.51138038e+00  6.34803869e-06 
 8.70963590e+00  6.28573941e-06 
 8.91250938e+00  6.22405548e-06 
 9.12010839e+00  6.16298075e-06 
 9.33254301e+00  6.10250917e-06 
 9.54992586e+00  6.04263473e-06 
 9.77237221e+00  5.98335148e-06 
 1.00000000e+01  5.92465354e-06 
 1.02329299e+01  5.86653509e-06 
 1.04712855e+01  5.80899036e-06 
 1.07151931e+01  5.75201363e-06 
 1.09647820e+01  5.69559927e-06 
 1.12201845e+01  5.63974166e-06 
 1.14815362e+01  5.58443528e-06 
 1.17489755e+01  5.52967465e-06 
 1.20226443e+01  5.47545432e-06 
 1.23026877e+01  5.42176894e-06 
 1.25892541e+01  5.36861318e-06 
 1.28824955e+01  5.31598178e-06 
 1.31825674e+01  5.26386951e-06 
 1.34896288e+01  5.21227123e-06 
 1.38038426e+01  5.16118182e-06 
 1.41253754e+01  5.11059623e-06 
 1.44543977e+01  5.06050945e-06 
 1.47910839e+01  5.01091651e-06 
 1.51356125e+01  4.96181253e-06 
 1.54881662e+01  4.91319263e-06 
 1.58489319e+01  4.86505200e-06 
 1.62181010e+01  4.81738590e-06 
 1.65958691e+01  4.77018960e-06 
 1.69824365e+01  4.72345844e-06 
 1.73780083e+01  4.67718780e-06 
 1.77827941e+01  4.63137310e-06 
 1.81970086e+01  4.58600983e-06 
 1.86208714e+01  4.54109350e-06 
 1.90546072e+01  4.49661967e-06 
 1.94984460e+01  4.45258395e-06 
 1.99526231e+01  4.40898199e-06 
 2.04173794e+01  4.36580949e-06 
 2.08929613e+01  4.32306219e-06 
 2.13796209e+01  4.28073586e-06 
 2.18776162e+01  4.23882634e-06 
 2.23872114e+01  4.19732948e-06 
 2.29086765e+01  4.15624120e-06 
 2.34422882e+01  4.11555744e-06 
 2.39883292e+01  4.07527419e-06 
 2.45470892e+01  4.03538748e-06 
 2.51188643e+01  3.99589337e-06 
 2.57039578e+01  3.95678798e-06 
 2.63026799e+01  3.91806745e-06 
 2.69153480e+01  3.87972796e-06 
 2.75422870e+01  3.84176574e-06 
 2.81838293e+01  3.80417706e-06 
 2.88403150e+01  3.76695820e-06 
 2.95120923e+01  3.73010550e-06 
 3.01995172e+01  3.69361534e-06 
 3.09029543e+01  3.65748413e-06 
 3.16227766e+01  3.62170830e-06 
 3.23593657e+01  3.58628434e-06 
 3.31131121e+01  3.55120876e-06 
 3.38844156e+01  3.51647812e-06 
 3.46736850e+01  3.48208899e-06 
 3.54813389e+01  3.44803800e-06 
 3.63078055e+01  3.41432179e-06 
 3.71535229e+01  3.38093706e-06 
 3.80189396e+01  3.34788052e-06 
 3.89045145e+01  3.31514892e-06 
 3.98107171e+01  3.28273905e-06 
 4.07380278e+01  3.25064772e-06 
 4.16869383e+01  3.21887179e-06 
 4.26579519e+01  3.18740812e-06 
 4.36515832e+01  3.15625363e-06 
 4.46683592e+01  3.12540527e-06 
 4.57088190e+01  3.09485999e-06 
 4.67735141e+01  3.06461482e-06 
 4.78630092e+01  3.03466677e-06 
 4.89778819e+01  3.00501291e-06 
 5.01187234e+01  2.97565032e-06 
 5.12861384e+01  2.94657614e-06 
 5.24807460e+01  2.91778751e-06 
 5.37031796e+01  2.88928160e-06 
 5.49540874e+01  2.86105562e-06 
 5.62341325e+01  2.83310680e-06 
 5.75439937e+01  2.80543240e-06 
 5.88843655e+01  2.77802972e-06 
 6.02559586e+01  2.75089607e-06 
 6.16595002e+01  2.72402878e-06 
 6.30957344e+01  2.69742522e-06 
 6.45654229e+01  2.67108280e-06 
 6.60693448e+01  2.64499893e-06 
 6.76082975e+01  2.61917105e-06 
 6.91830971e+01  2.59359665e-06 
 7.07945784e+01  2.56827320e-06 
 7.24435960e+01  2.54319825e-06 
 7.41310241e+01  2.51836932e-06 
 7.58577575e+01  2.49378400e-06 
 7.76247117e+01  2.46943988e-06 
 7.94328235e+01  2.44533458e-06 
 8.12830516e+01  2.42146573e-06 
 8.31763771e+01  2.39783101e-06 
 8.51138038e+01  2.37442810e-06 
 8.70963590e+01  2.35125472e-06 
 8.91250938e+01  2.32830861e-06 
 9.12010839e+01  2.30558751e-06 
 9.33254301e+01  2.28308921e-06 
 9.54992586e+01  2.26081151e-06 
 9.77237221e+01  2.23875223e-06 
 1.00000000e+02  2.21690923e-06 
 1.02329299e+02  2.19528036e-06 
 1.04712855e+02  2.17386352e-06 
 1.07151931e+02  2.15265660e-06 
 1.09647820e+02  2.13165756e-06 
 1.12201845e+02  2.11086432e-06 
 1.14815362e+02  2.09027487e-06 
 1.17489755e+02  2.06988720e-06 
 1.20226443e+02  2.04969931e-06 
 1.23026877e+02  2.02970924e-06 
 1.25892541e+02  2.00991504e-06 
 1.28824955e+02  1.99031477e-06 
 1.31825674e+02  1.97090653e-06 
 1.34896288e+02  1.95168842e-06 
 1.38038426e+02  1.93265857e-06 
 1.41253754e+02  1.91381512e-06 
 1.44543977e+02  1.89515624e-06 
 1.47910839e+02  1.87668011e-06 
 1.51356125e+02  1.85838493e-06 
 1.54881662e+02  1.84026892e-06 
 1.58489319e+02  1.82233031e-06 
 1.62181010e+02  1.80456736e-06 
 1.65958691e+02  1.78697833e-06 
 1.69824365e+02  1.76956151e-06 
 1.73780083e+02  1.75231522e-06 
 1.77827941e+02  1.73523775e-06 
 1.81970086e+02  1.71832747e-06 
 1.86208714e+02  1.70158272e-06 
 1.90546072e+02  1.68500186e-06 
 1.94984460e+02  1.66858330e-06 
 1.99526231e+02  1.65232543e-06 
 2.04173794e+02  1.63622666e-06 
 2.08929613e+02  1.62028544e-06 
 2.13796209e+02  1.60450021e-06 
 2.18776162e+02  1.58886944e-06 
 2.23872114e+02  1.57339161e-06 
 2.29086765e+02  1.55806522e-06 
 2.34422882e+02  1.54288877e-06 
 2.39883292e+02  1.52786079e-06 
 2.45470892e+02  1.51297981e-06 
 2.51188643e+02  1.49824441e-06 
 2.57039578e+02  1.48365313e-06 
 2.63026799e+02  1.46920457e-06 
 2.69153480e+02  1.45489733e-06 
 2.75422870e+02  1.44073000e-06 
 2.81838293e+02  1.42670122e-06 
 2.88403150e+02  1.41280963e-06 
 2.95120923e+02  1.39905387e-06 
 3.01995172e+02  1.38543262e-06 
 3.09029543e+02  1.37194454e-06 
 3.16227766e+02  1.35858833e-06 
 3.23593657e+02  1.34536270e-06 
 3.31131121e+02  1.33226636e-06 
 3.38844156e+02  1.31929804e-06 
 3.46736850e+02  1.30645649e-06 
 3.54813389e+02  1.29374045e-06 
 3.63078055e+02  1.28114870e-06 
 3.71535229e+02  1.26868001e-06 
 3.80189396e+02  1.25633318e-06 
 3.89045145e+02  1.24410700e-06 
 3.98107171e+02  1.23200030e-06 
 4.07380278e+02  1.22001190e-06 
 4.16869383e+02  1.20814064e-06 
 4.26579519e+02  1.19638537e-06 
 4.36515832e+02  1.18474494e-06 
 4.46683592e+02  1.17321824e-06 
 4.57088190e+02  1.16180415e-06 
 4.67735141e+02  1.15050155e-06 
 4.78630092e+02  1.13930936e-06 
 4.89778819e+02  1.12822649e-06 
 5.01187234e+02  1.11725188e-06 
 5.12861384e+02  1.10638445e-06 
 5.24807460e+02  1.09562315e-06 
 5.37031796e+02  1.08496695e-06 
 5.49540874e+02  1.07441481e-06 
 5.62341325e+02  1.06396571e-06 
 5.75439937e+02  1.05361865e-06 
 5.88843655e+02  1.04337261e-06 
 6.02559586e+02  1.03322662e-06 
 6.16595002e+02  1.02317968e-06 
 6.30957344e+02  1.01323083e-06 
 6.45654229e+02  1.00337910e-06 
 6.60693448e+02  9.93623541e-07 
 6.76082975e+02  9.83963213e-07 
 6.91830971e+02  9.74397181e-07 
 7.07945784e+02  9.64924519e-07 
 7.24435960e+02  9.55544313e-07 
 7.41310241e+02  9.46255656e-07 
 7.58577575e+02  9.37057650e-07 
 7.76247117e+02  9.27949407e-07 
 7.94328235e+02  9.18930047e-07 
 8.12830516e+02  9.09998699e-07 
 8.31763771e+02  9.01154501e-07 
 8.51138038e+02  8.92396599e-07 
 8.70963590e+02  8.83724146e-07 
 8.91250938e+02  8.75136306e-07 
 9.12010839e+02  8.66632249e-07 
 9.33254301e+02  8.58211156e-07 
 9.54992586e+02  8.49872213e-07 
 9.77237221e+02  8.41614615e-07 
 1.00000000e+03  8.33437566e-07 
 1.02329299e+03  8.25340276e-07 
 1.04712855e+03  8.17321965e-07 
 1.07151931e+03  8.09381860e-07 
 1.09647820e+03  8.01519194e-07 
 1.12201845e+03  7.93733208e-07 
 1.14815362e+03  7.86023154e-07 
 1.17489755e+03  7.78388286e-07 
 1.20226443e+03  7.70827868e-07 
 1.23026877e+03  7.63341173e-07 
 1.25892541e+03  7.55927478e-07 
 1.28824955e+03  7.48586069e-07 
 1.31825674e+03  7.41316238e-07 
 1.34896288e+03  7.34117286e-07 
 1.38038426e+03  7.26988517e-07 
 1.41253754e+03  7.19929245e-07 
 1.44543977e+03  7.12938791e-07 
 1.47910839e+03  7.06016481e-07 
 1.51356125e+03  6.99161648e-07 
 1.54881662e+03  6.92373632e-07 
 1.58489319e+03  6.85651780e-07 
 1.62181010e+03  6.78995444e-07 
 1.65958691e+03  6.72403983e-07 
 1.69824365e+03  6.65876763e-07 
 1.73780083e+03  6.59413156e-07 
 1.77827941e+03  6.53012540e-07 
 1.81970086e+03  6.46674298e-07 
 1.86208714e+03  6.40397821e-07 
 1.90546072e+03  6.34182504e-07 
 1.94984460e+03  6.28027750e-07 
 1.99526231e+03  6.21932967e-07 
 2.04173794e+03  6.15897568e-07 
 2.08929613e+03  6.09920973e-07 
 2.13796209e+03  6.04002607e-07 
 2.18776162e+03  5.98141901e-07 
 2.23872114e+03  5.92338292e-07 
 2.29086765e+03  5.86591221e-07 
 2.34422882e+03  5.80900136e-07 
 2.39883292e+03  5.75264490e-07 
 2.45470892e+03  5.69683741e-07 
 2.51188643e+03  5.64157353e-07 
 2.57039578e+03  5.58684794e-07 
 2.63026799e+03  5.53265540e-07 
 2.69153480e+03  5.47899068e-07 
 2.75422870e+03  5.42584864e-07 
 2.81838293e+03  5.37322418e-07 
 2.88403150e+03  5.32111222e-07 
 2.95120923e+03  5.26950778e-07 
 3.01995172e+03  5.21840589e-07 
 3.09029543e+03  5.16780165e-07 
 3.16227766e+03  5.11769020e-07 
 3.23593657e+03  5.06806673e-07 
 3.31131121e+03  5.01892646e-07 
 3.38844156e+03  4.97026469e-07 
 3.46736850e+03  4.92207675e-07 
 3.54813389e+03  4.87435801e-07 
 3.63078055e+03  4.82710388e-07 
 3.71535229e+03  4.78030984e-07 
 3.80189396e+03  4.73397139e-07 
 3.89045145e+03  4.68808410e-07 
 3.98107171e+03  4.64264355e-07 
 4.07380278e+03  4.59764538e-07 
 4.16869383e+03  4.55308529e-07 
 4.26579519e+03  4.50895900e-07 
 4.36515832e+03  4.46526227e-07 
 4.46683592e+03  4.42199091e-07 
 4.57088190e+03  4.37914078e-07 
 4.67735141e+03  4.33670777e-07 
 4.78630092e+03  4.29468781e-07 
 4.89778819e+03  4.25307687e-07 
 5.01187234e+03  4.21187096e-07 
 5.12861384e+03  4.17106614e-07 
 5.24807460e+03  4.13065849e-07 
 5.37031796e+03  4.09064413e-07 
 5.49540874e+03  4.05101924e-07 
 5.62341325e+03  4.01178003e-07 
 5.75439937e+03  3.97292272e-07 
 5.88843655e+03  3.93444360e-07 
 6.02559586e+03  3.89633897e-07 
 6.16595002e+03  3.85860521e-07 
 6.30957344e+03  3.82123867e-07 
 6.45654229e+03  3.78423580e-07 
 6.60693448e+03  3.74759304e-07 
 6.76082975e+03  3.71130689e-07 
 6.91830971e+03  3.67537387e-07 
 7.07945784e+03  3.63979054e-07 
 7.24435960e+03  3.60455350e-07 
 7.41310241e+03  3.56965937e-07 
 7.58577575e+03  3.53510482e-07 
 7.76247117e+03  3.50088653e-07 
 7.94328235e+03  3.46700123e-07 
 8.12830516e+03  3.43344568e-07 
 8.31763771e+03  3.40021667e-07 
 8.51138038e+03  3.36731102e-07 
 8.70963590e+03  3.33472558e-07 
 8.91250938e+03  3.30245723e-07 
 9.12010839e+03  3.27050289e-07 
 9.33254301e+03  3.23885950e-07 
 9.54992586e+03  3.20752403e-07 
 9.77237221e+03  3.17649349e-07 
 1.00000000e+04  3.14576491e-07 
 1.02329299e+04  3.11533536e-07 
 1.04712855e+04  3.08520191e-07 
 1.07151931e+04  3.05536170e-07 
 1.09647820e+04  3.02581187e-07 
 1.12201845e+04  2.99654959e-07 
 1.14815362e+04  2.96757206e-07 
 1.17489755e+04  2.93887653e-07 
 1.20226443e+04  2.91046024e-07 
 1.23026877e+04  2.88232048e-07 
 1.25892541e+04  2.85445457e-07 
 1.28824955e+04  2.82685983e-07 
 1.31825674e+04  2.79953363e-07 
 1.34896288e+04  2.77247337e-07 
 1.38038426e+04  2.74567645e-07 
 1.41253754e+04  2.71914032e-07 
 1.44543977e+04  2.69286244e-07 
 1.47910839e+04  2.66684031e-07 
 1.51356125e+04  2.64107143e-07 
 1.54881662e+04  2.61555335e-07 
 1.58489319e+04  2.59028363e-07 
 1.62181010e+04  2.56525986e-07 
 1.65958691e+04  2.54047965e-07 
 1.69824365e+04  2.51594063e-07 
 1.73780083e+04  2.49164046e-07 
 1.77827941e+04  2.46757682e-07 
 1.81970086e+04  2.44374742e-07 
 1.86208714e+04  2.42014998e-07 
 1.90546072e+04  2.39678224e-07 
 1.94984460e+04  2.37364199e-07 
 1.99526231e+04  2.35072700e-07 
 2.04173794e+04  2.32803510e-07 
 2.08929613e+04  2.30556412e-07 
 2.13796209e+04  2.28331192e-07 
 2.18776162e+04  2.26127636e-07 
 2.23872114e+04  2.23945536e-07 
 2.29086765e+04  2.21784683e-07 
 2.34422882e+04  2.19644870e-07 
 2.39883292e+04  2.17525895e-07 
 2.45470892e+04  2.15427554e-07 
 2.51188643e+04  2.13349647e-07 
 2.57039578e+04  2.11291978e-07 
 2.63026799e+04  2.09254348e-07 
 2.69153480e+04  2.07236565e-07 
 2.75422870e+04  2.05238435e-07 
 2.81838293e+04  2.03259769e-07 
 2.88403150e+04  2.01300377e-07 
 2.95120923e+04  1.99360073e-07 
 3.01995172e+04  1.97438672e-07 
 3.09029543e+04  1.95535991e-07 
 3.16227766e+04  1.93651849e-07 
 3.23593657e+04  1.91786065e-07 
 3.31131121e+04  1.89938463e-07 
 3.38844156e+04  1.88108866e-07 
 3.46736850e+04  1.86297100e-07 
 3.54813389e+04  1.84502992e-07 
 3.63078055e+04  1.82726372e-07 
 3.71535229e+04  1.80967069e-07 
 3.80189396e+04  1.79224918e-07 
 3.89045145e+04  1.77499751e-07 
 3.98107171e+04  1.75791404e-07 
 4.07380278e+04  1.74099715e-07 
 4.16869383e+04  1.72424523e-07 
 4.26579519e+04  1.70765667e-07 
 4.36515832e+04  1.69122991e-07 
 4.46683592e+04  1.67496338e-07 
 4.57088190e+04  1.65885552e-07 
 4.67735141e+04  1.64290481e-07 
 4.78630092e+04  1.62710973e-07 
 4.89778819e+04  1.61146877e-07 
 5.01187234e+04  1.59598045e-07 
 5.12861384e+04  1.58064328e-07 
 5.24807460e+04  1.56545582e-07 
 5.37031796e+04  1.55041661e-07 
 5.49540874e+04  1.53552423e-07 
 5.62341325e+04  1.52077725e-07 
 5.75439937e+04  1.50617428e-07 
 5.88843655e+04  1.49171392e-07 
 6.02559586e+04  1.47739480e-07 
 6.16595002e+04  1.46321556e-07 
 6.30957344e+04  1.44917485e-07 
 6.45654229e+04  1.43527133e-07 
 6.60693448e+04  1.42150368e-07 
 6.76082975e+04  1.40787059e-07 
 6.91830971e+04  1.39437076e-07 
 7.07945784e+04  1.38100291e-07 
 7.24435960e+04  1.36776577e-07 
 7.41310241e+04  1.35465808e-07 
 7.58577575e+04  1.34167859e-07 
 7.76247117e+04  1.32882607e-07 
 7.94328235e+04  1.31609930e-07 
 8.12830516e+04  1.30349706e-07 
 8.31763771e+04  1.29101817e-07 
 8.51138038e+04  1.27866142e-07 
 8.70963590e+04  1.26642565e-07 
 8.91250938e+04  1.25430970e-07 
 9.12010839e+04  1.24231241e-07 
 9.33254301e+04  1.23043264e-07 
 9.54992586e+04  1.21866926e-07 
 9.77237221e+04  1.20702116e-07 
 1.00000000e+05  1.19548722e-07 
 1.02329299e+05  1.18406636e-07 
 1.04712855e+05  1.17275748e-07 
 1.07151931e+05  1.16155952e-07 
 1.09647820e+05  1.15047140e-07 
 1.12201845e+05  1.13949207e-07 
 1.14815362e+05  1.12862050e-07 
 1.17489755e+05  1.11785564e-07 
 1.20226443e+05  1.10719647e-07 
 1.23026877e+05  1.09664199e-07 
 1.25892541e+05  1.08619118e-07 
 1.28824955e+05  1.07584306e-07 
 1.31825674e+05  1.06559665e-07 
 1.34896288e+05  1.05545096e-07 
 1.38038426e+05  1.04540504e-07 
 1.41253754e+05  1.03545792e-07 
 1.44543977e+05  1.02560868e-07 
 1.47910839e+05  1.01585636e-07 
 1.51356125e+05  1.00620005e-07 
 1.54881662e+05  9.96638822e-08 
 1.58489319e+05  9.87171774e-08 
 1.62181010e+05  9.77798006e-08 
 1.65958691e+05  9.68516626e-08 
 1.69824365e+05  9.59326753e-08 
 1.73780083e+05  9.50227514e-08 
 1.77827941e+05  9.41218044e-08 
 1.81970086e+05  9.32297489e-08 
 1.86208714e+05  9.23465001e-08 
 1.90546072e+05  9.14719740e-08 
 1.94984460e+05  9.06060877e-08 
 1.99526231e+05  8.97487588e-08 
 2.04173794e+05  8.88999060e-08 
 2.08929613e+05  8.80594485e-08 
 2.13796209e+05  8.72273067e-08 
 2.18776162e+05  8.64034014e-08 
 2.23872114e+05  8.55876544e-08 
 2.29086765e+05  8.47799882e-08 
 2.34422882e+05  8.39803260e-08 
 2.39883292e+05  8.31885920e-08 
 2.45470892e+05  8.24047109e-08 
 2.51188643e+05  8.16286082e-08 
 2.57039578e+05  8.08602103e-08 
 2.63026799e+05  8.00994441e-08 
 2.69153480e+05  7.93462373e-08 
 2.75422870e+05  7.86005184e-08 
 2.81838293e+05  7.78622166e-08 
 2.88403150e+05  7.71312616e-08 
 2.95120923e+05  7.64075841e-08 
 3.01995172e+05  7.56911153e-08 
 3.09029543e+05  7.49817870e-08 
 3.16227766e+05  7.42795319e-08 
 3.23593657e+05  7.35842833e-08 
 3.31131121e+05  7.28959750e-08 
 3.38844156e+05  7.22145417e-08 
 3.46736850e+05  7.15399185e-08 
 3.54813389e+05  7.08720413e-08 
 3.63078055e+05  7.02108466e-08 
 3.71535229e+05  6.95562716e-08 
 3.80189396e+05  6.89082540e-08 
 3.89045145e+05  6.82667322e-08 
 3.98107171e+05  6.76316452e-08 
 4.07380278e+05  6.70029325e-08 
 4.16869383e+05  6.63805344e-08 
 4.26579519e+05  6.57643916e-08 
 4.36515832e+05  6.51544456e-08 
 4.46683592e+05  6.45506382e-08 
 4.57088190e+05  6.39529119e-08 
 4.67735141e+05  6.33612100e-08 
 4.78630092e+05  6.27754760e-08 
 4.89778819e+05  6.21956542e-08 
 5.01187234e+05  6.16216893e-08 
 5.12861384e+05  6.10535267e-08 
 5.24807460e+05  6.04911122e-08 
 5.37031796e+05  5.99343923e-08 
 5.49540874e+05  5.93833139e-08 
 5.62341325e+05  5.88378244e-08 
 5.75439937e+05  5.82978719e-08 
 5.88843655e+05  5.77634048e-08 
 6.02559586e+05  5.72343721e-08 
 6.16595002e+05  5.67107234e-08 
 6.30957344e+05  5.61924087e-08 
 6.45654229e+05  5.56793785e-08 
 6.60693448e+05  5.51715838e-08 
 6.76082975e+05  5.46689760e-08 
 6.91830971e+05  5.41715073e-08 
 7.07945784e+05  5.36791299e-08 
 7.24435960e+05  5.31917969e-08 
 7.41310241e+05  5.27094616e-08 
 7.58577575e+05  5.22320778e-08 
 7.76247117e+05  5.17595999e-08 
 7.94328235e+05  5.12919825e-08 
 8.12830516e+05  5.08291810e-08 
 8.31763771e+05  5.03711510e-08 
 8.51138038e+05  4.99178485e-08 
 8.70963590e+05  4.94692300e-08 
 8.91250938e+05  4.90252526e-08 
 9.12010839e+05  4.85858735e-08 
 9.33254301e+05  4.81510505e-08 
 9.54992586e+05  4.77207419e-08 
 9.77237221e+05  4.72949063e-08 
 1.00000000e+06  4.68735027e-08 
 1.02329299e+06  4.64564905e-08 
 1.04712855e+06  4.60438296e-08 
 1.07151931e+06  4.56354801e-08 
 1.09647820e+06  4.52314027e-08 
 1.12201845e+06  4.48315584e-08 
 1.14815362e+06  4.44359085e-08 
 1.17489755e+06  4.40444148e-08 
 1.20226443e+06  4.36570394e-08 
 1.23026877e+06  4.32737448e-08 
 1.25892541e+06  4.28944939e-08 
 1.28824955e+06  4.25192499e-08 
 1.31825674e+06  4.21479764e-08 
 1.34896288e+06  4.17806373e-08 
 1.38038426e+06  4.14171969e-08 
 1.41253754e+06  4.10576198e-08 
 1.44543977e+06  4.07018710e-08 
 1.47910839e+06  4.03499157e-08 
 1.51356125e+06  4.00017197e-08 
 1.54881662e+06  3.96572489e-08 
 1.58489319e+06  3.93164696e-08 
 1.62181010e+06  3.89793484e-08 
 1.65958691e+06  3.86458522e-08 
 1.69824365e+06  3.83159484e-08 
 1.73780083e+06  3.79896044e-08 
 1.77827941e+06  3.76667881e-08 
 1.81970086e+06  3.73474677e-08 
 1.86208714e+06  3.70316117e-08 
 1.90546072e+06  3.67191889e-08 
 1.94984460e+06  3.64101683e-08 
 1.99526231e+06  3.61045192e-08 
 2.04173794e+06  3.58022114e-08 
 2.08929613e+06  3.55032147e-08 
 2.13796209e+06  3.52074993e-08 
 2.18776162e+06  3.49150357e-08 
 2.23872114e+06  3.46257947e-08 
 2.29086765e+06  3.43397473e-08 
 2.34422882e+06  3.40568648e-08 
 2.39883292e+06  3.37771186e-08 
 2.45470892e+06  3.35004807e-08 
 2.51188643e+06  3.32269231e-08 
 2.57039578e+06  3.29564181e-08 
 2.63026799e+06  3.26889382e-08 
 2.69153480e+06  3.24244563e-08 
 2.75422870e+06  3.21629454e-08 
 2.81838293e+06  3.19043788e-08 
 2.88403150e+06  3.16487300e-08 
 2.95120923e+06  3.13959729e-08 
 3.01995172e+06  3.11460813e-08 
 3.09029543e+06  3.08990295e-08 
 3.16227766e+06  3.06547919e-08 
 3.23593657e+06  3.04133433e-08 
 3.31131121e+06  3.01746584e-08 
 3.38844156e+06  2.99387124e-08 
 3.46736850e+06  2.97054805e-08 
 3.54813389e+06  2.94749383e-08 
 3.63078055e+06  2.92470616e-08 
 3.71535229e+06  2.90218261e-08 
 3.80189396e+06  2.87992081e-08 
 3.89045145e+06  2.85791839e-08 
 3.98107171e+06  2.83617299e-08 
 4.07380278e+06  2.81468229e-08 
 4.16869383e+06  2.79344398e-08 
 4.26579519e+06  2.77245576e-08 
 4.36515832e+06  2.75171537e-08 
 4.46683592e+06  2.73122054e-08 
 4.57088190e+06  2.71096904e-08 
 4.67735141e+06  2.69095864e-08 
 4.78630092e+06  2.67118716e-08 
 4.89778819e+06  2.65165239e-08 
 5.01187234e+06  2.63235216e-08 
 5.12861384e+06  2.61328434e-08 
 5.24807460e+06  2.59444678e-08 
 5.37031796e+06  2.57583735e-08 
 5.49540874e+06  2.55745397e-08 
 5.62341325e+06  2.53929453e-08 
 5.75439937e+06  2.52135696e-08 
 5.88843655e+06  2.50363921e-08 
 6.02559586e+06  2.48613924e-08 
 6.16595002e+06  2.46885500e-08 
 6.30957344e+06  2.45178450e-08 
 6.45654229e+06  2.43492572e-08 
 6.60693448e+06  2.41827669e-08 
 6.76082975e+06  2.40183543e-08 
 6.91830971e+06  2.38559998e-08 
 7.07945784e+06  2.36956840e-08 
 7.24435960e+06  2.35373876e-08 
 7.41310241e+06  2.33810914e-08 
 7.58577575e+06  2.32267763e-08 
 7.76247117e+06  2.30744235e-08 
 7.94328235e+06  2.29240140e-08 
 8.12830516e+06  2.27755292e-08 
 8.31763771e+06  2.26289507e-08 
 8.51138038e+06  2.24842598e-08 
 8.70963590e+06  2.23414384e-08 
 8.91250938e+06  2.22004682e-08 
 9.12010839e+06  2.20613312e-08 
 9.33254301e+06  2.19240094e-08 
 9.54992586e+06  2.17884849e-08 
 9.77237221e+06  2.16547399e-08 
 1.00000000e+07  2.15227570e-08 
 1.02329299e+07  2.13925185e-08 
 1.04712855e+07  2.12640070e-08 
 1.07151931e+07  2.11372053e-08 
 1.09647820e+07  2.10120961e-08 
 1.12201845e+07  2.08886624e-08 
 1.14815362e+07  2.07668871e-08 
 1.17489755e+07  2.06467534e-08 
 1.20226443e+07  2.05282445e-08 
 1.23026877e+07  2.04113438e-08 
 1.25892541e+07  2.02960346e-08 
 1.28824955e+07  2.01823005e-08 
 1.31825674e+07  2.00701251e-08 
 1.34896288e+07  1.99594921e-08 
 1.38038426e+07  1.98503854e-08 
 1.41253754e+07  1.97427888e-08 
 1.44543977e+07  1.96366864e-08 
 1.47910839e+07  1.95320623e-08 
 1.51356125e+07  1.94289008e-08 
 1.54881662e+07  1.93271860e-08 
 1.58489319e+07  1.92269024e-08 
 1.62181010e+07  1.91280346e-08 
 1.65958691e+07  1.90305670e-08 
 1.69824365e+07  1.89344844e-08 
 1.73780083e+07  1.88397716e-08 
 1.77827941e+07  1.87464134e-08 
 1.81970086e+07  1.86543948e-08 
 1.86208714e+07  1.85637009e-08 
 1.90546072e+07  1.84743168e-08 
 1.94984460e+07  1.83862278e-08 
 1.99526231e+07  1.82994192e-08 
 2.04173794e+07  1.82138764e-08 
 2.08929613e+07  1.81295850e-08 
 2.13796209e+07  1.80465307e-08 
 2.18776162e+07  1.79646990e-08 
 2.23872114e+07  1.78840759e-08 
 2.29086765e+07  1.78046473e-08 
 2.34422882e+07  1.77263991e-08 
 2.39883292e+07  1.76493175e-08 
 2.45470892e+07  1.75733886e-08 
 2.51188643e+07  1.74985987e-08 
 2.57039578e+07  1.74249343e-08 
 2.63026799e+07  1.73523818e-08 
 2.69153480e+07  1.72809277e-08 
 2.75422870e+07  1.72105588e-08 
 2.81838293e+07  1.71412618e-08 
 2.88403150e+07  1.70730236e-08 
 2.95120923e+07  1.70058312e-08 
 3.01995172e+07  1.69396715e-08 
 3.09029543e+07  1.68745319e-08 
 3.16227766e+07  1.68103994e-08 
 3.23593657e+07  1.67472616e-08 
 3.31131121e+07  1.66851058e-08 
 3.38844156e+07  1.66239197e-08 
 3.46736850e+07  1.65636908e-08 
 3.54813389e+07  1.65044069e-08 
 3.63078055e+07  1.64460559e-08 
 3.71535229e+07  1.63886257e-08 
 3.80189396e+07  1.63321045e-08 
 3.89045145e+07  1.62764804e-08 
 3.98107171e+07  1.62217416e-08 
 4.07380278e+07  1.61678766e-08 
 4.16869383e+07  1.61148737e-08 
 4.26579519e+07  1.60627216e-08 
 4.36515832e+07  1.60114090e-08 
 4.46683592e+07  1.59609247e-08 
 4.57088190e+07  1.59112576e-08 
 4.67735141e+07  1.58623966e-08 
 4.78630092e+07  1.58143308e-08 
 4.89778819e+07  1.57670496e-08 
 5.01187234e+07  1.57205422e-08 
 5.12861384e+07  1.56747981e-08 
 5.24807460e+07  1.56298067e-08 
 5.37031796e+07  1.55855578e-08 
 5.49540874e+07  1.55420410e-08 
 5.62341325e+07  1.54992464e-08 
 5.75439937e+07  1.54571637e-08 
 5.88843655e+07  1.54157832e-08 
 6.02559586e+07  1.53750950e-08 
 6.16595002e+07  1.53350895e-08 
 6.30957344e+07  1.52957570e-08 
 6.45654229e+07  1.52570881e-08 
 6.60693448e+07  1.52190734e-08 
 6.76082975e+07  1.51817037e-08 
 6.91830971e+07  1.51449699e-08 
 7.07945784e+07  1.51088629e-08 
 7.24435960e+07  1.50733738e-08 
 7.41310241e+07  1.50384939e-08 
 7.58577575e+07  1.50042145e-08 
 7.76247117e+07  1.49705269e-08 
 7.94328235e+07  1.49374229e-08 
 8.12830516e+07  1.49048940e-08 
 8.31763771e+07  1.48729320e-08 
 8.51138038e+07  1.48415288e-08 
 8.70963590e+07  1.48106765e-08 
 8.91250938e+07  1.47803672e-08 
 9.12010839e+07  1.47505931e-08 
 9.33254301e+07  1.47213467e-08 
 9.54992586e+07  1.46926204e-08 
 9.77237221e+07  1.46644069e-08 
 1.00000000e+08  1.46366988e-08 
 1.02329299e+08  1.46094891e-08 
 1.04712855e+08  1.45827708e-08 
 1.07151931e+08  1.45565368e-08 
 1.09647820e+08  1.45307806e-08 
 1.12201845e+08  1.45054953e-08 
 1.14815362e+08  1.44806746e-08 
 1.17489755e+08  1.44563119e-08 
 1.20226443e+08  1.44324011e-08 
 1.23026877e+08  1.44089360e-08 
 1.25892541e+08  1.43859105e-08 
 1.28824955e+08  1.43633189e-08 
 1.31825674e+08  1.43411553e-08 
 1.34896288e+08  1.43194141e-08 
 1.38038426e+08  1.42980899e-08 
 1.41253754e+08  1.42771773e-08 
 1.44543977e+08  1.42566711e-08 
 1.47910839e+08  1.42365663e-08 
 1.51356125e+08  1.42168578e-08 
 1.54881662e+08  1.41975409e-08 
 1.58489319e+08  1.41786110e-08 
 1.62181010e+08  1.41600635e-08 
 1.65958691e+08  1.41418941e-08 
 1.69824365e+08  1.41240986e-08 
 1.73780083e+08  1.41066729e-08 
 1.77827941e+08  1.40896132e-08 
 1.81970086e+08  1.40729157e-08 
 1.86208714e+08  1.40565768e-08 
 1.90546072e+08  1.40405931e-08 
 1.94984460e+08  1.40249613e-08 
 1.99526231e+08  1.40096784e-08 
 2.04173794e+08  1.39947414e-08 
 2.08929613e+08  1.39801476e-08 
 2.13796209e+08  1.39658945e-08 
 2.18776162e+08  1.39519795e-08 
 2.23872114e+08  1.39384006e-08 
 2.29086765e+08  1.39251558e-08 
 2.34422882e+08  1.39122431e-08 
 2.39883292e+08  1.38996610e-08 
 2.45470892e+08  1.38874082e-08 
 2.51188643e+08  1.38754832e-08 
 2.57039578e+08  1.38638853e-08 
 2.63026799e+08  1.38526135e-08 
 2.69153480e+08  1.38416673e-08 
 2.75422870e+08  1.38310465e-08 
 2.81838293e+08  1.38207508e-08 
 2.88403150e+08  1.38107805e-08 
 2.95120923e+08  1.38011358e-08 
 3.01995172e+08  1.37918176e-08 
 3.09029543e+08  1.37828266e-08 
 3.16227766e+08  1.37741640e-08 
 3.23593657e+08  1.37658312e-08 
 3.31131121e+08  1.37578300e-08 
 3.38844156e+08  1.37501623e-08 
 3.46736850e+08  1.37428305e-08 
 3.54813389e+08  1.37358372e-08 
 3.63078055e+08  1.37291852e-08 
 3.71535229e+08  1.37228777e-08 
 3.80189396e+08  1.37169184e-08 
 3.89045145e+08  1.37113111e-08 
 3.98107171e+08  1.37060601e-08 
 4.07380278e+08  1.37011698e-08 
 4.16869383e+08  1.36966454e-08 
 4.26579519e+08  1.36924920e-08 
 4.36515832e+08  1.36887154e-08 
 4.46683592e+08  1.36853216e-08 
 4.57088190e+08  1.36823173e-08 
 4.67735141e+08  1.36797091e-08 
 4.78630092e+08  1.36775044e-08 
 4.89778819e+08  1.36757111e-08 
 5.01187234e+08  1.36743371e-08 
 5.12861384e+08  1.36733911e-08 
 5.24807460e+08  1.36728822e-08 
 5.37031796e+08  1.36728199e-08 
 5.49540874e+08  1.36732140e-08 
 5.62341325e+08  1.36740751e-08 
 5.75439937e+08  1.36754141e-08 
 5.88843655e+08  1.36772423e-08 
 6.02559586e+08  1.36795716e-08 
 6.16595002e+08  1.36824144e-08 
 6.30957344e+08  1.36857835e-08 
 6.45654229e+08  1.36896923e-08 
 6.60693448e+08  1.36941545e-08 
 6.76082975e+08  1.36991846e-08 
 6.91830971e+08  1.37047972e-08 
 7.07945784e+08  1.37110077e-08 
 7.24435960e+08  1.37178318e-08 
 7.41310241e+08  1.37252858e-08 
 7.58577575e+08  1.37333863e-08 
 7.76247117e+08  1.37421503e-08 
 7.94328235e+08  1.37515955e-08 
 8.12830516e+08  1.37617398e-08 
 8.31763771e+08  1.37726014e-08 
 8.51138038e+08  1.37841990e-08 
 8.70963590e+08  1.37965517e-08 
 8.91250938e+08  1.38096785e-08 
 9.12010839e+08  1.38235992e-08 
 9.33254301e+08  1.38383333e-08 
 9.54992586e+08  1.38539009e-08 
 9.77237221e+08  1.38703219e-08 
 1.00000000e+09  1.38876165e-08 
