 1.00000000e+00  1.59328008e-05 
 1.02329299e+00  1.57753751e-05 
 1.04712855e+00  1.56195176e-05 
 1.07151931e+00  1.54652126e-05 
 1.09647820e+00  1.53124445e-05 
 1.12201845e+00  1.51611977e-05 
 1.14815362e+00  1.50114570e-05 
 1.17489755e+00  1.48632072e-05 
 1.20226443e+00  1.47164334e-05 
 1.23026877e+00  1.45711207e-05 
 1.25892541e+00  1.44272544e-05 
 1.28824955e+00  1.42848200e-05 
 1.31825674e+00  1.41438030e-05 
 1.34896288e+00  1.40041892e-05 
 1.38038426e+00  1.38659646e-05 
 1.41253754e+00  1.37291152e-05 
 1.44543977e+00  1.35936271e-05 
 1.47910839e+00  1.34594867e-05 
 1.51356125e+00  1.33266804e-05 
 1.54881662e+00  1.31951948e-05 
 1.58489319e+00  1.30650168e-05 
 1.62181010e+00  1.29361331e-05 
 1.65958691e+00  1.28085307e-05 
 1.69824365e+00  1.26821968e-05 
 1.73780083e+00  1.25571187e-05 
 1.77827941e+00  1.24332837e-05 
 1.81970086e+00  1.23106794e-05 
 1.86208714e+00  1.21892935e-05 
 1.90546072e+00  1.20691136e-05 
 1.94984460e+00  1.19501278e-05 
 1.99526231e+00  1.18323240e-05 
 2.04173794e+00  1.17156903e-05 
 2.08929613e+00  1.16002151e-05 
 2.13796209e+00  1.14858868e-05 
 2.18776162e+00  1.13726937e-05 
 2.23872114e+00  1.12606246e-05 
 2.29086765e+00  1.11496682e-05 
 2.34422882e+00  1.10398134e-05 
 2.39883292e+00  1.09310490e-05 
 2.45470892e+00  1.08233642e-05 
 2.51188643e+00  1.07167481e-05 
 2.57039578e+00  1.06111901e-05 
 2.63026799e+00  1.05066795e-05 
 2.69153480e+00  1.04032059e-05 
 2.75422870e+00  1.03007589e-05 
 2.81838293e+00  1.01993281e-05 
 2.88403150e+00  1.00989035e-05 
 2.95120923e+00  9.99947491e-06 
 3.01995172e+00  9.90103240e-06 
 3.09029543e+00  9.80356611e-06 
 3.16227766e+00  9.70706625e-06 
 3.23593657e+00  9.61152316e-06 
 3.31131121e+00  9.51692727e-06 
 3.38844156e+00  9.42326910e-06 
 3.46736850e+00  9.33053927e-06 
 3.54813389e+00  9.23872850e-06 
 3.63078055e+00  9.14782759e-06 
 3.71535229e+00  9.05782745e-06 
 3.80189396e+00  8.96871908e-06 
 3.89045145e+00  8.88049354e-06 
 3.98107171e+00  8.79314203e-06 
 4.07380278e+00  8.70665581e-06 
 4.16869383e+00  8.62102622e-06 
 4.26579519e+00  8.53624471e-06 
 4.36515832e+00  8.45230281e-06 
 4.46683592e+00  8.36919212e-06 
 4.57088190e+00  8.28690435e-06 
 4.67735141e+00  8.20543126e-06 
 4.78630092e+00  8.12476474e-06 
 4.89778819e+00  8.04489672e-06 
 5.01187234e+00  7.96581923e-06 
 5.12861384e+00  7.88752437e-06 
 5.24807460e+00  7.81000434e-06 
 5.37031796e+00  7.73325140e-06 
 5.49540874e+00  7.65725789e-06 
 5.62341325e+00  7.58201624e-06 
 5.75439937e+00  7.50751894e-06 
 5.88843655e+00  7.43375856e-06 
 6.02559586e+00  7.36072776e-06 
 6.16595002e+00  7.28841925e-06 
 6.30957344e+00  7.21682584e-06 
 6.45654229e+00  7.14594038e-06 
 6.60693448e+00  7.07575583e-06 
 6.76082975e+00  7.00626519e-06 
 6.91830971e+00  6.93746153e-06 
 7.07945784e+00  6.86933802e-06 
 7.24435960e+00  6.80188788e-06 
 7.41310241e+00  6.73510439e-06 
 7.58577575e+00  6.66898091e-06 
 7.76247117e+00  6.60351085e-06 
 7.94328235e+00  6.53868772e-06 
 8.12830516e+00  6.47450507e-06 
 8.31763771e+00  6.41095651e-06 
 8.51138038e+00  6.34803573e-06 
 8.70963590e+00  6.28573648e-06 
 8.91250938e+00  6.22405256e-06 
 9.12010839e+00  6.16297786e-06 
 9.33254301e+00  6.10250630e-06 
 9.54992586e+00  6.04263188e-06 
 9.77237221e+00  5.98334865e-06 
 1.00000000e+01  5.92465073e-06 
 1.02329299e+01  5.86653230e-06 
 1.04712855e+01  5.80898759e-06 
 1.07151931e+01  5.75201088e-06 
 1.09647820e+01  5.69559654e-06 
 1.12201845e+01  5.63973895e-06 
 1.14815362e+01  5.58443260e-06 
 1.17489755e+01  5.52967198e-06 
 1.20226443e+01  5.47545168e-06 
 1.23026877e+01  5.42176631e-06 
 1.25892541e+01  5.36861057e-06 
 1.28824955e+01  5.31597919e-06 
 1.31825674e+01  5.26386694e-06 
 1.34896288e+01  5.21226868e-06 
 1.38038426e+01  5.16117929e-06 
 1.41253754e+01  5.11059372e-06 
 1.44543977e+01  5.06050695e-06 
 1.47910839e+01  5.01091404e-06 
 1.51356125e+01  4.96181007e-06 
 1.54881662e+01  4.91319019e-06 
 1.58489319e+01  4.86504958e-06 
 1.62181010e+01  4.81738350e-06 
 1.65958691e+01  4.77018721e-06 
 1.69824365e+01  4.72345607e-06 
 1.73780083e+01  4.67718545e-06 
 1.77827941e+01  4.63137077e-06 
 1.81970086e+01  4.58600752e-06 
 1.86208714e+01  4.54109120e-06 
 1.90546072e+01  4.49661739e-06 
 1.94984460e+01  4.45258168e-06 
 1.99526231e+01  4.40897974e-06 
 2.04173794e+01  4.36580726e-06 
 2.08929613e+01  4.32305997e-06 
 2.13796209e+01  4.28073367e-06 
 2.18776162e+01  4.23882416e-06 
 2.23872114e+01  4.19732732e-06 
 2.29086765e+01  4.15623906e-06 
 2.34422882e+01  4.11555531e-06 
 2.39883292e+01  4.07527208e-06 
 2.45470892e+01  4.03538538e-06 
 2.51188643e+01  3.99589129e-06 
 2.57039578e+01  3.95678591e-06 
 2.63026799e+01  3.91806540e-06 
 2.69153480e+01  3.87972593e-06 
 2.75422870e+01  3.84176373e-06 
 2.81838293e+01  3.80417506e-06 
 2.88403150e+01  3.76695621e-06 
 2.95120923e+01  3.73010353e-06 
 3.01995172e+01  3.69361339e-06 
 3.09029543e+01  3.65748219e-06 
 3.16227766e+01  3.62170638e-06 
 3.23593657e+01  3.58628243e-06 
 3.31131121e+01  3.55120687e-06 
 3.38844156e+01  3.51647624e-06 
 3.46736850e+01  3.48208713e-06 
 3.54813389e+01  3.44803615e-06 
 3.63078055e+01  3.41431996e-06 
 3.71535229e+01  3.38093524e-06 
 3.80189396e+01  3.34787871e-06 
 3.89045145e+01  3.31514713e-06 
 3.98107171e+01  3.28273727e-06 
 4.07380278e+01  3.25064596e-06 
 4.16869383e+01  3.21887004e-06 
 4.26579519e+01  3.18740638e-06 
 4.36515832e+01  3.15625191e-06 
 4.46683592e+01  3.12540356e-06 
 4.57088190e+01  3.09485830e-06 
 4.67735141e+01  3.06461314e-06 
 4.78630092e+01  3.03466510e-06 
 4.89778819e+01  3.00501125e-06 
 5.01187234e+01  2.97564868e-06 
 5.12861384e+01  2.94657451e-06 
 5.24807460e+01  2.91778589e-06 
 5.37031796e+01  2.88927999e-06 
 5.49540874e+01  2.86105403e-06 
 5.62341325e+01  2.83310522e-06 
 5.75439937e+01  2.80543084e-06 
 5.88843655e+01  2.77802817e-06 
 6.02559586e+01  2.75089453e-06 
 6.16595002e+01  2.72402725e-06 
 6.30957344e+01  2.69742371e-06 
 6.45654229e+01  2.67108130e-06 
 6.60693448e+01  2.64499744e-06 
 6.76082975e+01  2.61916957e-06 
 6.91830971e+01  2.59359518e-06 
 7.07945784e+01  2.56827175e-06 
 7.24435960e+01  2.54319680e-06 
 7.41310241e+01  2.51836789e-06 
 7.58577575e+01  2.49378258e-06 
 7.76247117e+01  2.46943847e-06 
 7.94328235e+01  2.44533318e-06 
 8.12830516e+01  2.42146434e-06 
 8.31763771e+01  2.39782963e-06 
 8.51138038e+01  2.37442674e-06 
 8.70963590e+01  2.35125337e-06 
 8.91250938e+01  2.32830726e-06 
 9.12010839e+01  2.30558618e-06 
 9.33254301e+01  2.28308789e-06 
 9.54992586e+01  2.26081020e-06 
 9.77237221e+01  2.23875093e-06 
 1.00000000e+02  2.21690794e-06 
 1.02329299e+02  2.19527908e-06 
 1.04712855e+02  2.17386225e-06 
 1.07151931e+02  2.15265535e-06 
 1.09647820e+02  2.13165631e-06 
 1.12201845e+02  2.11086309e-06 
 1.14815362e+02  2.09027365e-06 
 1.17489755e+02  2.06988598e-06 
 1.20226443e+02  2.04969811e-06 
 1.23026877e+02  2.02970805e-06 
 1.25892541e+02  2.00991385e-06 
 1.28824955e+02  1.99031359e-06 
 1.31825674e+02  1.97090536e-06 
 1.34896288e+02  1.95168726e-06 
 1.38038426e+02  1.93265742e-06 
 1.41253754e+02  1.91381398e-06 
 1.44543977e+02  1.89515511e-06 
 1.47910839e+02  1.87667899e-06 
 1.51356125e+02  1.85838382e-06 
 1.54881662e+02  1.84026782e-06 
 1.58489319e+02  1.82232922e-06 
 1.62181010e+02  1.80456627e-06 
 1.65958691e+02  1.78697725e-06 
 1.69824365e+02  1.76956045e-06 
 1.73780083e+02  1.75231416e-06 
 1.77827941e+02  1.73523671e-06 
 1.81970086e+02  1.71832643e-06 
 1.86208714e+02  1.70158168e-06 
 1.90546072e+02  1.68500084e-06 
 1.94984460e+02  1.66858228e-06 
 1.99526231e+02  1.65232442e-06 
 2.04173794e+02  1.63622566e-06 
 2.08929613e+02  1.62028445e-06 
 2.13796209e+02  1.60449923e-06 
 2.18776162e+02  1.58886847e-06 
 2.23872114e+02  1.57339065e-06 
 2.29086765e+02  1.55806426e-06 
 2.34422882e+02  1.54288782e-06 
 2.39883292e+02  1.52785984e-06 
 2.45470892e+02  1.51297888e-06 
 2.51188643e+02  1.49824348e-06 
 2.57039578e+02  1.48365221e-06 
 2.63026799e+02  1.46920366e-06 
 2.69153480e+02  1.45489642e-06 
 2.75422870e+02  1.44072910e-06 
 2.81838293e+02  1.42670033e-06 
 2.88403150e+02  1.41280875e-06 
 2.95120923e+02  1.39905300e-06 
 3.01995172e+02  1.38543175e-06 
 3.09029543e+02  1.37194368e-06 
 3.16227766e+02  1.35858748e-06 
 3.23593657e+02  1.34536186e-06 
 3.31131121e+02  1.33226552e-06 
 3.38844156e+02  1.31929721e-06 
 3.46736850e+02  1.30645566e-06 
 3.54813389e+02  1.29373963e-06 
 3.63078055e+02  1.28114789e-06 
 3.71535229e+02  1.26867921e-06 
 3.80189396e+02  1.25633238e-06 
 3.89045145e+02  1.24410621e-06 
 3.98107171e+02  1.23199952e-06 
 4.07380278e+02  1.22001112e-06 
 4.16869383e+02  1.20813987e-06 
 4.26579519e+02  1.19638460e-06 
 4.36515832e+02  1.18474418e-06 
 4.46683592e+02  1.17321749e-06 
 4.57088190e+02  1.16180340e-06 
 4.67735141e+02  1.15050081e-06 
 4.78630092e+02  1.13930863e-06 
 4.89778819e+02  1.12822577e-06 
 5.01187234e+02  1.11725115e-06 
 5.12861384e+02  1.10638373e-06 
 5.24807460e+02  1.09562244e-06 
 5.37031796e+02  1.08496625e-06 
 5.49540874e+02  1.07441411e-06 
 5.62341325e+02  1.06396502e-06 
 5.75439937e+02  1.05361796e-06 
 5.88843655e+02  1.04337193e-06 
 6.02559586e+02  1.03322594e-06 
 6.16595002e+02  1.02317901e-06 
 6.30957344e+02  1.01323016e-06 
 6.45654229e+02  1.00337844e-06 
 6.60693448e+02  9.93622886e-07 
 6.76082975e+02  9.83962564e-07 
 6.91830971e+02  9.74396537e-07 
 7.07945784e+02  9.64923881e-07 
 7.24435960e+02  9.55543680e-07 
 7.41310241e+02  9.46255028e-07 
 7.58577575e+02  9.37057027e-07 
 7.76247117e+02  9.27948789e-07 
 7.94328235e+02  9.18929434e-07 
 8.12830516e+02  9.09998092e-07 
 8.31763771e+02  9.01153899e-07 
 8.51138038e+02  8.92396001e-07 
 8.70963590e+02  8.83723553e-07 
 8.91250938e+02  8.75135718e-07 
 9.12010839e+02  8.66631666e-07 
 9.33254301e+02  8.58210577e-07 
 9.54992586e+02  8.49871639e-07 
 9.77237221e+02  8.41614046e-07 
 1.00000000e+03  8.33437001e-07 
 1.02329299e+03  8.25339716e-07 
 1.04712855e+03  8.17321410e-07 
 1.07151931e+03  8.09381309e-07 
 1.09647820e+03  8.01518647e-07 
 1.12201845e+03  7.93732666e-07 
 1.14815362e+03  7.86022616e-07 
 1.17489755e+03  7.78387752e-07 
 1.20226443e+03  7.70827339e-07 
 1.23026877e+03  7.63340648e-07 
 1.25892541e+03  7.55926958e-07 
 1.28824955e+03  7.48585553e-07 
 1.31825674e+03  7.41315726e-07 
 1.34896288e+03  7.34116777e-07 
 1.38038426e+03  7.26988012e-07 
 1.41253754e+03  7.19928745e-07 
 1.44543977e+03  7.12938295e-07 
 1.47910839e+03  7.06015988e-07 
 1.51356125e+03  6.99161159e-07 
 1.54881662e+03  6.92373148e-07 
 1.58489319e+03  6.85651299e-07 
 1.62181010e+03  6.78994967e-07 
 1.65958691e+03  6.72403510e-07 
 1.69824365e+03  6.65876294e-07 
 1.73780083e+03  6.59412691e-07 
 1.77827941e+03  6.53012078e-07 
 1.81970086e+03  6.46673839e-07 
 1.86208714e+03  6.40397366e-07 
 1.90546072e+03  6.34182053e-07 
 1.94984460e+03  6.28027302e-07 
 1.99526231e+03  6.21932522e-07 
 2.04173794e+03  6.15897127e-07 
 2.08929613e+03  6.09920536e-07 
 2.13796209e+03  6.04002173e-07 
 2.18776162e+03  5.98141471e-07 
 2.23872114e+03  5.92337864e-07 
 2.29086765e+03  5.86590797e-07 
 2.34422882e+03  5.80899715e-07 
 2.39883292e+03  5.75264072e-07 
 2.45470892e+03  5.69683326e-07 
 2.51188643e+03  5.64156941e-07 
 2.57039578e+03  5.58684386e-07 
 2.63026799e+03  5.53265134e-07 
 2.69153480e+03  5.47898666e-07 
 2.75422870e+03  5.42584465e-07 
 2.81838293e+03  5.37322021e-07 
 2.88403150e+03  5.32110829e-07 
 2.95120923e+03  5.26950388e-07 
 3.01995172e+03  5.21840202e-07 
 3.09029543e+03  5.16779781e-07 
 3.16227766e+03  5.11768639e-07 
 3.23593657e+03  5.06806294e-07 
 3.31131121e+03  5.01892270e-07 
 3.38844156e+03  4.97026096e-07 
 3.46736850e+03  4.92207305e-07 
 3.54813389e+03  4.87435433e-07 
 3.63078055e+03  4.82710023e-07 
 3.71535229e+03  4.78030621e-07 
 3.80189396e+03  4.73396779e-07 
 3.89045145e+03  4.68808052e-07 
 3.98107171e+03  4.64264000e-07 
 4.07380278e+03  4.59764186e-07 
 4.16869383e+03  4.55308179e-07 
 4.26579519e+03  4.50895552e-07 
 4.36515832e+03  4.46525882e-07 
 4.46683592e+03  4.42198749e-07 
 4.57088190e+03  4.37913738e-07 
 4.67735141e+03  4.33670440e-07 
 4.78630092e+03  4.29468446e-07 
 4.89778819e+03  4.25307354e-07 
 5.01187234e+03  4.21186765e-07 
 5.12861384e+03  4.17106285e-07 
 5.24807460e+03  4.13065522e-07 
 5.37031796e+03  4.09064089e-07 
 5.49540874e+03  4.05101602e-07 
 5.62341325e+03  4.01177683e-07 
 5.75439937e+03  3.97291954e-07 
 5.88843655e+03  3.93444044e-07 
 6.02559586e+03  3.89633584e-07 
 6.16595002e+03  3.85860209e-07 
 6.30957344e+03  3.82123558e-07 
 6.45654229e+03  3.78423272e-07 
 6.60693448e+03  3.74758999e-07 
 6.76082975e+03  3.71130385e-07 
 6.91830971e+03  3.67537085e-07 
 7.07945784e+03  3.63978755e-07 
 7.24435960e+03  3.60455052e-07 
 7.41310241e+03  3.56965641e-07 
 7.58577575e+03  3.53510188e-07 
 7.76247117e+03  3.50088361e-07 
 7.94328235e+03  3.46699833e-07 
 8.12830516e+03  3.43344279e-07 
 8.31763771e+03  3.40021380e-07 
 8.51138038e+03  3.36730816e-07 
 8.70963590e+03  3.33472274e-07 
 8.91250938e+03  3.30245441e-07 
 9.12010839e+03  3.27050008e-07 
 9.33254301e+03  3.23885671e-07 
 9.54992586e+03  3.20752126e-07 
 9.77237221e+03  3.17649073e-07 
 1.00000000e+04  3.14576217e-07 
 1.02329299e+04  3.11533263e-07 
 1.04712855e+04  3.08519920e-07 
 1.07151931e+04  3.05535900e-07 
 1.09647820e+04  3.02580918e-07 
 1.12201845e+04  2.99654692e-07 
 1.14815362e+04  2.96756941e-07 
 1.17489755e+04  2.93887389e-07 
 1.20226443e+04  2.91045761e-07 
 1.23026877e+04  2.88231787e-07 
 1.25892541e+04  2.85445196e-07 
 1.28824955e+04  2.82685724e-07 
 1.31825674e+04  2.79953106e-07 
 1.34896288e+04  2.77247080e-07 
 1.38038426e+04  2.74567390e-07 
 1.41253754e+04  2.71913778e-07 
 1.44543977e+04  2.69285991e-07 
 1.47910839e+04  2.66683779e-07 
 1.51356125e+04  2.64106893e-07 
 1.54881662e+04  2.61555086e-07 
 1.58489319e+04  2.59028115e-07 
 1.62181010e+04  2.56525739e-07 
 1.65958691e+04  2.54047719e-07 
 1.69824365e+04  2.51593818e-07 
 1.73780083e+04  2.49163802e-07 
 1.77827941e+04  2.46757439e-07 
 1.81970086e+04  2.44374500e-07 
 1.86208714e+04  2.42014757e-07 
 1.90546072e+04  2.39677984e-07 
 1.94984460e+04  2.37363960e-07 
 1.99526231e+04  2.35072462e-07 
 2.04173794e+04  2.32803273e-07 
 2.08929613e+04  2.30556175e-07 
 2.13796209e+04  2.28330956e-07 
 2.18776162e+04  2.26127401e-07 
 2.23872114e+04  2.23945302e-07 
 2.29086765e+04  2.21784449e-07 
 2.34422882e+04  2.19644637e-07 
 2.39883292e+04  2.17525663e-07 
 2.45470892e+04  2.15427322e-07 
 2.51188643e+04  2.13349417e-07 
 2.57039578e+04  2.11291748e-07 
 2.63026799e+04  2.09254119e-07 
 2.69153480e+04  2.07236336e-07 
 2.75422870e+04  2.05238207e-07 
 2.81838293e+04  2.03259541e-07 
 2.88403150e+04  2.01300150e-07 
 2.95120923e+04  1.99359847e-07 
 3.01995172e+04  1.97438447e-07 
 3.09029543e+04  1.95535766e-07 
 3.16227766e+04  1.93651624e-07 
 3.23593657e+04  1.91785841e-07 
 3.31131121e+04  1.89938239e-07 
 3.38844156e+04  1.88108643e-07 
 3.46736850e+04  1.86296877e-07 
 3.54813389e+04  1.84502770e-07 
 3.63078055e+04  1.82726150e-07 
 3.71535229e+04  1.80966848e-07 
 3.80189396e+04  1.79224696e-07 
 3.89045145e+04  1.77499530e-07 
 3.98107171e+04  1.75791183e-07 
 4.07380278e+04  1.74099495e-07 
 4.16869383e+04  1.72424303e-07 
 4.26579519e+04  1.70765447e-07 
 4.36515832e+04  1.69122772e-07 
 4.46683592e+04  1.67496118e-07 
 4.57088190e+04  1.65885333e-07 
 4.67735141e+04  1.64290262e-07 
 4.78630092e+04  1.62710754e-07 
 4.89778819e+04  1.61146658e-07 
 5.01187234e+04  1.59597826e-07 
 5.12861384e+04  1.58064109e-07 
 5.24807460e+04  1.56545363e-07 
 5.37031796e+04  1.55041442e-07 
 5.49540874e+04  1.53552204e-07 
 5.62341325e+04  1.52077507e-07 
 5.75439937e+04  1.50617209e-07 
 5.88843655e+04  1.49171174e-07 
 6.02559586e+04  1.47739262e-07 
 6.16595002e+04  1.46321338e-07 
 6.30957344e+04  1.44917266e-07 
 6.45654229e+04  1.43526914e-07 
 6.60693448e+04  1.42150149e-07 
 6.76082975e+04  1.40786840e-07 
 6.91830971e+04  1.39436857e-07 
 7.07945784e+04  1.38100072e-07 
 7.24435960e+04  1.36776357e-07 
 7.41310241e+04  1.35465588e-07 
 7.58577575e+04  1.34167639e-07 
 7.76247117e+04  1.32882387e-07 
 7.94328235e+04  1.31609710e-07 
 8.12830516e+04  1.30349486e-07 
 8.31763771e+04  1.29101596e-07 
 8.51138038e+04  1.27865921e-07 
 8.70963590e+04  1.26642344e-07 
 8.91250938e+04  1.25430748e-07 
 9.12010839e+04  1.24231018e-07 
 9.33254301e+04  1.23043041e-07 
 9.54992586e+04  1.21866703e-07 
 9.77237221e+04  1.20701892e-07 
 1.00000000e+05  1.19548498e-07 
 1.02329299e+05  1.18406411e-07 
 1.04712855e+05  1.17275523e-07 
 1.07151931e+05  1.16155726e-07 
 1.09647820e+05  1.15046913e-07 
 1.12201845e+05  1.13948980e-07 
 1.14815362e+05  1.12861822e-07 
 1.17489755e+05  1.11785336e-07 
 1.20226443e+05  1.10719418e-07 
 1.23026877e+05  1.09663969e-07 
 1.25892541e+05  1.08618888e-07 
 1.28824955e+05  1.07584076e-07 
 1.31825674e+05  1.06559433e-07 
 1.34896288e+05  1.05544864e-07 
 1.38038426e+05  1.04540271e-07 
 1.41253754e+05  1.03545559e-07 
 1.44543977e+05  1.02560633e-07 
 1.47910839e+05  1.01585401e-07 
 1.51356125e+05  1.00619769e-07 
 1.54881662e+05  9.96636454e-08 
 1.58489319e+05  9.87169398e-08 
 1.62181010e+05  9.77795620e-08 
 1.65958691e+05  9.68514231e-08 
 1.69824365e+05  9.59324349e-08 
 1.73780083e+05  9.50225100e-08 
 1.77827941e+05  9.41215622e-08 
 1.81970086e+05  9.32295057e-08 
 1.86208714e+05  9.23462558e-08 
 1.90546072e+05  9.14717287e-08 
 1.94984460e+05  9.06058413e-08 
 1.99526231e+05  8.97485114e-08 
 2.04173794e+05  8.88996575e-08 
 2.08929613e+05  8.80591989e-08 
 2.13796209e+05  8.72270559e-08 
 2.18776162e+05  8.64031495e-08 
 2.23872114e+05  8.55874013e-08 
 2.29086765e+05  8.47797339e-08 
 2.34422882e+05  8.39800705e-08 
 2.39883292e+05  8.31883353e-08 
 2.45470892e+05  8.24044529e-08 
 2.51188643e+05  8.16283490e-08 
 2.57039578e+05  8.08599497e-08 
 2.63026799e+05  8.00991822e-08 
 2.69153480e+05  7.93459741e-08 
 2.75422870e+05  7.86002538e-08 
 2.81838293e+05  7.78619506e-08 
 2.88403150e+05  7.71309942e-08 
 2.95120923e+05  7.64073153e-08 
 3.01995172e+05  7.56908450e-08 
 3.09029543e+05  7.49815153e-08 
 3.16227766e+05  7.42792587e-08 
 3.23593657e+05  7.35840085e-08 
 3.31131121e+05  7.28956987e-08 
 3.38844156e+05  7.22142638e-08 
 3.46736850e+05  7.15396390e-08 
 3.54813389e+05  7.08717602e-08 
 3.63078055e+05  7.02105640e-08 
 3.71535229e+05  6.95559873e-08 
 3.80189396e+05  6.89079681e-08 
 3.89045145e+05  6.82664446e-08 
 3.98107171e+05  6.76313558e-08 
 4.07380278e+05  6.70026414e-08 
 4.16869383e+05  6.63802415e-08 
 4.26579519e+05  6.57640970e-08 
 4.36515832e+05  6.51541491e-08 
 4.46683592e+05  6.45503398e-08 
 4.57088190e+05  6.39526117e-08 
 4.67735141e+05  6.33609079e-08 
 4.78630092e+05  6.27751720e-08 
 4.89778819e+05  6.21953483e-08 
 5.01187234e+05  6.16213815e-08 
 5.12861384e+05  6.10532169e-08 
 5.24807460e+05  6.04908005e-08 
 5.37031796e+05  5.99340786e-08 
 5.49540874e+05  5.93829981e-08 
 5.62341325e+05  5.88375066e-08 
 5.75439937e+05  5.82975519e-08 
 5.88843655e+05  5.77630827e-08 
 6.02559586e+05  5.72340480e-08 
 6.16595002e+05  5.67103971e-08 
 6.30957344e+05  5.61920802e-08 
 6.45654229e+05  5.56790478e-08 
 6.60693448e+05  5.51712509e-08 
 6.76082975e+05  5.46686409e-08 
 6.91830971e+05  5.41711699e-08 
 7.07945784e+05  5.36787902e-08 
 7.24435960e+05  5.31914549e-08 
 7.41310241e+05  5.27091172e-08 
 7.58577575e+05  5.22317311e-08 
 7.76247117e+05  5.17592508e-08 
 7.94328235e+05  5.12916311e-08 
 8.12830516e+05  5.08288272e-08 
 8.31763771e+05  5.03707947e-08 
 8.51138038e+05  4.99174898e-08 
 8.70963590e+05  4.94688688e-08 
 8.91250938e+05  4.90248889e-08 
 9.12010839e+05  4.85855072e-08 
 9.33254301e+05  4.81506817e-08 
 9.54992586e+05  4.77203706e-08 
 9.77237221e+05  4.72945324e-08 
 1.00000000e+06  4.68731262e-08 
 1.02329299e+06  4.64561114e-08 
 1.04712855e+06  4.60434478e-08 
 1.07151931e+06  4.56350956e-08 
 1.09647820e+06  4.52310155e-08 
 1.12201845e+06  4.48311685e-08 
 1.14815362e+06  4.44355158e-08 
 1.17489755e+06  4.40440194e-08 
 1.20226443e+06  4.36566413e-08 
 1.23026877e+06  4.32733439e-08 
 1.25892541e+06  4.28940902e-08 
 1.28824955e+06  4.25188434e-08 
 1.31825674e+06  4.21475670e-08 
 1.34896288e+06  4.17802251e-08 
 1.38038426e+06  4.14167818e-08 
 1.41253754e+06  4.10572018e-08 
 1.44543977e+06  4.07014501e-08 
 1.47910839e+06  4.03494919e-08 
 1.51356125e+06  4.00012930e-08 
 1.54881662e+06  3.96568192e-08 
 1.58489319e+06  3.93160369e-08 
 1.62181010e+06  3.89789127e-08 
 1.65958691e+06  3.86454136e-08 
 1.69824365e+06  3.83155067e-08 
 1.73780083e+06  3.79891597e-08 
 1.77827941e+06  3.76663404e-08 
 1.81970086e+06  3.73470169e-08 
 1.86208714e+06  3.70311579e-08 
 1.90546072e+06  3.67187320e-08 
 1.94984460e+06  3.64097083e-08 
 1.99526231e+06  3.61040562e-08 
 2.04173794e+06  3.58017452e-08 
 2.08929613e+06  3.55027454e-08 
 2.13796209e+06  3.52070269e-08 
 2.18776162e+06  3.49145603e-08 
 2.23872114e+06  3.46253161e-08 
 2.29086765e+06  3.43392656e-08 
 2.34422882e+06  3.40563799e-08 
 2.39883292e+06  3.37766307e-08 
 2.45470892e+06  3.34999897e-08 
 2.51188643e+06  3.32264289e-08 
 2.57039578e+06  3.29559207e-08 
 2.63026799e+06  3.26884377e-08 
 2.69153480e+06  3.24239527e-08 
 2.75422870e+06  3.21624387e-08 
 2.81838293e+06  3.19038690e-08 
 2.88403150e+06  3.16482172e-08 
 2.95120923e+06  3.13954569e-08 
 3.01995172e+06  3.11455623e-08 
 3.09029543e+06  3.08985074e-08 
 3.16227766e+06  3.06542668e-08 
 3.23593657e+06  3.04128151e-08 
 3.31131121e+06  3.01741272e-08 
 3.38844156e+06  2.99381782e-08 
 3.46736850e+06  2.97049434e-08 
 3.54813389e+06  2.94743983e-08 
 3.63078055e+06  2.92465186e-08 
 3.71535229e+06  2.90212802e-08 
 3.80189396e+06  2.87986593e-08 
 3.89045145e+06  2.85786323e-08 
 3.98107171e+06  2.83611755e-08 
 4.07380278e+06  2.81462657e-08 
 4.16869383e+06  2.79338799e-08 
 4.26579519e+06  2.77239950e-08 
 4.36515832e+06  2.75165884e-08 
 4.46683592e+06  2.73116375e-08 
 4.57088190e+06  2.71091200e-08 
 4.67735141e+06  2.69090135e-08 
 4.78630092e+06  2.67112962e-08 
 4.89778819e+06  2.65159461e-08 
 5.01187234e+06  2.63229416e-08 
 5.12861384e+06  2.61322611e-08 
 5.24807460e+06  2.59438833e-08 
 5.37031796e+06  2.57577869e-08 
 5.49540874e+06  2.55739510e-08 
 5.62341325e+06  2.53923547e-08 
 5.75439937e+06  2.52129771e-08 
 5.88843655e+06  2.50357979e-08 
 6.02559586e+06  2.48607964e-08 
 6.16595002e+06  2.46879525e-08 
 6.30957344e+06  2.45172459e-08 
 6.45654229e+06  2.43486568e-08 
 6.60693448e+06  2.41821652e-08 
 6.76082975e+06  2.40177515e-08 
 6.91830971e+06  2.38553960e-08 
 7.07945784e+06  2.36950794e-08 
 7.24435960e+06  2.35367822e-08 
 7.41310241e+06  2.33804854e-08 
 7.58577575e+06  2.32261699e-08 
 7.76247117e+06  2.30738167e-08 
 7.94328235e+06  2.29234071e-08 
 8.12830516e+06  2.27749224e-08 
 8.31763771e+06  2.26283440e-08 
 8.51138038e+06  2.24836536e-08 
 8.70963590e+06  2.23408328e-08 
 8.91250938e+06  2.21998635e-08 
 9.12010839e+06  2.20607275e-08 
 9.33254301e+06  2.19234069e-08 
 9.54992586e+06  2.17878839e-08 
 9.77237221e+06  2.16541407e-08 
 1.00000000e+07  2.15221598e-08 
 1.02329299e+07  2.13919235e-08 
 1.04712855e+07  2.12634146e-08 
 1.07151931e+07  2.11366157e-08 
 1.09647820e+07  2.10115096e-08 
 1.12201845e+07  2.08880794e-08 
 1.14815362e+07  2.07663079e-08 
 1.17489755e+07  2.06461783e-08 
 1.20226443e+07  2.05276739e-08 
 1.23026877e+07  2.04107781e-08 
 1.25892541e+07  2.02954741e-08 
 1.28824955e+07  2.01817457e-08 
 1.31825674e+07  2.00695764e-08 
 1.34896288e+07  1.99589499e-08 
 1.38038426e+07  1.98498502e-08 
 1.41253754e+07  1.97422611e-08 
 1.44543977e+07  1.96361667e-08 
 1.47910839e+07  1.95315511e-08 
 1.51356125e+07  1.94283986e-08 
 1.54881662e+07  1.93266934e-08 
 1.58489319e+07  1.92264201e-08 
 1.62181010e+07  1.91275630e-08 
 1.65958691e+07  1.90301070e-08 
 1.69824365e+07  1.89340365e-08 
 1.73780083e+07  1.88393366e-08 
 1.77827941e+07  1.87459920e-08 
 1.81970086e+07  1.86539878e-08 
 1.86208714e+07  1.85633090e-08 
 1.90546072e+07  1.84739409e-08 
 1.94984460e+07  1.83858687e-08 
 1.99526231e+07  1.82990779e-08 
 2.04173794e+07  1.82135538e-08 
 2.08929613e+07  1.81292822e-08 
 2.13796209e+07  1.80462485e-08 
 2.18776162e+07  1.79644387e-08 
 2.23872114e+07  1.78838385e-08 
 2.29086765e+07  1.78044339e-08 
 2.34422882e+07  1.77262110e-08 
 2.39883292e+07  1.76491559e-08 
 2.45470892e+07  1.75732549e-08 
 2.51188643e+07  1.74984944e-08 
 2.57039578e+07  1.74248606e-08 
 2.63026799e+07  1.73523403e-08 
 2.69153480e+07  1.72809200e-08 
 2.75422870e+07  1.72105866e-08 
 2.81838293e+07  1.71413267e-08 
 2.88403150e+07  1.70731274e-08 
 2.95120923e+07  1.70059757e-08 
 3.01995172e+07  1.69398588e-08 
 3.09029543e+07  1.68747639e-08 
 3.16227766e+07  1.68106783e-08 
 3.23593657e+07  1.67475896e-08 
 3.31131121e+07  1.66854852e-08 
 3.38844156e+07  1.66243528e-08 
 3.46736850e+07  1.65641802e-08 
 3.54813389e+07  1.65049552e-08 
 3.63078055e+07  1.64466659e-08 
 3.71535229e+07  1.63893003e-08 
 3.80189396e+07  1.63328465e-08 
 3.89045145e+07  1.62772930e-08 
 3.98107171e+07  1.62226281e-08 
 4.07380278e+07  1.61688404e-08 
 4.16869383e+07  1.61159184e-08 
 4.26579519e+07  1.60638508e-08 
 4.36515832e+07  1.60126267e-08 
 4.46683592e+07  1.59622348e-08 
 4.57088190e+07  1.59126644e-08 
 4.67735141e+07  1.58639045e-08 
 4.78630092e+07  1.58159445e-08 
 4.89778819e+07  1.57687738e-08 
 5.01187234e+07  1.57223820e-08 
 5.12861384e+07  1.56767587e-08 
 5.24807460e+07  1.56318936e-08 
 5.37031796e+07  1.55877767e-08 
 5.49540874e+07  1.55443981e-08 
 5.62341325e+07  1.55017477e-08 
 5.75439937e+07  1.54598160e-08 
 5.88843655e+07  1.54185932e-08 
 6.02559586e+07  1.53780698e-08 
 6.16595002e+07  1.53382366e-08 
 6.30957344e+07  1.52990842e-08 
 6.45654229e+07  1.52606036e-08 
 6.60693448e+07  1.52227857e-08 
 6.76082975e+07  1.51856217e-08 
 6.91830971e+07  1.51491029e-08 
 7.07945784e+07  1.51132206e-08 
 7.24435960e+07  1.50779664e-08 
 7.41310241e+07  1.50433320e-08 
 7.58577575e+07  1.50093091e-08 
 7.76247117e+07  1.49758897e-08 
 7.94328235e+07  1.49430660e-08 
 8.12830516e+07  1.49108300e-08 
 8.31763771e+07  1.48791742e-08 
 8.51138038e+07  1.48480911e-08 
 8.70963590e+07  1.48175733e-08 
 8.91250938e+07  1.47876136e-08 
 9.12010839e+07  1.47582049e-08 
 9.33254301e+07  1.47293404e-08 
 9.54992586e+07  1.47010133e-08 
 9.77237221e+07  1.46732169e-08 
 1.00000000e+08  1.46459449e-08 
 1.02329299e+08  1.46191909e-08 
 1.04712855e+08  1.45929489e-08 
 1.07151931e+08  1.45672128e-08 
 1.09647820e+08  1.45419768e-08 
 1.12201845e+08  1.45172353e-08 
 1.14815362e+08  1.44929829e-08 
 1.17489755e+08  1.44692142e-08 
 1.20226443e+08  1.44459242e-08 
 1.23026877e+08  1.44231079e-08 
 1.25892541e+08  1.44007605e-08 
 1.28824955e+08  1.43788775e-08 
 1.31825674e+08  1.43574546e-08 
 1.34896288e+08  1.43364874e-08 
 1.38038426e+08  1.43159721e-08 
 1.41253754e+08  1.42959048e-08 
 1.44543977e+08  1.42762820e-08 
 1.47910839e+08  1.42571003e-08 
 1.51356125e+08  1.42383566e-08 
 1.54881662e+08  1.42200479e-08 
 1.58489319e+08  1.42021714e-08 
 1.62181010e+08  1.41847248e-08 
 1.65958691e+08  1.41677056e-08 
 1.69824365e+08  1.41511120e-08 
 1.73780083e+08  1.41349422e-08 
 1.77827941e+08  1.41191946e-08 
 1.81970086e+08  1.41038679e-08 
 1.86208714e+08  1.40889612e-08 
 1.90546072e+08  1.40744737e-08 
 1.94984460e+08  1.40604050e-08 
 1.99526231e+08  1.40467550e-08 
 2.04173794e+08  1.40335236e-08 
 2.08929613e+08  1.40207114e-08 
 2.13796209e+08  1.40083190e-08 
 2.18776162e+08  1.39963474e-08 
 2.23872114e+08  1.39847981e-08 
 2.29086765e+08  1.39736727e-08 
 2.34422882e+08  1.39629733e-08 
 2.39883292e+08  1.39527021e-08 
 2.45470892e+08  1.39428619e-08 
 2.51188643e+08  1.39334557e-08 
 2.57039578e+08  1.39244871e-08 
 2.63026799e+08  1.39159599e-08 
 2.69153480e+08  1.39078782e-08 
 2.75422870e+08  1.39002467e-08 
 2.81838293e+08  1.38930704e-08 
 2.88403150e+08  1.38863548e-08 
 2.95120923e+08  1.38801057e-08 
 3.01995172e+08  1.38743294e-08 
 3.09029543e+08  1.38690327e-08 
 3.16227766e+08  1.38642228e-08 
 3.23593657e+08  1.38599074e-08 
 3.31131121e+08  1.38560945e-08 
 3.38844156e+08  1.38527928e-08 
 3.46736850e+08  1.38500115e-08 
 3.54813389e+08  1.38477600e-08 
 3.63078055e+08  1.38460484e-08 
 3.71535229e+08  1.38448875e-08 
 3.80189396e+08  1.38442882e-08 
 3.89045145e+08  1.38442621e-08 
 3.98107171e+08  1.38448215e-08 
 4.07380278e+08  1.38459789e-08 
 4.16869383e+08  1.38477475e-08 
 4.26579519e+08  1.38501410e-08 
 4.36515832e+08  1.38531736e-08 
 4.46683592e+08  1.38568600e-08 
 4.57088190e+08  1.38612154e-08 
 4.67735141e+08  1.38662554e-08 
 4.78630092e+08  1.38719964e-08 
 4.89778819e+08  1.38784548e-08 
 5.01187234e+08  1.38856480e-08 
 5.12861384e+08  1.38935934e-08 
 5.24807460e+08  1.39023089e-08 
 5.37031796e+08  1.39118130e-08 
 5.49540874e+08  1.39221244e-08 
 5.62341325e+08  1.39332621e-08 
 5.75439937e+08  1.39452456e-08 
 5.88843655e+08  1.39580944e-08 
 6.02559586e+08  1.39718284e-08 
 6.16595002e+08  1.39864676e-08 
 6.30957344e+08  1.40020320e-08 
 6.45654229e+08  1.40185420e-08 
 6.60693448e+08  1.40360176e-08 
 6.76082975e+08  1.40544790e-08 
 6.91830971e+08  1.40739461e-08 
 7.07945784e+08  1.40944387e-08 
 7.24435960e+08  1.41159761e-08 
 7.41310241e+08  1.41385775e-08 
 7.58577575e+08  1.41622614e-08 
 7.76247117e+08  1.41870457e-08 
 7.94328235e+08  1.42129477e-08 
 8.12830516e+08  1.42399839e-08 
 8.31763771e+08  1.42681699e-08 
 8.51138038e+08  1.42975202e-08 
 8.70963590e+08  1.43280482e-08 
 8.91250938e+08  1.43597659e-08 
 9.12010839e+08  1.43926842e-08 
 9.33254301e+08  1.44268121e-08 
 9.54992586e+08  1.44621571e-08 
 9.77237221e+08  1.44987249e-08 
 1.00000000e+09  1.45365192e-08 
