 1.00000000e+00 -8.18340949e-05 
 1.25892541e+00 -1.03023022e-04 
 1.58489319e+00 -1.29698300e-04 
 1.99526231e+00 -1.63280486e-04 
 2.51188643e+00 -2.05557953e-04 
 3.16227766e+00 -2.58782130e-04 
 3.98107171e+00 -3.25787400e-04 
 5.01187234e+00 -4.10142036e-04 
 6.30957344e+00 -5.16338232e-04 
 7.94328235e+00 -6.50031321e-04 
 1.00000000e+01 -8.18340949e-04 
 1.25892541e+01 -1.03023022e-03 
 1.58489319e+01 -1.29698300e-03 
 1.99526231e+01 -1.63280486e-03 
 2.51188643e+01 -2.05557952e-03 
 3.16227766e+01 -2.58782130e-03 
 3.98107171e+01 -3.25787399e-03 
 5.01187234e+01 -4.10142036e-03 
 6.30957344e+01 -5.16338231e-03 
 7.94328235e+01 -6.50031318e-03 
 1.00000000e+02 -8.18340943e-03 
 1.25892541e+02 -1.03023020e-02 
 1.58489319e+02 -1.29698298e-02 
 1.99526231e+02 -1.63280481e-02 
 2.51188643e+02 -2.05557944e-02 
 3.16227766e+02 -2.58782112e-02 
 3.98107171e+02 -3.25787365e-02 
 5.01187234e+02 -4.10141966e-02 
 6.30957344e+02 -5.16338092e-02 
 7.94328235e+02 -6.50031043e-02 
 1.00000000e+03 -8.18340393e-02 
 1.25892541e+03 -1.03022911e-01 
 1.58489319e+03 -1.29698079e-01 
 1.99526231e+03 -1.63280044e-01 
 2.51188643e+03 -2.05557071e-01 
 3.16227766e+03 -2.58780372e-01 
 3.98107171e+03 -3.25783892e-01 
 5.01187234e+03 -4.10135038e-01 
 6.30957344e+03 -5.16324268e-01 
 7.94328235e+03 -6.50003460e-01 
 1.00000000e+04 -8.18285361e-01 
 1.25892541e+04 -1.03011931e+00 
 1.58489319e+04 -1.29676174e+00 
 1.99526231e+04 -1.63236347e+00 
 2.51188643e+04 -2.05469909e+00 
 3.16227766e+04 -2.58606540e+00 
 3.98107171e+04 -3.25437302e+00 
 5.01187234e+04 -4.09444288e+00 
 6.30957344e+04 -5.14948527e+00 
 7.94328235e+04 -6.47266313e+00 
 1.00000000e+05 -8.12848545e+00 
 1.25892541e+05 -1.01934789e+01 
 1.58489319e+05 -1.27550661e+01 
 1.99526231e+05 -1.59067790e+01 
 2.51188643e+05 -1.97370060e+01 
 3.16227766e+05 -2.43081567e+01 
 3.98107171e+05 -2.96253104e+01 
 5.01187234e+05 -3.56006601e+01 
 6.30957344e+05 -4.20317560e+01 
 7.94328235e+05 -4.86174376e+01 
 1.00000000e+06 -5.50194826e+01 
 1.25892541e+06 -6.09440808e+01 
 1.58489319e+06 -6.61997752e+01 
 1.99526231e+06 -7.07090967e+01 
 2.51188643e+06 -7.44844938e+01 
 3.16227766e+06 -7.75926195e+01 
 3.98107171e+06 -8.01238873e+01 
 5.01187234e+06 -8.21726786e+01 
 6.30957344e+06 -8.38268897e+01 
 7.94328235e+06 -8.51636659e+01 
 1.00000000e+07 -8.62486042e+01 
 1.25892541e+07 -8.71366449e+01 
 1.58489319e+07 -8.78736451e+01 
 1.99526231e+07 -8.84981266e+01 
 2.51188643e+07 -8.90429726e+01 
 3.16227766e+07 -8.95369959e+01 
 3.98107171e+07 -9.00063731e+01 
 5.01187234e+07 -9.04759736e+01 
 6.30957344e+07 -9.09706212e+01 
 7.94328235e+07 -9.15163255e+01 
 1.00000000e+08 -9.21415032e+01 
 1.25892541e+08 -9.28781767e+01 
 1.58489319e+08 -9.37630646e+01 
 1.99526231e+08 -9.48383383e+01 
 2.51188643e+08 -9.61515601e+01 
 3.16227766e+08 -9.77538637e+01 
 3.98107171e+08 -9.96947374e+01 
 5.01187234e+08 -1.02010952e+02 
 6.30957344e+08 -1.04706949e+02 
 7.94328235e+08 -1.07726352e+02 
 1.00000000e+09 -1.10922596e+02 
