 1.00000000e+00 -8.17145954e-05 
 1.25892541e+00 -1.02872581e-04 
 1.58489319e+00 -1.29508906e-04 
 1.99526231e+00 -1.63042053e-04 
 2.51188643e+00 -2.05257783e-04 
 3.16227766e+00 -2.58404240e-04 
 3.98107171e+00 -3.25311664e-04 
 5.01187234e+00 -4.09543120e-04 
 6.30957344e+00 -5.15584241e-04 
 7.94328235e+00 -6.49082103e-04 
 1.00000000e+01 -8.17145954e-04 
 1.25892541e+01 -1.02872581e-03 
 1.58489319e+01 -1.29508906e-03 
 1.99526231e+01 -1.63042053e-03 
 2.51188643e+01 -2.05257783e-03 
 3.16227766e+01 -2.58404239e-03 
 3.98107171e+01 -3.25311663e-03 
 5.01187234e+01 -4.09543119e-03 
 6.30957344e+01 -5.15584240e-03 
 7.94328235e+01 -6.49082100e-03 
 1.00000000e+02 -8.17145948e-03 
 1.25892541e+02 -1.02872580e-02 
 1.58489319e+02 -1.29508904e-02 
 1.99526231e+02 -1.63042048e-02 
 2.51188643e+02 -2.05257775e-02 
 3.16227766e+02 -2.58404222e-02 
 3.98107171e+02 -3.25311629e-02 
 5.01187234e+02 -4.09543050e-02 
 6.30957344e+02 -5.15584102e-02 
 7.94328235e+02 -6.49081826e-02 
 1.00000000e+03 -8.17145400e-02 
 1.25892541e+03 -1.02872470e-01 
 1.58489319e+03 -1.29508686e-01 
 1.99526231e+03 -1.63041613e-01 
 2.51188643e+03 -2.05256906e-01 
 3.16227766e+03 -2.58402489e-01 
 3.98107171e+03 -3.25308170e-01 
 5.01187234e+03 -4.09536150e-01 
 6.30957344e+03 -5.15570334e-01 
 7.94328235e+03 -6.49054356e-01 
 1.00000000e+04 -8.17090593e-01 
 1.25892541e+04 -1.02861536e+00 
 1.58489319e+04 -1.29486871e+00 
 1.99526231e+04 -1.62998094e+00 
 2.51188643e+04 -2.05170099e+00 
 3.16227766e+04 -2.58229366e+00 
 3.98107171e+04 -3.24962993e+00 
 5.01187234e+04 -4.08848214e+00 
 6.30957344e+04 -5.14200191e+00 
 7.94328235e+04 -6.46328326e+00 
 1.00000000e+05 -8.11675793e+00 
 1.25892541e+05 -1.01788735e+01 
 1.58489319e+05 -1.27369863e+01 
 1.99526231e+05 -1.58846033e+01 
 2.51188643e+05 -1.97101767e+01 
 3.16227766e+05 -2.42763308e+01 
 3.98107171e+05 -2.95885635e+01 
 5.01187234e+05 -3.55596733e+01 
 6.30957344e+05 -4.19878452e+01 
 7.94328235e+05 -4.85723061e+01 
 1.00000000e+06 -5.49747418e+01 
 1.25892541e+06 -6.09007791e+01 
 1.58489319e+06 -6.61581649e+01 
 1.99526231e+06 -7.06686638e+01 
 2.51188643e+06 -7.44441217e+01 
 3.16227766e+06 -7.75507503e+01 
 3.98107171e+06 -8.00786147e+01 
 5.01187234e+06 -8.21217632e+01 
 6.30957344e+06 -8.37677091e+01 
 7.94328235e+06 -8.50931146e+01 
 1.00000000e+07 -8.61629493e+01 
 1.25892541e+07 -8.70313386e+01 
 1.58489319e+07 -8.77430889e+01 
 1.99526231e+07 -8.83353782e+01 
 2.51188643e+07 -8.88393810e+01 
 3.16227766e+07 -8.92817488e+01 
 3.98107171e+07 -8.96859358e+01 
 5.01187234e+07 -9.00733969e+01 
 6.30957344e+07 -9.04646960e+01 
 7.94328235e+07 -9.08805664e+01 
 1.00000000e+08 -9.13429633e+01 
 1.25892541e+08 -9.18761382e+01 
 1.58489319e+08 -9.25077485e+01 
 1.99526231e+08 -9.32699719e+01 
 2.51188643e+08 -9.42005200e+01 
 3.16227766e+08 -9.53432908e+01 
 3.98107171e+08 -9.67481235e+01 
 5.01187234e+08 -9.84686677e+01 
 6.30957344e+08 -1.00556756e+02 
 7.94328235e+08 -1.03051161e+02 
 1.00000000e+09 -1.05959181e+02 
