 1.00000000e+00  1.76866954e+01 
 1.25892541e+00  1.76866954e+01 
 1.58489319e+00  1.76866954e+01 
 1.99526231e+00  1.76866954e+01 
 2.51188643e+00  1.76866954e+01 
 3.16227766e+00  1.76866954e+01 
 3.98107171e+00  1.76866954e+01 
 5.01187234e+00  1.76866954e+01 
 6.30957344e+00  1.76866954e+01 
 7.94328235e+00  1.76866954e+01 
 1.00000000e+01  1.76866954e+01 
 1.25892541e+01  1.76866954e+01 
 1.58489319e+01  1.76866954e+01 
 1.99526231e+01  1.76866954e+01 
 2.51188643e+01  1.76866954e+01 
 3.16227766e+01  1.76866954e+01 
 3.98107171e+01  1.76866954e+01 
 5.01187234e+01  1.76866953e+01 
 6.30957344e+01  1.76866953e+01 
 7.94328235e+01  1.76866952e+01 
 1.00000000e+02  1.76866951e+01 
 1.25892541e+02  1.76866950e+01 
 1.58489319e+02  1.76866947e+01 
 1.99526231e+02  1.76866943e+01 
 2.51188643e+02  1.76866936e+01 
 3.16227766e+02  1.76866926e+01 
 3.98107171e+02  1.76866909e+01 
 5.01187234e+02  1.76866882e+01 
 6.30957344e+02  1.76866840e+01 
 7.94328235e+02  1.76866774e+01 
 1.00000000e+03  1.76866668e+01 
 1.25892541e+03  1.76866501e+01 
 1.58489319e+03  1.76866236e+01 
 1.99526231e+03  1.76865816e+01 
 2.51188643e+03  1.76865151e+01 
 3.16227766e+03  1.76864096e+01 
 3.98107171e+03  1.76862425e+01 
 5.01187234e+03  1.76859776e+01 
 6.30957344e+03  1.76855578e+01 
 7.94328235e+03  1.76848926e+01 
 1.00000000e+04  1.76838384e+01 
 1.25892541e+04  1.76821683e+01 
 1.58489319e+04  1.76795226e+01 
 1.99526231e+04  1.76753327e+01 
 2.51188643e+04  1.76687005e+01 
 3.16227766e+04  1.76582098e+01 
 3.98107171e+04  1.76416349e+01 
 5.01187234e+04  1.76154945e+01 
 6.30957344e+04  1.75743842e+01 
 7.94328235e+04  1.75100157e+01 
 1.00000000e+05  1.74099133e+01 
 1.25892541e+05  1.72558417e+01 
 1.58489319e+05  1.70223272e+01 
 1.99526231e+05  1.66761744e+01 
 2.51188643e+05  1.61784907e+01 
 3.16227766e+05  1.54906892e+01 
 3.98107171e+05  1.45841026e+01 
 5.01187234e+05  1.34493616e+01 
 6.30957344e+05  1.20998591e+01 
 7.94328235e+05  1.05668579e+01 
 1.00000000e+06  8.88964103e+00 
 1.25892541e+06  7.10637821e+00 
 1.58489319e+06  5.24890661e+00 
 1.99526231e+06  3.34129256e+00 
 2.51188643e+06  1.40059374e+00 
 3.16227766e+06 -5.61597749e-01 
 3.98107171e+06 -2.53761789e+00 
 5.01187234e+06 -4.52249264e+00 
 6.30957344e+06 -6.51303872e+00 
 7.94328235e+06 -8.50724818e+00 
 1.00000000e+07 -1.05038842e+01 
 1.25892541e+07 -1.25022257e+01 
 1.58489319e+07 -1.45019164e+01 
 1.99526231e+07 -1.65028894e+01 
 2.51188643e+07 -1.85053527e+01 
 3.16227766e+07 -2.05098320e+01 
 3.98107171e+07 -2.25172792e+01 
 5.01187234e+07 -2.45292639e+01 
 6.30957344e+07 -2.65482791e+01 
 7.94328235e+07 -2.85781970e+01 
 1.00000000e+08 -3.06249063e+01 
 1.25892541e+08 -3.26971153e+01 
 1.58489319e+08 -3.48071620e+01 
 1.99526231e+08 -3.69713696e+01 
 2.51188643e+08 -3.92089767e+01 
 3.16227766e+08 -4.15382360e+01 
 3.98107171e+08 -4.39687291e+01 
 5.01187234e+08 -4.64913698e+01 
 6.30957344e+08 -4.90712567e+01 
 7.94328235e+08 -5.16494131e+01 
 1.00000000e+09 -5.41542215e+01 
