 1.00000000e+00  1.76866843e+01 
 1.25892541e+00  1.76866843e+01 
 1.58489319e+00  1.76866843e+01 
 1.99526231e+00  1.76866843e+01 
 2.51188643e+00  1.76866843e+01 
 3.16227766e+00  1.76866843e+01 
 3.98107171e+00  1.76866843e+01 
 5.01187234e+00  1.76866843e+01 
 6.30957344e+00  1.76866843e+01 
 7.94328235e+00  1.76866843e+01 
 1.00000000e+01  1.76866843e+01 
 1.25892541e+01  1.76866843e+01 
 1.58489319e+01  1.76866843e+01 
 1.99526231e+01  1.76866843e+01 
 2.51188643e+01  1.76866843e+01 
 3.16227766e+01  1.76866842e+01 
 3.98107171e+01  1.76866842e+01 
 5.01187234e+01  1.76866842e+01 
 6.30957344e+01  1.76866842e+01 
 7.94328235e+01  1.76866841e+01 
 1.00000000e+02  1.76866840e+01 
 1.25892541e+02  1.76866838e+01 
 1.58489319e+02  1.76866836e+01 
 1.99526231e+02  1.76866831e+01 
 2.51188643e+02  1.76866825e+01 
 3.16227766e+02  1.76866814e+01 
 3.98107171e+02  1.76866797e+01 
 5.01187234e+02  1.76866771e+01 
 6.30957344e+02  1.76866729e+01 
 7.94328235e+02  1.76866662e+01 
 1.00000000e+03  1.76866556e+01 
 1.25892541e+03  1.76866388e+01 
 1.58489319e+03  1.76866122e+01 
 1.99526231e+03  1.76865701e+01 
 2.51188643e+03  1.76865033e+01 
 3.16227766e+03  1.76863974e+01 
 3.98107171e+03  1.76862296e+01 
 5.01187234e+03  1.76859637e+01 
 6.30957344e+03  1.76855423e+01 
 7.94328235e+03  1.76848745e+01 
 1.00000000e+04  1.76838164e+01 
 1.25892541e+04  1.76821398e+01 
 1.58489319e+04  1.76794840e+01 
 1.99526231e+04  1.76752781e+01 
 2.51188643e+04  1.76686205e+01 
 3.16227766e+04  1.76580899e+01 
 3.98107171e+04  1.76414521e+01 
 5.01187234e+04  1.76152128e+01 
 6.30957344e+04  1.75739484e+01 
 7.94328235e+04  1.75093414e+01 
 1.00000000e+05  1.74088751e+01 
 1.25892541e+05  1.72542595e+01 
 1.58489319e+05  1.70199567e+01 
 1.99526231e+05  1.66727108e+01 
 2.51188643e+05  1.61736010e+01 
 3.16227766e+05  1.54840798e+01 
 3.98107171e+05  1.45756057e+01 
 5.01187234e+05  1.34389956e+01 
 6.30957344e+05  1.20878213e+01 
 7.94328235e+05  1.05534553e+01 
 1.00000000e+06  8.87520411e+00 
 1.25892541e+06  7.09119973e+00 
 1.58489319e+06  5.23321540e+00 
 1.99526231e+06  3.32525251e+00 
 2.51188643e+06  1.38431391e+00 
 3.16227766e+06 -5.78051233e-01 
 3.98107171e+06 -2.55421272e+00 
 5.01187234e+06 -4.53922550e+00 
 6.30957344e+06 -6.52993544e+00 
 7.94328235e+06 -8.52436971e+00 
 1.00000000e+07 -1.05213398e+01 
 1.25892541e+07 -1.25201965e+01 
 1.58489319e+07 -1.45206942e+01 
 1.99526231e+07 -1.65229387e+01 
 2.51188643e+07 -1.85274091e+01 
 3.16227766e+07 -2.05350558e+01 
 3.98107171e+07 -2.25474926e+01 
 5.01187234e+07 -2.45673129e+01 
 6.30957344e+07 -2.65985692e+01 
 7.94328235e+07 -2.86474539e+01 
 1.00000000e+08 -3.07231754e+01 
 1.25892541e+08 -3.28388870e+01 
 1.58489319e+08 -3.50122074e+01 
 1.99526231e+08 -3.72643189e+01 
 2.51188643e+08 -3.96160361e+01 
 3.16227766e+08 -4.20794443e+01 
 3.98107171e+08 -4.46461239e+01 
 5.01187234e+08 -4.72776734e+01 
 6.30957344e+08 -4.99071230e+01 
 7.94328235e+08 -5.24547832e+01 
 1.00000000e+09 -5.48503202e+01 
