 1.00000000e+00  8.93155751e-06 
 1.02329299e+00  8.84213404e-06 
 1.04712855e+00  8.75361584e-06 
 1.07151931e+00  8.66599360e-06 
 1.09647820e+00  8.57925816e-06 
 1.12201845e+00  8.49340041e-06 
 1.14815362e+00  8.40841136e-06 
 1.17489755e+00  8.32428211e-06 
 1.20226443e+00  8.24100384e-06 
 1.23026877e+00  8.15856784e-06 
 1.25892541e+00  8.07696548e-06 
 1.28824955e+00  7.99618822e-06 
 1.31825674e+00  7.91622761e-06 
 1.34896288e+00  7.83707529e-06 
 1.38038426e+00  7.75872298e-06 
 1.41253754e+00  7.68116250e-06 
 1.44543977e+00  7.60438573e-06 
 1.47910839e+00  7.52838467e-06 
 1.51356125e+00  7.45315137e-06 
 1.54881662e+00  7.37867798e-06 
 1.58489319e+00  7.30495672e-06 
 1.62181010e+00  7.23197991e-06 
 1.65958691e+00  7.15973993e-06 
 1.69824365e+00  7.08822925e-06 
 1.73780083e+00  7.01744041e-06 
 1.77827941e+00  6.94736604e-06 
 1.81970086e+00  6.87799883e-06 
 1.86208714e+00  6.80933156e-06 
 1.90546072e+00  6.74135707e-06 
 1.94984460e+00  6.67406829e-06 
 1.99526231e+00  6.60745822e-06 
 2.04173794e+00  6.54151992e-06 
 2.08929613e+00  6.47624654e-06 
 2.13796209e+00  6.41163129e-06 
 2.18776162e+00  6.34766745e-06 
 2.23872114e+00  6.28434836e-06 
 2.29086765e+00  6.22166746e-06 
 2.34422882e+00  6.15961823e-06 
 2.39883292e+00  6.09819423e-06 
 2.45470892e+00  6.03738908e-06 
 2.51188643e+00  5.97719646e-06 
 2.57039578e+00  5.91761014e-06 
 2.63026799e+00  5.85862392e-06 
 2.69153480e+00  5.80023170e-06 
 2.75422870e+00  5.74242741e-06 
 2.81838293e+00  5.68520507e-06 
 2.88403150e+00  5.62855875e-06 
 2.95120923e+00  5.57248258e-06 
 3.01995172e+00  5.51697074e-06 
 3.09029543e+00  5.46201750e-06 
 3.16227766e+00  5.40761716e-06 
 3.23593657e+00  5.35376409e-06 
 3.31131121e+00  5.30045272e-06 
 3.38844156e+00  5.24767754e-06 
 3.46736850e+00  5.19543309e-06 
 3.54813389e+00  5.14371397e-06 
 3.63078055e+00  5.09251483e-06 
 3.71535229e+00  5.04183038e-06 
 3.80189396e+00  4.99165539e-06 
 3.89045145e+00  4.94198468e-06 
 3.98107171e+00  4.89281311e-06 
 4.07380278e+00  4.84413562e-06 
 4.16869383e+00  4.79594718e-06 
 4.26579519e+00  4.74824281e-06 
 4.36515832e+00  4.70101760e-06 
 4.46683592e+00  4.65426668e-06 
 4.57088190e+00  4.60798523e-06 
 4.67735141e+00  4.56216848e-06 
 4.78630092e+00  4.51681171e-06 
 4.89778819e+00  4.47191025e-06 
 5.01187234e+00  4.42745947e-06 
 5.12861384e+00  4.38345480e-06 
 5.24807460e+00  4.33989171e-06 
 5.37031796e+00  4.29676571e-06 
 5.49540874e+00  4.25407237e-06 
 5.62341325e+00  4.21180731e-06 
 5.75439937e+00  4.16996617e-06 
 5.88843655e+00  4.12854465e-06 
 6.02559586e+00  4.08753849e-06 
 6.16595002e+00  4.04694349e-06 
 6.30957344e+00  4.00675548e-06 
 6.45654229e+00  3.96697032e-06 
 6.60693448e+00  3.92758394e-06 
 6.76082975e+00  3.88859228e-06 
 6.91830971e+00  3.84999136e-06 
 7.07945784e+00  3.81177721e-06 
 7.24435960e+00  3.77394590e-06 
 7.41310241e+00  3.73649357e-06 
 7.58577575e+00  3.69941638e-06 
 7.76247117e+00  3.66271051e-06 
 7.94328235e+00  3.62637223e-06 
 8.12830516e+00  3.59039779e-06 
 8.31763771e+00  3.55478352e-06 
 8.51138038e+00  3.51952577e-06 
 8.70963590e+00  3.48462093e-06 
 8.91250938e+00  3.45006543e-06 
 9.12010839e+00  3.41585575e-06 
 9.33254301e+00  3.38198836e-06 
 9.54992586e+00  3.34845983e-06 
 9.77237221e+00  3.31526670e-06 
 1.00000000e+01  3.28240561e-06 
 1.02329299e+01  3.24987318e-06 
 1.04712855e+01  3.21766610e-06 
 1.07151931e+01  3.18578107e-06 
 1.09647820e+01  3.15421484e-06 
 1.12201845e+01  3.12296418e-06 
 1.14815362e+01  3.09202592e-06 
 1.17489755e+01  3.06139689e-06 
 1.20226443e+01  3.03107396e-06 
 1.23026877e+01  3.00105405e-06 
 1.25892541e+01  2.97133410e-06 
 1.28824955e+01  2.94191107e-06 
 1.31825674e+01  2.91278197e-06 
 1.34896288e+01  2.88394383e-06 
 1.38038426e+01  2.85539371e-06 
 1.41253754e+01  2.82712871e-06 
 1.44543977e+01  2.79914594e-06 
 1.47910839e+01  2.77144257e-06 
 1.51356125e+01  2.74401576e-06 
 1.54881662e+01  2.71686274e-06 
 1.58489319e+01  2.68998074e-06 
 1.62181010e+01  2.66336702e-06 
 1.65958691e+01  2.63701888e-06 
 1.69824365e+01  2.61093364e-06 
 1.73780083e+01  2.58510866e-06 
 1.77827941e+01  2.55954130e-06 
 1.81970086e+01  2.53422898e-06 
 1.86208714e+01  2.50916912e-06 
 1.90546072e+01  2.48435917e-06 
 1.94984460e+01  2.45979662e-06 
 1.99526231e+01  2.43547898e-06 
 2.04173794e+01  2.41140378e-06 
 2.08929613e+01  2.38756858e-06 
 2.13796209e+01  2.36397096e-06 
 2.18776162e+01  2.34060853e-06 
 2.23872114e+01  2.31747891e-06 
 2.29086765e+01  2.29457978e-06 
 2.34422882e+01  2.27190881e-06 
 2.39883292e+01  2.24946369e-06 
 2.45470892e+01  2.22724216e-06 
 2.51188643e+01  2.20524198e-06 
 2.57039578e+01  2.18346090e-06 
 2.63026799e+01  2.16189674e-06 
 2.69153480e+01  2.14054730e-06 
 2.75422870e+01  2.11941042e-06 
 2.81838293e+01  2.09848398e-06 
 2.88403150e+01  2.07776585e-06 
 2.95120923e+01  2.05725394e-06 
 3.01995172e+01  2.03694618e-06 
 3.09029543e+01  2.01684051e-06 
 3.16227766e+01  1.99693491e-06 
 3.23593657e+01  1.97722736e-06 
 3.31131121e+01  1.95771588e-06 
 3.38844156e+01  1.93839849e-06 
 3.46736850e+01  1.91927325e-06 
 3.54813389e+01  1.90033822e-06 
 3.63078055e+01  1.88159150e-06 
 3.71535229e+01  1.86303119e-06 
 3.80189396e+01  1.84465543e-06 
 3.89045145e+01  1.82646235e-06 
 3.98107171e+01  1.80845014e-06 
 4.07380278e+01  1.79061696e-06 
 4.16869383e+01  1.77296104e-06 
 4.26579519e+01  1.75548058e-06 
 4.36515832e+01  1.73817383e-06 
 4.46683592e+01  1.72103904e-06 
 4.57088190e+01  1.70407449e-06 
 4.67735141e+01  1.68727847e-06 
 4.78630092e+01  1.67064930e-06 
 4.89778819e+01  1.65418530e-06 
 5.01187234e+01  1.63788481e-06 
 5.12861384e+01  1.62174620e-06 
 5.24807460e+01  1.60576784e-06 
 5.37031796e+01  1.58994812e-06 
 5.49540874e+01  1.57428547e-06 
 5.62341325e+01  1.55877830e-06 
 5.75439937e+01  1.54342505e-06 
 5.88843655e+01  1.52822419e-06 
 6.02559586e+01  1.51317418e-06 
 6.16595002e+01  1.49827353e-06 
 6.30957344e+01  1.48352072e-06 
 6.45654229e+01  1.46891429e-06 
 6.60693448e+01  1.45445277e-06 
 6.76082975e+01  1.44013469e-06 
 6.91830971e+01  1.42595864e-06 
 7.07945784e+01  1.41192319e-06 
 7.24435960e+01  1.39802694e-06 
 7.41310241e+01  1.38426848e-06 
 7.58577575e+01  1.37064644e-06 
 7.76247117e+01  1.35715946e-06 
 7.94328235e+01  1.34380618e-06 
 8.12830516e+01  1.33058527e-06 
 8.31763771e+01  1.31749541e-06 
 8.51138038e+01  1.30453528e-06 
 8.70963590e+01  1.29170359e-06 
 8.91250938e+01  1.27899906e-06 
 9.12010839e+01  1.26642041e-06 
 9.33254301e+01  1.25396638e-06 
 9.54992586e+01  1.24163573e-06 
 9.77237221e+01  1.22942723e-06 
 1.00000000e+02  1.21733966e-06 
 1.02329299e+02  1.20537181e-06 
 1.04712855e+02  1.19352248e-06 
 1.07151931e+02  1.18179049e-06 
 1.09647820e+02  1.17017466e-06 
 1.12201845e+02  1.15867385e-06 
 1.14815362e+02  1.14728690e-06 
 1.17489755e+02  1.13601267e-06 
 1.20226443e+02  1.12485003e-06 
 1.23026877e+02  1.11379789e-06 
 1.25892541e+02  1.10285512e-06 
 1.28824955e+02  1.09202065e-06 
 1.31825674e+02  1.08129338e-06 
 1.34896288e+02  1.07067226e-06 
 1.38038426e+02  1.06015622e-06 
 1.41253754e+02  1.04974421e-06 
 1.44543977e+02  1.03943520e-06 
 1.47910839e+02  1.02922816e-06 
 1.51356125e+02  1.01912207e-06 
 1.54881662e+02  1.00911593e-06 
 1.58489319e+02  9.99208741e-07 
 1.62181010e+02  9.89399516e-07 
 1.65958691e+02  9.79687278e-07 
 1.69824365e+02  9.70071062e-07 
 1.73780083e+02  9.60549911e-07 
 1.77827941e+02  9.51122878e-07 
 1.81970086e+02  9.41789025e-07 
 1.86208714e+02  9.32547425e-07 
 1.90546072e+02  9.23397158e-07 
 1.94984460e+02  9.14337315e-07 
 1.99526231e+02  9.05366996e-07 
 2.04173794e+02  8.96485309e-07 
 2.08929613e+02  8.87691373e-07 
 2.13796209e+02  8.78984313e-07 
 2.18776162e+02  8.70363266e-07 
 2.23872114e+02  8.61827374e-07 
 2.29086765e+02  8.53375792e-07 
 2.34422882e+02  8.45007679e-07 
 2.39883292e+02  8.36722207e-07 
 2.45470892e+02  8.28518551e-07 
 2.51188643e+02  8.20395900e-07 
 2.57039578e+02  8.12353447e-07 
 2.63026799e+02  8.04390395e-07 
 2.69153480e+02  7.96505954e-07 
 2.75422870e+02  7.88699344e-07 
 2.81838293e+02  7.80969789e-07 
 2.88403150e+02  7.73316525e-07 
 2.95120923e+02  7.65738792e-07 
 3.01995172e+02  7.58235842e-07 
 3.09029543e+02  7.50806929e-07 
 3.16227766e+02  7.43451320e-07 
 3.23593657e+02  7.36168285e-07 
 3.31131121e+02  7.28957104e-07 
 3.38844156e+02  7.21817063e-07 
 3.46736850e+02  7.14747455e-07 
 3.54813389e+02  7.07747582e-07 
 3.63078055e+02  7.00816751e-07 
 3.71535229e+02  6.93954276e-07 
 3.80189396e+02  6.87159478e-07 
 3.89045145e+02  6.80431687e-07 
 3.98107171e+02  6.73770237e-07 
 4.07380278e+02  6.67174470e-07 
 4.16869383e+02  6.60643734e-07 
 4.26579519e+02  6.54177384e-07 
 4.36515832e+02  6.47774780e-07 
 4.46683592e+02  6.41435292e-07 
 4.57088190e+02  6.35158292e-07 
 4.67735141e+02  6.28943161e-07 
 4.78630092e+02  6.22789286e-07 
 4.89778819e+02  6.16696060e-07 
 5.01187234e+02  6.10662880e-07 
 5.12861384e+02  6.04689152e-07 
 5.24807460e+02  5.98774286e-07 
 5.37031796e+02  5.92917699e-07 
 5.49540874e+02  5.87118814e-07 
 5.62341325e+02  5.81377059e-07 
 5.75439937e+02  5.75691868e-07 
 5.88843655e+02  5.70062680e-07 
 6.02559586e+02  5.64488941e-07 
 6.16595002e+02  5.58970101e-07 
 6.30957344e+02  5.53505617e-07 
 6.45654229e+02  5.48094951e-07 
 6.60693448e+02  5.42737570e-07 
 6.76082975e+02  5.37432946e-07 
 6.91830971e+02  5.32180557e-07 
 7.07945784e+02  5.26979886e-07 
 7.24435960e+02  5.21830421e-07 
 7.41310241e+02  5.16731655e-07 
 7.58577575e+02  5.11683088e-07 
 7.76247117e+02  5.06684221e-07 
 7.94328235e+02  5.01734564e-07 
 8.12830516e+02  4.96833630e-07 
 8.31763771e+02  4.91980936e-07 
 8.51138038e+02  4.87176007e-07 
 8.70963590e+02  4.82418368e-07 
 8.91250938e+02  4.77707554e-07 
 9.12010839e+02  4.73043101e-07 
 9.33254301e+02  4.68424551e-07 
 9.54992586e+02  4.63851449e-07 
 9.77237221e+02  4.59323348e-07 
 1.00000000e+03  4.54839802e-07 
 1.02329299e+03  4.50400370e-07 
 1.04712855e+03  4.46004618e-07 
 1.07151931e+03  4.41652114e-07 
 1.09647820e+03  4.37342431e-07 
 1.12201845e+03  4.33075145e-07 
 1.14815362e+03  4.28849838e-07 
 1.17489755e+03  4.24666095e-07 
 1.20226443e+03  4.20523507e-07 
 1.23026877e+03  4.16421667e-07 
 1.25892541e+03  4.12360172e-07 
 1.28824955e+03  4.08338626e-07 
 1.31825674e+03  4.04356632e-07 
 1.34896288e+03  4.00413801e-07 
 1.38038426e+03  3.96509748e-07 
 1.41253754e+03  3.92644088e-07 
 1.44543977e+03  3.88816444e-07 
 1.47910839e+03  3.85026441e-07 
 1.51356125e+03  3.81273707e-07 
 1.54881662e+03  3.77557875e-07 
 1.58489319e+03  3.73878581e-07 
 1.62181010e+03  3.70235465e-07 
 1.65958691e+03  3.66628170e-07 
 1.69824365e+03  3.63056344e-07 
 1.73780083e+03  3.59519637e-07 
 1.77827941e+03  3.56017702e-07 
 1.81970086e+03  3.52550198e-07 
 1.86208714e+03  3.49116785e-07 
 1.90546072e+03  3.45717127e-07 
 1.94984460e+03  3.42350893e-07 
 1.99526231e+03  3.39017752e-07 
 2.04173794e+03  3.35717379e-07 
 2.08929613e+03  3.32449452e-07 
 2.13796209e+03  3.29213650e-07 
 2.18776162e+03  3.26009659e-07 
 2.23872114e+03  3.22837164e-07 
 2.29086765e+03  3.19695857e-07 
 2.34422882e+03  3.16585430e-07 
 2.39883292e+03  3.13505579e-07 
 2.45470892e+03  3.10456004e-07 
 2.51188643e+03  3.07436406e-07 
 2.57039578e+03  3.04446492e-07 
 2.63026799e+03  3.01485970e-07 
 2.69153480e+03  2.98554550e-07 
 2.75422870e+03  2.95651946e-07 
 2.81838293e+03  2.92777876e-07 
 2.88403150e+03  2.89932058e-07 
 2.95120923e+03  2.87114216e-07 
 3.01995172e+03  2.84324075e-07 
 3.09029543e+03  2.81561361e-07 
 3.16227766e+03  2.78825807e-07 
 3.23593657e+03  2.76117145e-07 
 3.31131121e+03  2.73435112e-07 
 3.38844156e+03  2.70779446e-07 
 3.46736850e+03  2.68149888e-07 
 3.54813389e+03  2.65546182e-07 
 3.63078055e+03  2.62968074e-07 
 3.71535229e+03  2.60415313e-07 
 3.80189396e+03  2.57887651e-07 
 3.89045145e+03  2.55384842e-07 
 3.98107171e+03  2.52906641e-07 
 4.07380278e+03  2.50452808e-07 
 4.16869383e+03  2.48023103e-07 
 4.26579519e+03  2.45617291e-07 
 4.36515832e+03  2.43235136e-07 
 4.46683592e+03  2.40876408e-07 
 4.57088190e+03  2.38540876e-07 
 4.67735141e+03  2.36228314e-07 
 4.78630092e+03  2.33938496e-07 
 4.89778819e+03  2.31671200e-07 
 5.01187234e+03  2.29426206e-07 
 5.12861384e+03  2.27203294e-07 
 5.24807460e+03  2.25002249e-07 
 5.37031796e+03  2.22822858e-07 
 5.49540874e+03  2.20664907e-07 
 5.62341325e+03  2.18528188e-07 
 5.75439937e+03  2.16412492e-07 
 5.88843655e+03  2.14317615e-07 
 6.02559586e+03  2.12243352e-07 
 6.16595002e+03  2.10189503e-07 
 6.30957344e+03  2.08155867e-07 
 6.45654229e+03  2.06142247e-07 
 6.60693448e+03  2.04148448e-07 
 6.76082975e+03  2.02174276e-07 
 6.91830971e+03  2.00219539e-07 
 7.07945784e+03  1.98284048e-07 
 7.24435960e+03  1.96367614e-07 
 7.41310241e+03  1.94470052e-07 
 7.58577575e+03  1.92591178e-07 
 7.76247117e+03  1.90730809e-07 
 7.94328235e+03  1.88888765e-07 
 8.12830516e+03  1.87064867e-07 
 8.31763771e+03  1.85258938e-07 
 8.51138038e+03  1.83470804e-07 
 8.70963590e+03  1.81700290e-07 
 8.91250938e+03  1.79947224e-07 
 9.12010839e+03  1.78211438e-07 
 9.33254301e+03  1.76492763e-07 
 9.54992586e+03  1.74791031e-07 
 9.77237221e+03  1.73106079e-07 
 1.00000000e+04  1.71437743e-07 
 1.02329299e+04  1.69785861e-07 
 1.04712855e+04  1.68150273e-07 
 1.07151931e+04  1.66530820e-07 
 1.09647820e+04  1.64927347e-07 
 1.12201845e+04  1.63339697e-07 
 1.14815362e+04  1.61767717e-07 
 1.17489755e+04  1.60211254e-07 
 1.20226443e+04  1.58670158e-07 
 1.23026877e+04  1.57144279e-07 
 1.25892541e+04  1.55633471e-07 
 1.28824955e+04  1.54137586e-07 
 1.31825674e+04  1.52656479e-07 
 1.34896288e+04  1.51190008e-07 
 1.38038426e+04  1.49738031e-07 
 1.41253754e+04  1.48300406e-07 
 1.44543977e+04  1.46876996e-07 
 1.47910839e+04  1.45467661e-07 
 1.51356125e+04  1.44072267e-07 
 1.54881662e+04  1.42690677e-07 
 1.58489319e+04  1.41322758e-07 
 1.62181010e+04  1.39968378e-07 
 1.65958691e+04  1.38627406e-07 
 1.69824365e+04  1.37299713e-07 
 1.73780083e+04  1.35985169e-07 
 1.77827941e+04  1.34683648e-07 
 1.81970086e+04  1.33395024e-07 
 1.86208714e+04  1.32119172e-07 
 1.90546072e+04  1.30855969e-07 
 1.94984460e+04  1.29605293e-07 
 1.99526231e+04  1.28367023e-07 
 2.04173794e+04  1.27141039e-07 
 2.08929613e+04  1.25927223e-07 
 2.13796209e+04  1.24725458e-07 
 2.18776162e+04  1.23535627e-07 
 2.23872114e+04  1.22357616e-07 
 2.29086765e+04  1.21191310e-07 
 2.34422882e+04  1.20036598e-07 
 2.39883292e+04  1.18893367e-07 
 2.45470892e+04  1.17761506e-07 
 2.51188643e+04  1.16640908e-07 
 2.57039578e+04  1.15531463e-07 
 2.63026799e+04  1.14433065e-07 
 2.69153480e+04  1.13345606e-07 
 2.75422870e+04  1.12268983e-07 
 2.81838293e+04  1.11203091e-07 
 2.88403150e+04  1.10147828e-07 
 2.95120923e+04  1.09103090e-07 
 3.01995172e+04  1.08068779e-07 
 3.09029543e+04  1.07044793e-07 
 3.16227766e+04  1.06031034e-07 
 3.23593657e+04  1.05027404e-07 
 3.31131121e+04  1.04033806e-07 
 3.38844156e+04  1.03050144e-07 
 3.46736850e+04  1.02076323e-07 
 3.54813389e+04  1.01112249e-07 
 3.63078055e+04  1.00157830e-07 
 3.71535229e+04  9.92129721e-08 
 3.80189396e+04  9.82775852e-08 
 3.89045145e+04  9.73515787e-08 
 3.98107171e+04  9.64348632e-08 
 4.07380278e+04  9.55273502e-08 
 4.16869383e+04  9.46289522e-08 
 4.26579519e+04  9.37395823e-08 
 4.36515832e+04  9.28591547e-08 
 4.46683592e+04  9.19875844e-08 
 4.57088190e+04  9.11247872e-08 
 4.67735141e+04  9.02706799e-08 
 4.78630092e+04  8.94251800e-08 
 4.89778819e+04  8.85882058e-08 
 5.01187234e+04  8.77596765e-08 
 5.12861384e+04  8.69395120e-08 
 5.24807460e+04  8.61276333e-08 
 5.37031796e+04  8.53239618e-08 
 5.49540874e+04  8.45284199e-08 
 5.62341325e+04  8.37409308e-08 
 5.75439937e+04  8.29614184e-08 
 5.88843655e+04  8.21898074e-08 
 6.02559586e+04  8.14260232e-08 
 6.16595002e+04  8.06699919e-08 
 6.30957344e+04  7.99216406e-08 
 6.45654229e+04  7.91808969e-08 
 6.60693448e+04  7.84476892e-08 
 6.76082975e+04  7.77219466e-08 
 6.91830971e+04  7.70035988e-08 
 7.07945784e+04  7.62925765e-08 
 7.24435960e+04  7.55888108e-08 
 7.41310241e+04  7.48922336e-08 
 7.58577575e+04  7.42027775e-08 
 7.76247117e+04  7.35203759e-08 
 7.94328235e+04  7.28449625e-08 
 8.12830516e+04  7.21764721e-08 
 8.31763771e+04  7.15148398e-08 
 8.51138038e+04  7.08600016e-08 
 8.70963590e+04  7.02118940e-08 
 8.91250938e+04  6.95704542e-08 
 9.12010839e+04  6.89356200e-08 
 9.33254301e+04  6.83073298e-08 
 9.54992586e+04  6.76855227e-08 
 9.77237221e+04  6.70701382e-08 
 1.00000000e+05  6.64611167e-08 
 1.02329299e+05  6.58583991e-08 
 1.04712855e+05  6.52619267e-08 
 1.07151931e+05  6.46716416e-08 
 1.09647820e+05  6.40874863e-08 
 1.12201845e+05  6.35094042e-08 
 1.14815362e+05  6.29373388e-08 
 1.17489755e+05  6.23712346e-08 
 1.20226443e+05  6.18110363e-08 
 1.23026877e+05  6.12566894e-08 
 1.25892541e+05  6.07081399e-08 
 1.28824955e+05  6.01653341e-08 
 1.31825674e+05  5.96282192e-08 
 1.34896288e+05  5.90967426e-08 
 1.38038426e+05  5.85708525e-08 
 1.41253754e+05  5.80504973e-08 
 1.44543977e+05  5.75356263e-08 
 1.47910839e+05  5.70261889e-08 
 1.51356125e+05  5.65221353e-08 
 1.54881662e+05  5.60234160e-08 
 1.58489319e+05  5.55299820e-08 
 1.62181010e+05  5.50417850e-08 
 1.65958691e+05  5.45587769e-08 
 1.69824365e+05  5.40809103e-08 
 1.73780083e+05  5.36081380e-08 
 1.77827941e+05  5.31404135e-08 
 1.81970086e+05  5.26776906e-08 
 1.86208714e+05  5.22199238e-08 
 1.90546072e+05  5.17670676e-08 
 1.94984460e+05  5.13190773e-08 
 1.99526231e+05  5.08759087e-08 
 2.04173794e+05  5.04375176e-08 
 2.08929613e+05  5.00038606e-08 
 2.13796209e+05  4.95748946e-08 
 2.18776162e+05  4.91505769e-08 
 2.23872114e+05  4.87308652e-08 
 2.29086765e+05  4.83157177e-08 
 2.34422882e+05  4.79050929e-08 
 2.39883292e+05  4.74989497e-08 
 2.45470892e+05  4.70972475e-08 
 2.51188643e+05  4.66999459e-08 
 2.57039578e+05  4.63070050e-08 
 2.63026799e+05  4.59183852e-08 
 2.69153480e+05  4.55340475e-08 
 2.75422870e+05  4.51539529e-08 
 2.81838293e+05  4.47780630e-08 
 2.88403150e+05  4.44063398e-08 
 2.95120923e+05  4.40387455e-08 
 3.01995172e+05  4.36752428e-08 
 3.09029543e+05  4.33157945e-08 
 3.16227766e+05  4.29603639e-08 
 3.23593657e+05  4.26089148e-08 
 3.31131121e+05  4.22614111e-08 
 3.38844156e+05  4.19178169e-08 
 3.46736850e+05  4.15780971e-08 
 3.54813389e+05  4.12422164e-08 
 3.63078055e+05  4.09101402e-08 
 3.71535229e+05  4.05818339e-08 
 3.80189396e+05  4.02572635e-08 
 3.89045145e+05  3.99363950e-08 
 3.98107171e+05  3.96191950e-08 
 4.07380278e+05  3.93056302e-08 
 4.16869383e+05  3.89956676e-08 
 4.26579519e+05  3.86892746e-08 
 4.36515832e+05  3.83864187e-08 
 4.46683592e+05  3.80870678e-08 
 4.57088190e+05  3.77911900e-08 
 4.67735141e+05  3.74987539e-08 
 4.78630092e+05  3.72097280e-08 
 4.89778819e+05  3.69240814e-08 
 5.01187234e+05  3.66417832e-08 
 5.12861384e+05  3.63628029e-08 
 5.24807460e+05  3.60871102e-08 
 5.37031796e+05  3.58146750e-08 
 5.49540874e+05  3.55454676e-08 
 5.62341325e+05  3.52794583e-08 
 5.75439937e+05  3.50166180e-08 
 5.88843655e+05  3.47569174e-08 
 6.02559586e+05  3.45003277e-08 
 6.16595002e+05  3.42468203e-08 
 6.30957344e+05  3.39963668e-08 
 6.45654229e+05  3.37489390e-08 
 6.60693448e+05  3.35045088e-08 
 6.76082975e+05  3.32630486e-08 
 6.91830971e+05  3.30245307e-08 
 7.07945784e+05  3.27889279e-08 
 7.24435960e+05  3.25562130e-08 
 7.41310241e+05  3.23263590e-08 
 7.58577575e+05  3.20993392e-08 
 7.76247117e+05  3.18751270e-08 
 7.94328235e+05  3.16536961e-08 
 8.12830516e+05  3.14350203e-08 
 8.31763771e+05  3.12190737e-08 
 8.51138038e+05  3.10058304e-08 
 8.70963590e+05  3.07952648e-08 
 8.91250938e+05  3.05873515e-08 
 9.12010839e+05  3.03820651e-08 
 9.33254301e+05  3.01793807e-08 
 9.54992586e+05  2.99792733e-08 
 9.77237221e+05  2.97817182e-08 
 1.00000000e+06  2.95866907e-08 
 1.02329299e+06  2.93941665e-08 
 1.04712855e+06  2.92041212e-08 
 1.07151931e+06  2.90165308e-08 
 1.09647820e+06  2.88313714e-08 
 1.12201845e+06  2.86486191e-08 
 1.14815362e+06  2.84682504e-08 
 1.17489755e+06  2.82902418e-08 
 1.20226443e+06  2.81145698e-08 
 1.23026877e+06  2.79412114e-08 
 1.25892541e+06  2.77701436e-08 
 1.28824955e+06  2.76013433e-08 
 1.31825674e+06  2.74347880e-08 
 1.34896288e+06  2.72704549e-08 
 1.38038426e+06  2.71083217e-08 
 1.41253754e+06  2.69483660e-08 
 1.44543977e+06  2.67905655e-08 
 1.47910839e+06  2.66348984e-08 
 1.51356125e+06  2.64813426e-08 
 1.54881662e+06  2.63298764e-08 
 1.58489319e+06  2.61804781e-08 
 1.62181010e+06  2.60331263e-08 
 1.65958691e+06  2.58877995e-08 
 1.69824365e+06  2.57444765e-08 
 1.73780083e+06  2.56031361e-08 
 1.77827941e+06  2.54637575e-08 
 1.81970086e+06  2.53263196e-08 
 1.86208714e+06  2.51908019e-08 
 1.90546072e+06  2.50571835e-08 
 1.94984460e+06  2.49254442e-08 
 1.99526231e+06  2.47955635e-08 
 2.04173794e+06  2.46675211e-08 
 2.08929613e+06  2.45412970e-08 
 2.13796209e+06  2.44168712e-08 
 2.18776162e+06  2.42942239e-08 
 2.23872114e+06  2.41733352e-08 
 2.29086765e+06  2.40541855e-08 
 2.34422882e+06  2.39367555e-08 
 2.39883292e+06  2.38210256e-08 
 2.45470892e+06  2.37069766e-08 
 2.51188643e+06  2.35945895e-08 
 2.57039578e+06  2.34838452e-08 
 2.63026799e+06  2.33747249e-08 
 2.69153480e+06  2.32672097e-08 
 2.75422870e+06  2.31612811e-08 
 2.81838293e+06  2.30569205e-08 
 2.88403150e+06  2.29541096e-08 
 2.95120923e+06  2.28528301e-08 
 3.01995172e+06  2.27530638e-08 
 3.09029543e+06  2.26547927e-08 
 3.16227766e+06  2.25579989e-08 
 3.23593657e+06  2.24626647e-08 
 3.31131121e+06  2.23687724e-08 
 3.38844156e+06  2.22763045e-08 
 3.46736850e+06  2.21852436e-08 
 3.54813389e+06  2.20955724e-08 
 3.63078055e+06  2.20072738e-08 
 3.71535229e+06  2.19203307e-08 
 3.80189396e+06  2.18347263e-08 
 3.89045145e+06  2.17504439e-08 
 3.98107171e+06  2.16674666e-08 
 4.07380278e+06  2.15857781e-08 
 4.16869383e+06  2.15053620e-08 
 4.26579519e+06  2.14262020e-08 
 4.36515832e+06  2.13482820e-08 
 4.46683592e+06  2.12715860e-08 
 4.57088190e+06  2.11960981e-08 
 4.67735141e+06  2.11218026e-08 
 4.78630092e+06  2.10486839e-08 
 4.89778819e+06  2.09767264e-08 
 5.01187234e+06  2.09059150e-08 
 5.12861384e+06  2.08362343e-08 
 5.24807460e+06  2.07676693e-08 
 5.37031796e+06  2.07002050e-08 
 5.49540874e+06  2.06338266e-08 
 5.62341325e+06  2.05685195e-08 
 5.75439937e+06  2.05042690e-08 
 5.88843655e+06  2.04410608e-08 
 6.02559586e+06  2.03788806e-08 
 6.16595002e+06  2.03177143e-08 
 6.30957344e+06  2.02575478e-08 
 6.45654229e+06  2.01983673e-08 
 6.60693448e+06  2.01401589e-08 
 6.76082975e+06  2.00829093e-08 
 6.91830971e+06  2.00266047e-08 
 7.07945784e+06  1.99712320e-08 
 7.24435960e+06  1.99167780e-08 
 7.41310241e+06  1.98632294e-08 
 7.58577575e+06  1.98105736e-08 
 7.76247117e+06  1.97587976e-08 
 7.94328235e+06  1.97078888e-08 
 8.12830516e+06  1.96578347e-08 
 8.31763771e+06  1.96086229e-08 
 8.51138038e+06  1.95602412e-08 
 8.70963590e+06  1.95126775e-08 
 8.91250938e+06  1.94659198e-08 
 9.12010839e+06  1.94199563e-08 
 9.33254301e+06  1.93747753e-08 
 9.54992586e+06  1.93303652e-08 
 9.77237221e+06  1.92867147e-08 
 1.00000000e+07  1.92438124e-08 
 1.02329299e+07  1.92016472e-08 
 1.04712855e+07  1.91602082e-08 
 1.07151931e+07  1.91194843e-08 
 1.09647820e+07  1.90794650e-08 
 1.12201845e+07  1.90401395e-08 
 1.14815362e+07  1.90014975e-08 
 1.17489755e+07  1.89635287e-08 
 1.20226443e+07  1.89262227e-08 
 1.23026877e+07  1.88895697e-08 
 1.25892541e+07  1.88535596e-08 
 1.28824955e+07  1.88181827e-08 
 1.31825674e+07  1.87834293e-08 
 1.34896288e+07  1.87492900e-08 
 1.38038426e+07  1.87157554e-08 
 1.41253754e+07  1.86828162e-08 
 1.44543977e+07  1.86504633e-08 
 1.47910839e+07  1.86186877e-08 
 1.51356125e+07  1.85874807e-08 
 1.54881662e+07  1.85568335e-08 
 1.58489319e+07  1.85267376e-08 
 1.62181010e+07  1.84971844e-08 
 1.65958691e+07  1.84681659e-08 
 1.69824365e+07  1.84396737e-08 
 1.73780083e+07  1.84116998e-08 
 1.77827941e+07  1.83842364e-08 
 1.81970086e+07  1.83572757e-08 
 1.86208714e+07  1.83308101e-08 
 1.90546072e+07  1.83048320e-08 
 1.94984460e+07  1.82793342e-08 
 1.99526231e+07  1.82543094e-08 
 2.04173794e+07  1.82297505e-08 
 2.08929613e+07  1.82056505e-08 
 2.13796209e+07  1.81820028e-08 
 2.18776162e+07  1.81588004e-08 
 2.23872114e+07  1.81360371e-08 
 2.29086765e+07  1.81137062e-08 
 2.34422882e+07  1.80918016e-08 
 2.39883292e+07  1.80703171e-08 
 2.45470892e+07  1.80492467e-08 
 2.51188643e+07  1.80285845e-08 
 2.57039578e+07  1.80083249e-08 
 2.63026799e+07  1.79884623e-08 
 2.69153480e+07  1.79689911e-08 
 2.75422870e+07  1.79499062e-08 
 2.81838293e+07  1.79312024e-08 
 2.88403150e+07  1.79128746e-08 
 2.95120923e+07  1.78949179e-08 
 3.01995172e+07  1.78773278e-08 
 3.09029543e+07  1.78600995e-08 
 3.16227766e+07  1.78432287e-08 
 3.23593657e+07  1.78267111e-08 
 3.31131121e+07  1.78105426e-08 
 3.38844156e+07  1.77947191e-08 
 3.46736850e+07  1.77792370e-08 
 3.54813389e+07  1.77640925e-08 
 3.63078055e+07  1.77492822e-08 
 3.71535229e+07  1.77348026e-08 
 3.80189396e+07  1.77206508e-08 
 3.89045145e+07  1.77068236e-08 
 3.98107171e+07  1.76933182e-08 
 4.07380278e+07  1.76801320e-08 
 4.16869383e+07  1.76672626e-08 
 4.26579519e+07  1.76547075e-08 
 4.36515832e+07  1.76424648e-08 
 4.46683592e+07  1.76305324e-08 
 4.57088190e+07  1.76189087e-08 
 4.67735141e+07  1.76075922e-08 
 4.78630092e+07  1.75965814e-08 
 4.89778819e+07  1.75858753e-08 
 5.01187234e+07  1.75754729e-08 
 5.12861384e+07  1.75653736e-08 
 5.24807460e+07  1.75555768e-08 
 5.37031796e+07  1.75460823e-08 
 5.49540874e+07  1.75368901e-08 
 5.62341325e+07  1.75280004e-08 
 5.75439937e+07  1.75194136e-08 
 5.88843655e+07  1.75111304e-08 
 6.02559586e+07  1.75031518e-08 
 6.16595002e+07  1.74954791e-08 
 6.30957344e+07  1.74881136e-08 
 6.45654229e+07  1.74810572e-08 
 6.60693448e+07  1.74743120e-08 
 6.76082975e+07  1.74678802e-08 
 6.91830971e+07  1.74617646e-08 
 7.07945784e+07  1.74559681e-08 
 7.24435960e+07  1.74504941e-08 
 7.41310241e+07  1.74453461e-08 
 7.58577575e+07  1.74405280e-08 
 7.76247117e+07  1.74360443e-08 
 7.94328235e+07  1.74318996e-08 
 8.12830516e+07  1.74280990e-08 
 8.31763771e+07  1.74246478e-08 
 8.51138038e+07  1.74215519e-08 
 8.70963590e+07  1.74188175e-08 
 8.91250938e+07  1.74164514e-08 
 9.12010839e+07  1.74144604e-08 
 9.33254301e+07  1.74128522e-08 
 9.54992586e+07  1.74116348e-08 
 9.77237221e+07  1.74108165e-08 
 1.00000000e+08  1.74104062e-08 
 1.02329299e+08  1.74104134e-08 
 1.04712855e+08  1.74108480e-08 
 1.07151931e+08  1.74117203e-08 
 1.09647820e+08  1.74130413e-08 
 1.12201845e+08  1.74148225e-08 
 1.14815362e+08  1.74170759e-08 
 1.17489755e+08  1.74198141e-08 
 1.20226443e+08  1.74230502e-08 
 1.23026877e+08  1.74267980e-08 
 1.25892541e+08  1.74310718e-08 
 1.28824955e+08  1.74358865e-08 
 1.31825674e+08  1.74412578e-08 
 1.34896288e+08  1.74472016e-08 
 1.38038426e+08  1.74537349e-08 
 1.41253754e+08  1.74608750e-08 
 1.44543977e+08  1.74686400e-08 
 1.47910839e+08  1.74770486e-08 
 1.51356125e+08  1.74861201e-08 
 1.54881662e+08  1.74958745e-08 
 1.58489319e+08  1.75063323e-08 
 1.62181010e+08  1.75175147e-08 
 1.65958691e+08  1.75294437e-08 
 1.69824365e+08  1.75421415e-08 
 1.73780083e+08  1.75556314e-08 
 1.77827941e+08  1.75699368e-08 
 1.81970086e+08  1.75850819e-08 
 1.86208714e+08  1.76010915e-08 
 1.90546072e+08  1.76179906e-08 
 1.94984460e+08  1.76358051e-08 
 1.99526231e+08  1.76545608e-08 
 2.04173794e+08  1.76742844e-08 
 2.08929613e+08  1.76950025e-08 
 2.13796209e+08  1.77167424e-08 
 2.18776162e+08  1.77395312e-08 
 2.23872114e+08  1.77633964e-08 
 2.29086765e+08  1.77883656e-08 
 2.34422882e+08  1.78144663e-08 
 2.39883292e+08  1.78417260e-08 
 2.45470892e+08  1.78701718e-08 
 2.51188643e+08  1.78998309e-08 
 2.57039578e+08  1.79307297e-08 
 2.63026799e+08  1.79628944e-08 
 2.69153480e+08  1.79963504e-08 
 2.75422870e+08  1.80311225e-08 
 2.81838293e+08  1.80672344e-08 
 2.88403150e+08  1.81047088e-08 
 2.95120923e+08  1.81435674e-08 
 3.01995172e+08  1.81838303e-08 
 3.09029543e+08  1.82255163e-08 
 3.16227766e+08  1.82686422e-08 
 3.23593657e+08  1.83132233e-08 
 3.31131121e+08  1.83592725e-08 
 3.38844156e+08  1.84068008e-08 
 3.46736850e+08  1.84558165e-08 
 3.54813389e+08  1.85063256e-08 
 3.63078055e+08  1.85583309e-08 
 3.71535229e+08  1.86118326e-08 
 3.80189396e+08  1.86668275e-08 
 3.89045145e+08  1.87233092e-08 
 3.98107171e+08  1.87812678e-08 
 4.07380278e+08  1.88406894e-08 
 4.16869383e+08  1.89015567e-08 
 4.26579519e+08  1.89638481e-08 
 4.36515832e+08  1.90275379e-08 
 4.46683592e+08  1.90925962e-08 
 4.57088190e+08  1.91589887e-08 
 4.67735141e+08  1.92266765e-08 
 4.78630092e+08  1.92956164e-08 
 4.89778819e+08  1.93657602e-08 
 5.01187234e+08  1.94370555e-08 
 5.12861384e+08  1.95094447e-08 
 5.24807460e+08  1.95828660e-08 
 5.37031796e+08  1.96572525e-08 
 5.49540874e+08  1.97325330e-08 
 5.62341325e+08  1.98086316e-08 
 5.75439937e+08  1.98854678e-08 
 5.88843655e+08  1.99629569e-08 
 6.02559586e+08  2.00410098e-08 
 6.16595002e+08  2.01195336e-08 
 6.30957344e+08  2.01984310e-08 
 6.45654229e+08  2.02776012e-08 
 6.60693448e+08  2.03569397e-08 
 6.76082975e+08  2.04363388e-08 
 6.91830971e+08  2.05156873e-08 
 7.07945784e+08  2.05948713e-08 
 7.24435960e+08  2.06737741e-08 
 7.41310241e+08  2.07522764e-08 
 7.58577575e+08  2.08302566e-08 
 7.76247117e+08  2.09075911e-08 
 7.94328235e+08  2.09841545e-08 
 8.12830516e+08  2.10598194e-08 
 8.31763771e+08  2.11344574e-08 
 8.51138038e+08  2.12079385e-08 
 8.70963590e+08  2.12801316e-08 
 8.91250938e+08  2.13509049e-08 
 9.12010839e+08  2.14201255e-08 
 9.33254301e+08  2.14876601e-08 
 9.54992586e+08  2.15533748e-08 
 9.77237221e+08  2.16171350e-08 
 1.00000000e+09  2.16788063e-08 
