 1.00000000e+00  8.93155908e-06 
 1.02329299e+00  8.84213559e-06 
 1.04712855e+00  8.75361736e-06 
 1.07151931e+00  8.66599510e-06 
 1.09647820e+00  8.57925964e-06 
 1.12201845e+00  8.49340186e-06 
 1.14815362e+00  8.40841279e-06 
 1.17489755e+00  8.32428352e-06 
 1.20226443e+00  8.24100523e-06 
 1.23026877e+00  8.15856921e-06 
 1.25892541e+00  8.07696682e-06 
 1.28824955e+00  7.99618954e-06 
 1.31825674e+00  7.91622891e-06 
 1.34896288e+00  7.83707657e-06 
 1.38038426e+00  7.75872424e-06 
 1.41253754e+00  7.68116374e-06 
 1.44543977e+00  7.60438696e-06 
 1.47910839e+00  7.52838588e-06 
 1.51356125e+00  7.45315256e-06 
 1.54881662e+00  7.37867915e-06 
 1.58489319e+00  7.30495787e-06 
 1.62181010e+00  7.23198105e-06 
 1.65958691e+00  7.15974105e-06 
 1.69824365e+00  7.08823035e-06 
 1.73780083e+00  7.01744150e-06 
 1.77827941e+00  6.94736710e-06 
 1.81970086e+00  6.87799988e-06 
 1.86208714e+00  6.80933259e-06 
 1.90546072e+00  6.74135808e-06 
 1.94984460e+00  6.67406929e-06 
 1.99526231e+00  6.60745920e-06 
 2.04173794e+00  6.54152089e-06 
 2.08929613e+00  6.47624750e-06 
 2.13796209e+00  6.41163223e-06 
 2.18776162e+00  6.34766837e-06 
 2.23872114e+00  6.28434927e-06 
 2.29086765e+00  6.22166836e-06 
 2.34422882e+00  6.15961911e-06 
 2.39883292e+00  6.09819510e-06 
 2.45470892e+00  6.03738993e-06 
 2.51188643e+00  5.97719730e-06 
 2.57039578e+00  5.91761096e-06 
 2.63026799e+00  5.85862473e-06 
 2.69153480e+00  5.80023250e-06 
 2.75422870e+00  5.74242820e-06 
 2.81838293e+00  5.68520585e-06 
 2.88403150e+00  5.62855951e-06 
 2.95120923e+00  5.57248332e-06 
 3.01995172e+00  5.51697148e-06 
 3.09029543e+00  5.46201822e-06 
 3.16227766e+00  5.40761787e-06 
 3.23593657e+00  5.35376479e-06 
 3.31131121e+00  5.30045341e-06 
 3.38844156e+00  5.24767822e-06 
 3.46736850e+00  5.19543376e-06 
 3.54813389e+00  5.14371462e-06 
 3.63078055e+00  5.09251547e-06 
 3.71535229e+00  5.04183102e-06 
 3.80189396e+00  4.99165602e-06 
 3.89045145e+00  4.94198529e-06 
 3.98107171e+00  4.89281372e-06 
 4.07380278e+00  4.84413621e-06 
 4.16869383e+00  4.79594776e-06 
 4.26579519e+00  4.74824338e-06 
 4.36515832e+00  4.70101817e-06 
 4.46683592e+00  4.65426724e-06 
 4.57088190e+00  4.60798578e-06 
 4.67735141e+00  4.56216902e-06 
 4.78630092e+00  4.51681224e-06 
 4.89778819e+00  4.47191077e-06 
 5.01187234e+00  4.42745998e-06 
 5.12861384e+00  4.38345530e-06 
 5.24807460e+00  4.33989220e-06 
 5.37031796e+00  4.29676620e-06 
 5.49540874e+00  4.25407285e-06 
 5.62341325e+00  4.21180778e-06 
 5.75439937e+00  4.16996663e-06 
 5.88843655e+00  4.12854510e-06 
 6.02559586e+00  4.08753894e-06 
 6.16595002e+00  4.04694393e-06 
 6.30957344e+00  4.00675591e-06 
 6.45654229e+00  3.96697074e-06 
 6.60693448e+00  3.92758435e-06 
 6.76082975e+00  3.88859269e-06 
 6.91830971e+00  3.84999176e-06 
 7.07945784e+00  3.81177760e-06 
 7.24435960e+00  3.77394629e-06 
 7.41310241e+00  3.73649395e-06 
 7.58577575e+00  3.69941675e-06 
 7.76247117e+00  3.66271088e-06 
 7.94328235e+00  3.62637259e-06 
 8.12830516e+00  3.59039814e-06 
 8.31763771e+00  3.55478387e-06 
 8.51138038e+00  3.51952611e-06 
 8.70963590e+00  3.48462127e-06 
 8.91250938e+00  3.45006577e-06 
 9.12010839e+00  3.41585607e-06 
 9.33254301e+00  3.38198868e-06 
 9.54992586e+00  3.34846014e-06 
 9.77237221e+00  3.31526701e-06 
 1.00000000e+01  3.28240591e-06 
 1.02329299e+01  3.24987348e-06 
 1.04712855e+01  3.21766639e-06 
 1.07151931e+01  3.18578135e-06 
 1.09647820e+01  3.15421512e-06 
 1.12201845e+01  3.12296446e-06 
 1.14815362e+01  3.09202619e-06 
 1.17489755e+01  3.06139715e-06 
 1.20226443e+01  3.03107422e-06 
 1.23026877e+01  3.00105431e-06 
 1.25892541e+01  2.97133435e-06 
 1.28824955e+01  2.94191132e-06 
 1.31825674e+01  2.91278221e-06 
 1.34896288e+01  2.88394406e-06 
 1.38038426e+01  2.85539394e-06 
 1.41253754e+01  2.82712893e-06 
 1.44543977e+01  2.79914617e-06 
 1.47910839e+01  2.77144279e-06 
 1.51356125e+01  2.74401598e-06 
 1.54881662e+01  2.71686295e-06 
 1.58489319e+01  2.68998094e-06 
 1.62181010e+01  2.66336722e-06 
 1.65958691e+01  2.63701908e-06 
 1.69824365e+01  2.61093384e-06 
 1.73780083e+01  2.58510885e-06 
 1.77827941e+01  2.55954149e-06 
 1.81970086e+01  2.53422916e-06 
 1.86208714e+01  2.50916930e-06 
 1.90546072e+01  2.48435935e-06 
 1.94984460e+01  2.45979680e-06 
 1.99526231e+01  2.43547915e-06 
 2.04173794e+01  2.41140395e-06 
 2.08929613e+01  2.38756874e-06 
 2.13796209e+01  2.36397112e-06 
 2.18776162e+01  2.34060868e-06 
 2.23872114e+01  2.31747907e-06 
 2.29086765e+01  2.29457993e-06 
 2.34422882e+01  2.27190895e-06 
 2.39883292e+01  2.24946383e-06 
 2.45470892e+01  2.22724231e-06 
 2.51188643e+01  2.20524212e-06 
 2.57039578e+01  2.18346104e-06 
 2.63026799e+01  2.16189687e-06 
 2.69153480e+01  2.14054742e-06 
 2.75422870e+01  2.11941055e-06 
 2.81838293e+01  2.09848410e-06 
 2.88403150e+01  2.07776597e-06 
 2.95120923e+01  2.05725406e-06 
 3.01995172e+01  2.03694629e-06 
 3.09029543e+01  2.01684062e-06 
 3.16227766e+01  1.99693502e-06 
 3.23593657e+01  1.97722747e-06 
 3.31131121e+01  1.95771598e-06 
 3.38844156e+01  1.93839859e-06 
 3.46736850e+01  1.91927335e-06 
 3.54813389e+01  1.90033832e-06 
 3.63078055e+01  1.88159159e-06 
 3.71535229e+01  1.86303128e-06 
 3.80189396e+01  1.84465552e-06 
 3.89045145e+01  1.82646244e-06 
 3.98107171e+01  1.80845022e-06 
 4.07380278e+01  1.79061705e-06 
 4.16869383e+01  1.77296112e-06 
 4.26579519e+01  1.75548066e-06 
 4.36515832e+01  1.73817390e-06 
 4.46683592e+01  1.72103911e-06 
 4.57088190e+01  1.70407456e-06 
 4.67735141e+01  1.68727855e-06 
 4.78630092e+01  1.67064937e-06 
 4.89778819e+01  1.65418537e-06 
 5.01187234e+01  1.63788488e-06 
 5.12861384e+01  1.62174626e-06 
 5.24807460e+01  1.60576790e-06 
 5.37031796e+01  1.58994818e-06 
 5.49540874e+01  1.57428553e-06 
 5.62341325e+01  1.55877835e-06 
 5.75439937e+01  1.54342511e-06 
 5.88843655e+01  1.52822424e-06 
 6.02559586e+01  1.51317424e-06 
 6.16595002e+01  1.49827358e-06 
 6.30957344e+01  1.48352077e-06 
 6.45654229e+01  1.46891434e-06 
 6.60693448e+01  1.45445281e-06 
 6.76082975e+01  1.44013474e-06 
 6.91830971e+01  1.42595869e-06 
 7.07945784e+01  1.41192323e-06 
 7.24435960e+01  1.39802697e-06 
 7.41310241e+01  1.38426851e-06 
 7.58577575e+01  1.37064647e-06 
 7.76247117e+01  1.35715949e-06 
 7.94328235e+01  1.34380621e-06 
 8.12830516e+01  1.33058531e-06 
 8.31763771e+01  1.31749544e-06 
 8.51138038e+01  1.30453531e-06 
 8.70963590e+01  1.29170362e-06 
 8.91250938e+01  1.27899909e-06 
 9.12010839e+01  1.26642043e-06 
 9.33254301e+01  1.25396640e-06 
 9.54992586e+01  1.24163576e-06 
 9.77237221e+01  1.22942726e-06 
 1.00000000e+02  1.21733968e-06 
 1.02329299e+02  1.20537183e-06 
 1.04712855e+02  1.19352250e-06 
 1.07151931e+02  1.18179050e-06 
 1.09647820e+02  1.17017468e-06 
 1.12201845e+02  1.15867387e-06 
 1.14815362e+02  1.14728691e-06 
 1.17489755e+02  1.13601268e-06 
 1.20226443e+02  1.12485005e-06 
 1.23026877e+02  1.11379790e-06 
 1.25892541e+02  1.10285513e-06 
 1.28824955e+02  1.09202066e-06 
 1.31825674e+02  1.08129339e-06 
 1.34896288e+02  1.07067227e-06 
 1.38038426e+02  1.06015622e-06 
 1.41253754e+02  1.04974422e-06 
 1.44543977e+02  1.03943520e-06 
 1.47910839e+02  1.02922816e-06 
 1.51356125e+02  1.01912207e-06 
 1.54881662e+02  1.00911593e-06 
 1.58489319e+02  9.99208742e-07 
 1.62181010e+02  9.89399515e-07 
 1.65958691e+02  9.79687276e-07 
 1.69824365e+02  9.70071060e-07 
 1.73780083e+02  9.60549908e-07 
 1.77827941e+02  9.51122874e-07 
 1.81970086e+02  9.41789020e-07 
 1.86208714e+02  9.32547419e-07 
 1.90546072e+02  9.23397151e-07 
 1.94984460e+02  9.14337308e-07 
 1.99526231e+02  9.05366988e-07 
 2.04173794e+02  8.96485301e-07 
 2.08929613e+02  8.87691363e-07 
 2.13796209e+02  8.78984303e-07 
 2.18776162e+02  8.70363255e-07 
 2.23872114e+02  8.61827363e-07 
 2.29086765e+02  8.53375779e-07 
 2.34422882e+02  8.45007666e-07 
 2.39883292e+02  8.36722193e-07 
 2.45470892e+02  8.28518537e-07 
 2.51188643e+02  8.20395885e-07 
 2.57039578e+02  8.12353431e-07 
 2.63026799e+02  8.04390379e-07 
 2.69153480e+02  7.96505937e-07 
 2.75422870e+02  7.88699326e-07 
 2.81838293e+02  7.80969770e-07 
 2.88403150e+02  7.73316505e-07 
 2.95120923e+02  7.65738772e-07 
 3.01995172e+02  7.58235821e-07 
 3.09029543e+02  7.50806908e-07 
 3.16227766e+02  7.43451298e-07 
 3.23593657e+02  7.36168262e-07 
 3.31131121e+02  7.28957081e-07 
 3.38844156e+02  7.21817039e-07 
 3.46736850e+02  7.14747431e-07 
 3.54813389e+02  7.07747557e-07 
 3.63078055e+02  7.00816725e-07 
 3.71535229e+02  6.93954249e-07 
 3.80189396e+02  6.87159452e-07 
 3.89045145e+02  6.80431660e-07 
 3.98107171e+02  6.73770209e-07 
 4.07380278e+02  6.67174442e-07 
 4.16869383e+02  6.60643705e-07 
 4.26579519e+02  6.54177354e-07 
 4.36515832e+02  6.47774750e-07 
 4.46683592e+02  6.41435261e-07 
 4.57088190e+02  6.35158261e-07 
 4.67735141e+02  6.28943130e-07 
 4.78630092e+02  6.22789254e-07 
 4.89778819e+02  6.16696027e-07 
 5.01187234e+02  6.10662846e-07 
 5.12861384e+02  6.04689117e-07 
 5.24807460e+02  5.98774251e-07 
 5.37031796e+02  5.92917664e-07 
 5.49540874e+02  5.87118779e-07 
 5.62341325e+02  5.81377023e-07 
 5.75439937e+02  5.75691831e-07 
 5.88843655e+02  5.70062643e-07 
 6.02559586e+02  5.64488903e-07 
 6.16595002e+02  5.58970063e-07 
 6.30957344e+02  5.53505579e-07 
 6.45654229e+02  5.48094912e-07 
 6.60693448e+02  5.42737530e-07 
 6.76082975e+02  5.37432906e-07 
 6.91830971e+02  5.32180516e-07 
 7.07945784e+02  5.26979844e-07 
 7.24435960e+02  5.21830379e-07 
 7.41310241e+02  5.16731613e-07 
 7.58577575e+02  5.11683045e-07 
 7.76247117e+02  5.06684178e-07 
 7.94328235e+02  5.01734520e-07 
 8.12830516e+02  4.96833585e-07 
 8.31763771e+02  4.91980891e-07 
 8.51138038e+02  4.87175961e-07 
 8.70963590e+02  4.82418323e-07 
 8.91250938e+02  4.77707508e-07 
 9.12010839e+02  4.73043054e-07 
 9.33254301e+02  4.68424503e-07 
 9.54992586e+02  4.63851401e-07 
 9.77237221e+02  4.59323299e-07 
 1.00000000e+03  4.54839753e-07 
 1.02329299e+03  4.50400321e-07 
 1.04712855e+03  4.46004569e-07 
 1.07151931e+03  4.41652064e-07 
 1.09647820e+03  4.37342380e-07 
 1.12201845e+03  4.33075093e-07 
 1.14815362e+03  4.28849786e-07 
 1.17489755e+03  4.24666043e-07 
 1.20226443e+03  4.20523454e-07 
 1.23026877e+03  4.16421613e-07 
 1.25892541e+03  4.12360118e-07 
 1.28824955e+03  4.08338571e-07 
 1.31825674e+03  4.04356577e-07 
 1.34896288e+03  4.00413746e-07 
 1.38038426e+03  3.96509692e-07 
 1.41253754e+03  3.92644031e-07 
 1.44543977e+03  3.88816387e-07 
 1.47910839e+03  3.85026383e-07 
 1.51356125e+03  3.81273648e-07 
 1.54881662e+03  3.77557816e-07 
 1.58489319e+03  3.73878521e-07 
 1.62181010e+03  3.70235405e-07 
 1.65958691e+03  3.66628110e-07 
 1.69824365e+03  3.63056283e-07 
 1.73780083e+03  3.59519575e-07 
 1.77827941e+03  3.56017640e-07 
 1.81970086e+03  3.52550136e-07 
 1.86208714e+03  3.49116722e-07 
 1.90546072e+03  3.45717064e-07 
 1.94984460e+03  3.42350828e-07 
 1.99526231e+03  3.39017687e-07 
 2.04173794e+03  3.35717314e-07 
 2.08929613e+03  3.32449386e-07 
 2.13796209e+03  3.29213584e-07 
 2.18776162e+03  3.26009592e-07 
 2.23872114e+03  3.22837097e-07 
 2.29086765e+03  3.19695789e-07 
 2.34422882e+03  3.16585361e-07 
 2.39883292e+03  3.13505509e-07 
 2.45470892e+03  3.10455934e-07 
 2.51188643e+03  3.07436336e-07 
 2.57039578e+03  3.04446421e-07 
 2.63026799e+03  3.01485898e-07 
 2.69153480e+03  2.98554477e-07 
 2.75422870e+03  2.95651873e-07 
 2.81838293e+03  2.92777802e-07 
 2.88403150e+03  2.89931984e-07 
 2.95120923e+03  2.87114141e-07 
 3.01995172e+03  2.84323999e-07 
 3.09029543e+03  2.81561285e-07 
 3.16227766e+03  2.78825730e-07 
 3.23593657e+03  2.76117068e-07 
 3.31131121e+03  2.73435034e-07 
 3.38844156e+03  2.70779367e-07 
 3.46736850e+03  2.68149808e-07 
 3.54813389e+03  2.65546102e-07 
 3.63078055e+03  2.62967993e-07 
 3.71535229e+03  2.60415232e-07 
 3.80189396e+03  2.57887569e-07 
 3.89045145e+03  2.55384759e-07 
 3.98107171e+03  2.52906558e-07 
 4.07380278e+03  2.50452724e-07 
 4.16869383e+03  2.48023019e-07 
 4.26579519e+03  2.45617205e-07 
 4.36515832e+03  2.43235050e-07 
 4.46683592e+03  2.40876321e-07 
 4.57088190e+03  2.38540788e-07 
 4.67735141e+03  2.36228226e-07 
 4.78630092e+03  2.33938407e-07 
 4.89778819e+03  2.31671110e-07 
 5.01187234e+03  2.29426115e-07 
 5.12861384e+03  2.27203203e-07 
 5.24807460e+03  2.25002157e-07 
 5.37031796e+03  2.22822765e-07 
 5.49540874e+03  2.20664813e-07 
 5.62341325e+03  2.18528093e-07 
 5.75439937e+03  2.16412397e-07 
 5.88843655e+03  2.14317519e-07 
 6.02559586e+03  2.12243255e-07 
 6.16595002e+03  2.10189405e-07 
 6.30957344e+03  2.08155768e-07 
 6.45654229e+03  2.06142148e-07 
 6.60693448e+03  2.04148348e-07 
 6.76082975e+03  2.02174175e-07 
 6.91830971e+03  2.00219437e-07 
 7.07945784e+03  1.98283945e-07 
 7.24435960e+03  1.96367510e-07 
 7.41310241e+03  1.94469948e-07 
 7.58577575e+03  1.92591073e-07 
 7.76247117e+03  1.90730703e-07 
 7.94328235e+03  1.88888658e-07 
 8.12830516e+03  1.87064759e-07 
 8.31763771e+03  1.85258829e-07 
 8.51138038e+03  1.83470694e-07 
 8.70963590e+03  1.81700178e-07 
 8.91250938e+03  1.79947112e-07 
 9.12010839e+03  1.78211325e-07 
 9.33254301e+03  1.76492649e-07 
 9.54992586e+03  1.74790916e-07 
 9.77237221e+03  1.73105963e-07 
 1.00000000e+04  1.71437626e-07 
 1.02329299e+04  1.69785743e-07 
 1.04712855e+04  1.68150154e-07 
 1.07151931e+04  1.66530700e-07 
 1.09647820e+04  1.64927226e-07 
 1.12201845e+04  1.63339575e-07 
 1.14815362e+04  1.61767593e-07 
 1.17489755e+04  1.60211130e-07 
 1.20226443e+04  1.58670033e-07 
 1.23026877e+04  1.57144153e-07 
 1.25892541e+04  1.55633343e-07 
 1.28824955e+04  1.54137457e-07 
 1.31825674e+04  1.52656350e-07 
 1.34896288e+04  1.51189877e-07 
 1.38038426e+04  1.49737899e-07 
 1.41253754e+04  1.48300273e-07 
 1.44543977e+04  1.46876862e-07 
 1.47910839e+04  1.45467526e-07 
 1.51356125e+04  1.44072130e-07 
 1.54881662e+04  1.42690539e-07 
 1.58489319e+04  1.41322619e-07 
 1.62181010e+04  1.39968238e-07 
 1.65958691e+04  1.38627265e-07 
 1.69824365e+04  1.37299570e-07 
 1.73780083e+04  1.35985025e-07 
 1.77827941e+04  1.34683502e-07 
 1.81970086e+04  1.33394877e-07 
 1.86208714e+04  1.32119024e-07 
 1.90546072e+04  1.30855820e-07 
 1.94984460e+04  1.29605142e-07 
 1.99526231e+04  1.28366871e-07 
 2.04173794e+04  1.27140886e-07 
 2.08929613e+04  1.25927069e-07 
 2.13796209e+04  1.24725302e-07 
 2.18776162e+04  1.23535470e-07 
 2.23872114e+04  1.22357457e-07 
 2.29086765e+04  1.21191150e-07 
 2.34422882e+04  1.20036436e-07 
 2.39883292e+04  1.18893204e-07 
 2.45470892e+04  1.17761342e-07 
 2.51188643e+04  1.16640742e-07 
 2.57039578e+04  1.15531296e-07 
 2.63026799e+04  1.14432896e-07 
 2.69153480e+04  1.13345436e-07 
 2.75422870e+04  1.12268811e-07 
 2.81838293e+04  1.11202918e-07 
 2.88403150e+04  1.10147653e-07 
 2.95120923e+04  1.09102914e-07 
 3.01995172e+04  1.08068601e-07 
 3.09029543e+04  1.07044613e-07 
 3.16227766e+04  1.06030853e-07 
 3.23593657e+04  1.05027221e-07 
 3.31131121e+04  1.04033621e-07 
 3.38844156e+04  1.03049958e-07 
 3.46736850e+04  1.02076135e-07 
 3.54813389e+04  1.01112060e-07 
 3.63078055e+04  1.00157639e-07 
 3.71535229e+04  9.92127793e-08 
 3.80189396e+04  9.82773907e-08 
 3.89045145e+04  9.73513824e-08 
 3.98107171e+04  9.64346652e-08 
 4.07380278e+04  9.55271504e-08 
 4.16869383e+04  9.46287506e-08 
 4.26579519e+04  9.37393789e-08 
 4.36515832e+04  9.28589495e-08 
 4.46683592e+04  9.19873774e-08 
 4.57088190e+04  9.11245783e-08 
 4.67735141e+04  9.02704691e-08 
 4.78630092e+04  8.94249674e-08 
 4.89778819e+04  8.85879912e-08 
 5.01187234e+04  8.77594600e-08 
 5.12861384e+04  8.69392937e-08 
 5.24807460e+04  8.61274129e-08 
 5.37031796e+04  8.53237395e-08 
 5.49540874e+04  8.45281956e-08 
 5.62341325e+04  8.37407045e-08 
 5.75439937e+04  8.29611901e-08 
 5.88843655e+04  8.21895770e-08 
 6.02559586e+04  8.14257907e-08 
 6.16595002e+04  8.06697574e-08 
 6.30957344e+04  7.99214041e-08 
 6.45654229e+04  7.91806583e-08 
 6.60693448e+04  7.84474484e-08 
 6.76082975e+04  7.77217036e-08 
 6.91830971e+04  7.70033537e-08 
 7.07945784e+04  7.62923292e-08 
 7.24435960e+04  7.55885613e-08 
 7.41310241e+04  7.48919819e-08 
 7.58577575e+04  7.42025236e-08 
 7.76247117e+04  7.35201197e-08 
 7.94328235e+04  7.28447041e-08 
 8.12830516e+04  7.21762113e-08 
 8.31763771e+04  7.15145767e-08 
 8.51138038e+04  7.08597362e-08 
 8.70963590e+04  7.02116263e-08 
 8.91250938e+04  6.95701841e-08 
 9.12010839e+04  6.89353475e-08 
 9.33254301e+04  6.83070549e-08 
 9.54992586e+04  6.76852453e-08 
 9.77237221e+04  6.70698584e-08 
 1.00000000e+05  6.64608345e-08 
 1.02329299e+05  6.58581144e-08 
 1.04712855e+05  6.52616395e-08 
 1.07151931e+05  6.46713518e-08 
 1.09647820e+05  6.40871941e-08 
 1.12201845e+05  6.35091093e-08 
 1.14815362e+05  6.29370414e-08 
 1.17489755e+05  6.23709346e-08 
 1.20226443e+05  6.18107337e-08 
 1.23026877e+05  6.12563842e-08 
 1.25892541e+05  6.07078320e-08 
 1.28824955e+05  6.01650235e-08 
 1.31825674e+05  5.96279059e-08 
 1.34896288e+05  5.90964267e-08 
 1.38038426e+05  5.85705338e-08 
 1.41253754e+05  5.80501759e-08 
 1.44543977e+05  5.75353021e-08 
 1.47910839e+05  5.70258619e-08 
 1.51356125e+05  5.65218055e-08 
 1.54881662e+05  5.60230833e-08 
 1.58489319e+05  5.55296465e-08 
 1.62181010e+05  5.50414467e-08 
 1.65958691e+05  5.45584357e-08 
 1.69824365e+05  5.40805662e-08 
 1.73780083e+05  5.36077910e-08 
 1.77827941e+05  5.31400635e-08 
 1.81970086e+05  5.26773377e-08 
 1.86208714e+05  5.22195679e-08 
 1.90546072e+05  5.17667087e-08 
 1.94984460e+05  5.13187155e-08 
 1.99526231e+05  5.08755438e-08 
 2.04173794e+05  5.04371496e-08 
 2.08929613e+05  5.00034896e-08 
 2.13796209e+05  4.95745205e-08 
 2.18776162e+05  4.91501997e-08 
 2.23872114e+05  4.87304849e-08 
 2.29086765e+05  4.83153343e-08 
 2.34422882e+05  4.79047064e-08 
 2.39883292e+05  4.74985600e-08 
 2.45470892e+05  4.70968546e-08 
 2.51188643e+05  4.66995498e-08 
 2.57039578e+05  4.63066057e-08 
 2.63026799e+05  4.59179827e-08 
 2.69153480e+05  4.55336417e-08 
 2.75422870e+05  4.51535439e-08 
 2.81838293e+05  4.47776508e-08 
 2.88403150e+05  4.44059243e-08 
 2.95120923e+05  4.40383267e-08 
 3.01995172e+05  4.36748206e-08 
 3.09029543e+05  4.33153690e-08 
 3.16227766e+05  4.29599351e-08 
 3.23593657e+05  4.26084826e-08 
 3.31131121e+05  4.22609755e-08 
 3.38844156e+05  4.19173780e-08 
 3.46736850e+05  4.15776547e-08 
 3.54813389e+05  4.12417707e-08 
 3.63078055e+05  4.09096910e-08 
 3.71535229e+05  4.05813814e-08 
 3.80189396e+05  4.02568075e-08 
 3.89045145e+05  3.99359356e-08 
 3.98107171e+05  3.96187322e-08 
 4.07380278e+05  3.93051639e-08 
 4.16869383e+05  3.89951978e-08 
 4.26579519e+05  3.86888013e-08 
 4.36515832e+05  3.83859419e-08 
 4.46683592e+05  3.80865876e-08 
 4.57088190e+05  3.77907064e-08 
 4.67735141e+05  3.74982668e-08 
 4.78630092e+05  3.72092374e-08 
 4.89778819e+05  3.69235873e-08 
 5.01187234e+05  3.66412856e-08 
 5.12861384e+05  3.63623018e-08 
 5.24807460e+05  3.60866056e-08 
 5.37031796e+05  3.58141669e-08 
 5.49540874e+05  3.55449560e-08 
 5.62341325e+05  3.52789433e-08 
 5.75439937e+05  3.50160994e-08 
 5.88843655e+05  3.47563954e-08 
 6.02559586e+05  3.44998022e-08 
 6.16595002e+05  3.42462914e-08 
 6.30957344e+05  3.39958344e-08 
 6.45654229e+05  3.37484031e-08 
 6.60693448e+05  3.35039695e-08 
 6.76082975e+05  3.32625058e-08 
 6.91830971e+05  3.30239846e-08 
 7.07945784e+05  3.27883783e-08 
 7.24435960e+05  3.25556600e-08 
 7.41310241e+05  3.23258026e-08 
 7.58577575e+05  3.20987794e-08 
 7.76247117e+05  3.18745639e-08 
 7.94328235e+05  3.16531297e-08 
 8.12830516e+05  3.14344507e-08 
 8.31763771e+05  3.12185007e-08 
 8.51138038e+05  3.10052542e-08 
 8.70963590e+05  3.07946853e-08 
 8.91250938e+05  3.05867688e-08 
 9.12010839e+05  3.03814793e-08 
 9.33254301e+05  3.01787918e-08 
 9.54992586e+05  2.99786813e-08 
 9.77237221e+05  2.97811230e-08 
 1.00000000e+06  2.95860925e-08 
 1.02329299e+06  2.93935653e-08 
 1.04712855e+06  2.92035170e-08 
 1.07151931e+06  2.90159238e-08 
 1.09647820e+06  2.88307615e-08 
 1.12201845e+06  2.86480064e-08 
 1.14815362e+06  2.84676349e-08 
 1.17489755e+06  2.82896235e-08 
 1.20226443e+06  2.81139489e-08 
 1.23026877e+06  2.79405879e-08 
 1.25892541e+06  2.77695175e-08 
 1.28824955e+06  2.76007148e-08 
 1.31825674e+06  2.74341571e-08 
 1.34896288e+06  2.72698216e-08 
 1.38038426e+06  2.71076861e-08 
 1.41253754e+06  2.69477282e-08 
 1.44543977e+06  2.67899256e-08 
 1.47910839e+06  2.66342564e-08 
 1.51356125e+06  2.64806987e-08 
 1.54881662e+06  2.63292306e-08 
 1.58489319e+06  2.61798306e-08 
 1.62181010e+06  2.60324771e-08 
 1.65958691e+06  2.58871487e-08 
 1.69824365e+06  2.57438242e-08 
 1.73780083e+06  2.56024825e-08 
 1.77827941e+06  2.54631026e-08 
 1.81970086e+06  2.53256636e-08 
 1.86208714e+06  2.51901448e-08 
 1.90546072e+06  2.50565256e-08 
 1.94984460e+06  2.49247855e-08 
 1.99526231e+06  2.47949041e-08 
 2.04173794e+06  2.46668613e-08 
 2.08929613e+06  2.45406369e-08 
 2.13796209e+06  2.44162110e-08 
 2.18776162e+06  2.42935635e-08 
 2.23872114e+06  2.41726750e-08 
 2.29086765e+06  2.40535257e-08 
 2.34422882e+06  2.39360962e-08 
 2.39883292e+06  2.38203670e-08 
 2.45470892e+06  2.37063190e-08 
 2.51188643e+06  2.35939329e-08 
 2.57039578e+06  2.34831900e-08 
 2.63026799e+06  2.33740712e-08 
 2.69153480e+06  2.32665578e-08 
 2.75422870e+06  2.31606311e-08 
 2.81838293e+06  2.30562728e-08 
 2.88403150e+06  2.29534644e-08 
 2.95120923e+06  2.28521876e-08 
 3.01995172e+06  2.27524244e-08 
 3.09029543e+06  2.26541567e-08 
 3.16227766e+06  2.25573665e-08 
 3.23593657e+06  2.24620363e-08 
 3.31131121e+06  2.23681483e-08 
 3.38844156e+06  2.22756850e-08 
 3.46736850e+06  2.21846291e-08 
 3.54813389e+06  2.20949632e-08 
 3.63078055e+06  2.20066704e-08 
 3.71535229e+06  2.19197334e-08 
 3.80189396e+06  2.18341356e-08 
 3.89045145e+06  2.17498601e-08 
 3.98107171e+06  2.16668902e-08 
 4.07380278e+06  2.15852096e-08 
 4.16869383e+06  2.15048019e-08 
 4.26579519e+06  2.14256508e-08 
 4.36515832e+06  2.13477401e-08 
 4.46683592e+06  2.12710541e-08 
 4.57088190e+06  2.11955767e-08 
 4.67735141e+06  2.11212923e-08 
 4.78630092e+06  2.10481853e-08 
 4.89778819e+06  2.09762402e-08 
 5.01187234e+06  2.09054418e-08 
 5.12861384e+06  2.08357748e-08 
 5.24807460e+06  2.07672243e-08 
 5.37031796e+06  2.06997752e-08 
 5.49540874e+06  2.06334128e-08 
 5.62341325e+06  2.05681225e-08 
 5.75439937e+06  2.05038897e-08 
 5.88843655e+06  2.04407001e-08 
 6.02559586e+06  2.03785395e-08 
 6.16595002e+06  2.03173936e-08 
 6.30957344e+06  2.02572486e-08 
 6.45654229e+06  2.01980906e-08 
 6.60693448e+06  2.01399059e-08 
 6.76082975e+06  2.00826810e-08 
 6.91830971e+06  2.00264025e-08 
 7.07945784e+06  1.99710570e-08 
 7.24435960e+06  1.99166314e-08 
 7.41310241e+06  1.98631128e-08 
 7.58577575e+06  1.98104882e-08 
 7.76247117e+06  1.97587450e-08 
 7.94328235e+06  1.97078705e-08 
 8.12830516e+06  1.96578523e-08 
 8.31763771e+06  1.96086781e-08 
 8.51138038e+06  1.95603358e-08 
 8.70963590e+06  1.95128132e-08 
 8.91250938e+06  1.94660986e-08 
 9.12010839e+06  1.94201801e-08 
 9.33254301e+06  1.93750463e-08 
 9.54992586e+06  1.93306855e-08 
 9.77237221e+06  1.92870865e-08 
 1.00000000e+07  1.92442381e-08 
 1.02329299e+07  1.92021293e-08 
 1.04712855e+07  1.91607492e-08 
 1.07151931e+07  1.91200870e-08 
 1.09647820e+07  1.90801320e-08 
 1.12201845e+07  1.90408740e-08 
 1.14815362e+07  1.90023024e-08 
 1.17489755e+07  1.89644071e-08 
 1.20226443e+07  1.89271781e-08 
 1.23026877e+07  1.88906055e-08 
 1.25892541e+07  1.88546794e-08 
 1.28824955e+07  1.88193904e-08 
 1.31825674e+07  1.87847289e-08 
 1.34896288e+07  1.87506855e-08 
 1.38038426e+07  1.87172512e-08 
 1.41253754e+07  1.86844168e-08 
 1.44543977e+07  1.86521734e-08 
 1.47910839e+07  1.86205124e-08 
 1.51356125e+07  1.85894251e-08 
 1.54881662e+07  1.85589029e-08 
 1.58489319e+07  1.85289376e-08 
 1.62181010e+07  1.84995211e-08 
 1.65958691e+07  1.84706452e-08 
 1.69824365e+07  1.84423021e-08 
 1.73780083e+07  1.84144841e-08 
 1.77827941e+07  1.83871836e-08 
 1.81970086e+07  1.83603930e-08 
 1.86208714e+07  1.83341053e-08 
 1.90546072e+07  1.83083131e-08 
 1.94984460e+07  1.82830095e-08 
 1.99526231e+07  1.82581876e-08 
 2.04173794e+07  1.82338408e-08 
 2.08929613e+07  1.82099625e-08 
 2.13796209e+07  1.81865464e-08 
 2.18776162e+07  1.81635862e-08 
 2.23872114e+07  1.81410758e-08 
 2.29086765e+07  1.81190093e-08 
 2.34422882e+07  1.80973809e-08 
 2.39883292e+07  1.80761852e-08 
 2.45470892e+07  1.80554166e-08 
 2.51188643e+07  1.80350698e-08 
 2.57039578e+07  1.80151397e-08 
 2.63026799e+07  1.79956215e-08 
 2.69153480e+07  1.79765103e-08 
 2.75422870e+07  1.79578016e-08 
 2.81838293e+07  1.79394908e-08 
 2.88403150e+07  1.79215739e-08 
 2.95120923e+07  1.79040467e-08 
 3.01995172e+07  1.78869053e-08 
 3.09029543e+07  1.78701460e-08 
 3.16227766e+07  1.78537653e-08 
 3.23593657e+07  1.78377599e-08 
 3.31131121e+07  1.78221266e-08 
 3.38844156e+07  1.78068626e-08 
 3.46736850e+07  1.77919651e-08 
 3.54813389e+07  1.77774315e-08 
 3.63078055e+07  1.77632597e-08 
 3.71535229e+07  1.77494474e-08 
 3.80189396e+07  1.77359927e-08 
 3.89045145e+07  1.77228942e-08 
 3.98107171e+07  1.77101502e-08 
 4.07380278e+07  1.76977597e-08 
 4.16869383e+07  1.76857217e-08 
 4.26579519e+07  1.76740354e-08 
 4.36515832e+07  1.76627005e-08 
 4.46683592e+07  1.76517167e-08 
 4.57088190e+07  1.76410841e-08 
 4.67735141e+07  1.76308031e-08 
 4.78630092e+07  1.76208742e-08 
 4.89778819e+07  1.76112985e-08 
 5.01187234e+07  1.76020771e-08 
 5.12861384e+07  1.75932114e-08 
 5.24807460e+07  1.75847034e-08 
 5.37031796e+07  1.75765550e-08 
 5.49540874e+07  1.75687690e-08 
 5.62341325e+07  1.75613480e-08 
 5.75439937e+07  1.75542952e-08 
 5.88843655e+07  1.75476140e-08 
 6.02559586e+07  1.75413085e-08 
 6.16595002e+07  1.75353828e-08 
 6.30957344e+07  1.75298415e-08 
 6.45654229e+07  1.75246898e-08 
 6.60693448e+07  1.75199331e-08 
 6.76082975e+07  1.75155772e-08 
 6.91830971e+07  1.75116284e-08 
 7.07945784e+07  1.75080936e-08 
 7.24435960e+07  1.75049799e-08 
 7.41310241e+07  1.75022951e-08 
 7.58577575e+07  1.75000472e-08 
 7.76247117e+07  1.74982450e-08 
 7.94328235e+07  1.74968975e-08 
 8.12830516e+07  1.74960146e-08 
 8.31763771e+07  1.74956063e-08 
 8.51138038e+07  1.74956836e-08 
 8.70963590e+07  1.74962576e-08 
 8.91250938e+07  1.74973403e-08 
 9.12010839e+07  1.74989441e-08 
 9.33254301e+07  1.75010823e-08 
 9.54992586e+07  1.75037682e-08 
 9.77237221e+07  1.75070161e-08 
 1.00000000e+08  1.75108412e-08 
 1.02329299e+08  1.75152587e-08 
 1.04712855e+08  1.75202849e-08 
 1.07151931e+08  1.75259366e-08 
 1.09647820e+08  1.75322312e-08 
 1.12201845e+08  1.75391867e-08 
 1.14815362e+08  1.75468220e-08 
 1.17489755e+08  1.75551564e-08 
 1.20226443e+08  1.75642099e-08 
 1.23026877e+08  1.75740034e-08 
 1.25892541e+08  1.75845580e-08 
 1.28824955e+08  1.75958959e-08 
 1.31825674e+08  1.76080394e-08 
 1.34896288e+08  1.76210118e-08 
 1.38038426e+08  1.76348369e-08 
 1.41253754e+08  1.76495390e-08 
 1.44543977e+08  1.76651430e-08 
 1.47910839e+08  1.76816741e-08 
 1.51356125e+08  1.76991584e-08 
 1.54881662e+08  1.77176218e-08 
 1.58489319e+08  1.77370912e-08 
 1.62181010e+08  1.77575935e-08 
 1.65958691e+08  1.77791560e-08 
 1.69824365e+08  1.78018062e-08 
 1.73780083e+08  1.78255715e-08 
 1.77827941e+08  1.78504796e-08 
 1.81970086e+08  1.78765581e-08 
 1.86208714e+08  1.79038348e-08 
 1.90546072e+08  1.79323366e-08 
 1.94984460e+08  1.79620906e-08 
 1.99526231e+08  1.79931236e-08 
 2.04173794e+08  1.80254614e-08 
 2.08929613e+08  1.80591294e-08 
 2.13796209e+08  1.80941519e-08 
 2.18776162e+08  1.81305527e-08 
 2.23872114e+08  1.81683540e-08 
 2.29086765e+08  1.82075772e-08 
 2.34422882e+08  1.82482419e-08 
 2.39883292e+08  1.82903660e-08 
 2.45470892e+08  1.83339661e-08 
 2.51188643e+08  1.83790563e-08 
 2.57039578e+08  1.84256488e-08 
 2.63026799e+08  1.84737535e-08 
 2.69153480e+08  1.85233776e-08 
 2.75422870e+08  1.85745254e-08 
 2.81838293e+08  1.86271988e-08 
 2.88403150e+08  1.86813961e-08 
 2.95120923e+08  1.87371120e-08 
 3.01995172e+08  1.87943387e-08 
 3.09029543e+08  1.88530636e-08 
 3.16227766e+08  1.89132711e-08 
 3.23593657e+08  1.89749411e-08 
 3.31131121e+08  1.90380487e-08 
 3.38844156e+08  1.91025662e-08 
 3.46736850e+08  1.91684600e-08 
 3.54813389e+08  1.92356928e-08 
 3.63078055e+08  1.93042219e-08 
 3.71535229e+08  1.93740007e-08 
 3.80189396e+08  1.94449767e-08 
 3.89045145e+08  1.95170940e-08 
 3.98107171e+08  1.95902906e-08 
 4.07380278e+08  1.96644997e-08 
 4.16869383e+08  1.97396513e-08 
 4.26579519e+08  1.98156683e-08 
 4.36515832e+08  1.98924703e-08 
 4.46683592e+08  1.99699723e-08 
 4.57088190e+08  2.00480855e-08 
 4.67735141e+08  2.01267152e-08 
 4.78630092e+08  2.02057642e-08 
 4.89778819e+08  2.02851304e-08 
 5.01187234e+08  2.03647087e-08 
 5.12861384e+08  2.04443899e-08 
 5.24807460e+08  2.05240630e-08 
 5.37031796e+08  2.06036130e-08 
 5.49540874e+08  2.06829229e-08 
 5.62341325e+08  2.07618728e-08 
 5.75439937e+08  2.08403412e-08 
 5.88843655e+08  2.09182051e-08 
 6.02559586e+08  2.09953394e-08 
 6.16595002e+08  2.10716195e-08 
 6.30957344e+08  2.11469174e-08 
 6.45654229e+08  2.12211072e-08 
 6.60693448e+08  2.12940610e-08 
 6.76082975e+08  2.13656514e-08 
 6.91830971e+08  2.14357517e-08 
 7.07945784e+08  2.15042349e-08 
 7.24435960e+08  2.15709753e-08 
 7.41310241e+08  2.16358474e-08 
 7.58577575e+08  2.16987276e-08 
 7.76247117e+08  2.17594932e-08 
 7.94328235e+08  2.18180223e-08 
 8.12830516e+08  2.18741949e-08 
 8.31763771e+08  2.19278939e-08 
 8.51138038e+08  2.19790013e-08 
 8.70963590e+08  2.20274024e-08 
 8.91250938e+08  2.20729843e-08 
 9.12010839e+08  2.21156364e-08 
 9.33254301e+08  2.21552489e-08 
 9.54992586e+08  2.21917154e-08 
 9.77237221e+08  2.22249300e-08 
 1.00000000e+09  2.22547902e-08 
