 1.00000000e+00 -1.47354591e-04 
 1.25892541e+00 -1.85508440e-04 
 1.58489319e+00 -2.33541289e-04 
 1.99526231e+00 -2.94011063e-04 
 2.51188643e+00 -3.70137999e-04 
 3.16227766e+00 -4.65976132e-04 
 3.98107171e+00 -5.86629194e-04 
 5.01187234e+00 -7.38522400e-04 
 6.30957344e+00 -9.29744617e-04 
 7.94328235e+00 -1.17047912e-03 
 1.00000000e+01 -1.47354591e-03 
 1.25892541e+01 -1.85508440e-03 
 1.58489319e+01 -2.33541289e-03 
 1.99526231e+01 -2.94011063e-03 
 2.51188643e+01 -3.70137998e-03 
 3.16227766e+01 -4.65976131e-03 
 3.98107171e+01 -5.86629192e-03 
 5.01187234e+01 -7.38522396e-03 
 6.30957344e+01 -9.29744608e-03 
 7.94328235e+01 -1.17047911e-02 
 1.00000000e+02 -1.47354588e-02 
 1.25892541e+02 -1.85508433e-02 
 1.58489319e+02 -2.33541276e-02 
 1.99526231e+02 -2.94011037e-02 
 2.51188643e+02 -3.70137947e-02 
 3.16227766e+02 -4.65976030e-02 
 3.98107171e+02 -5.86628990e-02 
 5.01187234e+02 -7.38521992e-02 
 6.30957344e+02 -9.29743802e-02 
 7.94328235e+02 -1.17047750e-01 
 1.00000000e+03 -1.47354267e-01 
 1.25892541e+03 -1.85507793e-01 
 1.58489319e+03 -2.33539998e-01 
 1.99526231e+03 -2.94008487e-01 
 2.51188643e+03 -3.70132860e-01 
 3.16227766e+03 -4.65965879e-01 
 3.98107171e+03 -5.86608736e-01 
 5.01187234e+03 -7.38481582e-01 
 6.30957344e+03 -9.29663179e-01 
 7.94328235e+03 -1.17031665e+00 
 1.00000000e+04 -1.47322178e+00 
 1.25892541e+04 -1.85443782e+00 
 1.58489319e+04 -2.33412328e+00 
 1.99526231e+04 -2.93753901e+00 
 2.51188643e+04 -3.69625365e+00 
 3.16227766e+04 -4.64954783e+00 
 3.98107171e+04 -5.84596019e+00 
 5.01187234e+04 -7.34480396e+00 
 6.30957344e+04 -9.21725770e+00 
 7.94328235e+04 -1.15462241e+01 
 1.00000000e+05 -1.44234759e+01 
 1.25892541e+05 -1.79416938e+01 
 1.58489319e+05 -2.21782521e+01 
 1.99526231e+05 -2.71683672e+01 
 2.51188643e+05 -3.28699385e+01 
 3.16227766e+05 -3.91326871e+01 
 3.98107171e+05 -4.56946716e+01 
 5.01187234e+05 -5.22245766e+01 
 6.30957344e+05 -5.83995096e+01 
 7.94328235e+05 -6.39782962e+01 
 1.00000000e+06 -6.88343048e+01 
 1.25892541e+06 -7.29445601e+01 
 1.58489319e+06 -7.63564632e+01 
 1.99526231e+06 -7.91537401e+01 
 2.51188643e+06 -8.14318340e+01 
 3.16227766e+06 -8.32836932e+01 
 3.98107171e+06 -8.47931962e+01 
 5.01187234e+06 -8.60331679e+01 
 6.30957344e+06 -8.70657895e+01 
 7.94328235e+06 -8.79440916e+01 
 1.00000000e+07 -8.87138346e+01 
 1.25892541e+07 -8.94154527e+01 
 1.58489319e+07 -9.00859339e+01 
 1.99526231e+07 -9.07606043e+01 
 2.51188643e+07 -9.14748223e+01 
 3.16227766e+07 -9.22655826e+01 
 3.98107171e+07 -9.31729811e+01 
 5.01187234e+07 -9.42413856e+01 
 6.30957344e+07 -9.55199462e+01 
 7.94328235e+07 -9.70617071e+01 
 1.00000000e+08 -9.89199883e+01 
 1.25892541e+08 -1.01139949e+02 
 1.58489319e+08 -1.03742790e+02 
 1.99526231e+08 -1.06701339e+02 
 2.51188643e+08 -1.09911465e+02 
 3.16227766e+08 -1.13175670e+02 
 3.98107171e+08 -1.16227399e+02 
 5.01187234e+08 -1.18817532e+02 
 6.30957344e+08 -1.20841529e+02 
 7.94328235e+08 -1.22431665e+02 
 1.00000000e+09 -1.23938138e+02 
