 1.00000000e+00 -1.47054896e-04 
 1.25892541e+00 -1.85131145e-04 
 1.58489319e+00 -2.33066303e-04 
 1.99526231e+00 -2.93413092e-04 
 2.51188643e+00 -3.69385198e-04 
 3.16227766e+00 -4.65028412e-04 
 3.98107171e+00 -5.85436085e-04 
 5.01187234e+00 -7.37020364e-04 
 6.30957344e+00 -9.27853666e-04 
 7.94328235e+00 -1.16809856e-03 
 1.00000000e+01 -1.47054896e-03 
 1.25892541e+01 -1.85131145e-03 
 1.58489319e+01 -2.33066303e-03 
 1.99526231e+01 -2.93413092e-03 
 2.51188643e+01 -3.69385197e-03 
 3.16227766e+01 -4.65028411e-03 
 3.98107171e+01 -5.85436083e-03 
 5.01187234e+01 -7.37020360e-03 
 6.30957344e+01 -9.27853658e-03 
 7.94328235e+01 -1.16809854e-02 
 1.00000000e+02 -1.47054893e-02 
 1.25892541e+02 -1.85131139e-02 
 1.58489319e+02 -2.33066291e-02 
 1.99526231e+02 -2.93413066e-02 
 2.51188643e+02 -3.69385146e-02 
 3.16227766e+02 -4.65028310e-02 
 3.98107171e+02 -5.85435882e-02 
 5.01187234e+02 -7.37019959e-02 
 6.30957344e+02 -9.27852856e-02 
 7.94328235e+02 -1.16809694e-01 
 1.00000000e+03 -1.47054573e-01 
 1.25892541e+03 -1.85130502e-01 
 1.58489319e+03 -2.33065020e-01 
 1.99526231e+03 -2.93410531e-01 
 2.51188643e+03 -3.69380088e-01 
 3.16227766e+03 -4.65018217e-01 
 3.98107171e+03 -5.85415744e-01 
 5.01187234e+03 -7.36979780e-01 
 6.30957344e+03 -9.27772694e-01 
 7.94328235e+03 -1.16793701e+00 
 1.00000000e+04 -1.47022668e+00 
 1.25892541e+04 -1.85066858e+00 
 1.58489319e+04 -2.32938079e+00 
 1.99526231e+04 -2.93157399e+00 
 2.51188643e+04 -3.68875490e+00 
 3.16227766e+04 -4.64012887e+00 
 3.98107171e+04 -5.83414488e+00 
 5.01187234e+04 -7.33001323e+00 
 6.30957344e+04 -9.19880202e+00 
 7.94328235e+04 -1.15233106e+01 
 1.00000000e+05 -1.43952459e+01 
 1.25892541e+05 -1.79073140e+01 
 1.58489319e+05 -2.21370865e+01 
 1.99526231e+05 -2.71202365e+01 
 2.51188643e+05 -3.28154121e+01 
 3.16227766e+05 -3.90732521e+01 
 3.98107171e+05 -4.56325713e+01 
 5.01187234e+05 -5.21622570e+01 
 6.30957344e+05 -5.83389064e+01 
 7.94328235e+05 -6.39203372e+01 
 1.00000000e+06 -6.87788034e+01 
 1.25892541e+06 -7.28903927e+01 
 1.58489319e+06 -7.63018191e+01 
 1.99526231e+06 -7.90963068e+01 
 2.51188643e+06 -8.13688737e+01 
 3.16227766e+06 -8.32120217e+01 
 3.98107171e+06 -8.47090852e+01 
 5.01187234e+06 -8.59321862e+01 
 6.30957344e+06 -8.69425901e+01 
 7.94328235e+06 -8.77921412e+01 
 1.00000000e+07 -8.85250793e+01 
 1.25892541e+07 -8.91799083e+01 
 1.58489319e+07 -8.97911872e+01 
 1.99526231e+07 -9.03912165e+01 
 2.51188643e+07 -9.10116338e+01 
 3.16227766e+07 -9.16849431e+01 
 3.98107171e+07 -9.24459834e+01 
 5.01187234e+07 -9.33332920e+01 
 6.30957344e+07 -9.43902065e+01 
 7.94328235e+07 -9.56653485e+01 
 1.00000000e+08 -9.72117733e+01 
 1.25892541e+08 -9.90835190e+01 
 1.58489319e+08 -1.01327624e+02 
 1.99526231e+08 -1.03969435e+02 
 2.51188643e+08 -1.06990593e+02 
 3.16227766e+08 -1.10304835e+02 
 3.98107171e+08 -1.13747215e+02 
 5.01187234e+08 -1.17100089e+02 
 6.30957344e+08 -1.20167077e+02 
 7.94328235e+08 -1.22868663e+02 
 1.00000000e+09 -1.25301821e+02 
