 1.00000000e+00  1.84478944e+01 
 1.25892541e+00  1.84478944e+01 
 1.58489319e+00  1.84478944e+01 
 1.99526231e+00  1.84478944e+01 
 2.51188643e+00  1.84478944e+01 
 3.16227766e+00  1.84478944e+01 
 3.98107171e+00  1.84478944e+01 
 5.01187234e+00  1.84478944e+01 
 6.30957344e+00  1.84478944e+01 
 7.94328235e+00  1.84478944e+01 
 1.00000000e+01  1.84478944e+01 
 1.25892541e+01  1.84478944e+01 
 1.58489319e+01  1.84478944e+01 
 1.99526231e+01  1.84478944e+01 
 2.51188643e+01  1.84478944e+01 
 3.16227766e+01  1.84478944e+01 
 3.98107171e+01  1.84478944e+01 
 5.01187234e+01  1.84478944e+01 
 6.30957344e+01  1.84478944e+01 
 7.94328235e+01  1.84478943e+01 
 1.00000000e+02  1.84478943e+01 
 1.25892541e+02  1.84478942e+01 
 1.58489319e+02  1.84478941e+01 
 1.99526231e+02  1.84478939e+01 
 2.51188643e+02  1.84478937e+01 
 3.16227766e+02  1.84478932e+01 
 3.98107171e+02  1.84478926e+01 
 5.01187234e+02  1.84478915e+01 
 6.30957344e+02  1.84478898e+01 
 7.94328235e+02  1.84478871e+01 
 1.00000000e+03  1.84478829e+01 
 1.25892541e+03  1.84478761e+01 
 1.58489319e+03  1.84478654e+01 
 1.99526231e+03  1.84478485e+01 
 2.51188643e+03  1.84478216e+01 
 3.16227766e+03  1.84477791e+01 
 3.98107171e+03  1.84477117e+01 
 5.01187234e+03  1.84476048e+01 
 6.30957344e+03  1.84474354e+01 
 7.94328235e+03  1.84471669e+01 
 1.00000000e+04  1.84467415e+01 
 1.25892541e+04  1.84460673e+01 
 1.58489319e+04  1.84449990e+01 
 1.99526231e+04  1.84433063e+01 
 2.51188643e+04  1.84406250e+01 
 3.16227766e+04  1.84363789e+01 
 3.98107171e+04  1.84296577e+01 
 5.01187234e+04  1.84190265e+01 
 6.30957344e+04  1.84022304e+01 
 7.94328235e+04  1.83757426e+01 
 1.00000000e+05  1.83340905e+01 
 1.25892541e+05  1.82688840e+01 
 1.58489319e+05  1.81675031e+01 
 1.99526231e+05  1.80115210e+01 
 2.51188643e+05  1.77752387e+01 
 3.16227766e+05  1.74252501e+01 
 3.98107171e+05  1.69225656e+01 
 5.01187234e+05  1.62287392e+01 
 6.30957344e+05  1.53155468e+01 
 7.94328235e+05  1.41742715e+01 
 1.00000000e+06  1.28189306e+01 
 1.25892541e+06  1.12811671e+01 
 1.58489319e+06  9.60034401e+00 
 1.99526231e+06  7.81449732e+00 
 2.51188643e+06  5.95524037e+00 
 3.16227766e+06  4.04641287e+00 
 3.98107171e+06  2.10488159e+00 
 5.01187234e+06  1.42089448e-01 
 6.30957344e+06 -1.83441641e+00 
 7.94328235e+06 -3.81976152e+00 
 1.00000000e+07 -5.81086191e+00 
 1.25892541e+07 -7.80582824e+00 
 1.58489319e+07 -9.80358617e+00 
 1.99526231e+07 -1.18036554e+01 
 2.51188643e+07 -1.38060494e+01 
 3.16227766e+07 -1.58112767e+01 
 3.98107171e+07 -1.78204436e+01 
 5.01187234e+07 -1.98354731e+01 
 6.30957344e+07 -2.18594710e+01 
 7.94328235e+07 -2.38972759e+01 
 1.00000000e+08 -2.59562155e+01 
 1.25892541e+08 -2.80470147e+01 
 1.58489319e+08 -3.01845983e+01 
 1.99526231e+08 -3.23881281e+01 
 2.51188643e+08 -3.46790374e+01 
 3.16227766e+08 -3.70755549e+01 
 3.98107171e+08 -3.95833312e+01 
 5.01187234e+08 -4.21851678e+01 
 6.30957344e+08 -4.48365896e+01 
 7.94328235e+08 -4.74730185e+01 
 1.00000000e+09 -5.00265111e+01 
