 1.00000000e+00  1.84479848e+01 
 1.25892541e+00  1.84479848e+01 
 1.58489319e+00  1.84479848e+01 
 1.99526231e+00  1.84479848e+01 
 2.51188643e+00  1.84479848e+01 
 3.16227766e+00  1.84479848e+01 
 3.98107171e+00  1.84479848e+01 
 5.01187234e+00  1.84479848e+01 
 6.30957344e+00  1.84479848e+01 
 7.94328235e+00  1.84479848e+01 
 1.00000000e+01  1.84479848e+01 
 1.25892541e+01  1.84479848e+01 
 1.58489319e+01  1.84479848e+01 
 1.99526231e+01  1.84479848e+01 
 2.51188643e+01  1.84479848e+01 
 3.16227766e+01  1.84479848e+01 
 3.98107171e+01  1.84479848e+01 
 5.01187234e+01  1.84479848e+01 
 6.30957344e+01  1.84479848e+01 
 7.94328235e+01  1.84479847e+01 
 1.00000000e+02  1.84479847e+01 
 1.25892541e+02  1.84479846e+01 
 1.58489319e+02  1.84479845e+01 
 1.99526231e+02  1.84479843e+01 
 2.51188643e+02  1.84479841e+01 
 3.16227766e+02  1.84479836e+01 
 3.98107171e+02  1.84479830e+01 
 5.01187234e+02  1.84479819e+01 
 6.30957344e+02  1.84479802e+01 
 7.94328235e+02  1.84479775e+01 
 1.00000000e+03  1.84479732e+01 
 1.25892541e+03  1.84479664e+01 
 1.58489319e+03  1.84479556e+01 
 1.99526231e+03  1.84479386e+01 
 2.51188643e+03  1.84479116e+01 
 3.16227766e+03  1.84478687e+01 
 3.98107171e+03  1.84478008e+01 
 5.01187234e+03  1.84476932e+01 
 6.30957344e+03  1.84475227e+01 
 7.94328235e+03  1.84472525e+01 
 1.00000000e+04  1.84468242e+01 
 1.25892541e+04  1.84461455e+01 
 1.58489319e+04  1.84450701e+01 
 1.99526231e+04  1.84433663e+01 
 2.51188643e+04  1.84406672e+01 
 3.16227766e+04  1.84363929e+01 
 3.98107171e+04  1.84296272e+01 
 5.01187234e+04  1.84189258e+01 
 6.30957344e+04  1.84020191e+01 
 7.94328235e+04  1.83753578e+01 
 1.00000000e+05  1.83334350e+01 
 1.25892541e+05  1.82678097e+01 
 1.58489319e+05  1.81657903e+01 
 1.99526231e+05  1.80088547e+01 
 2.51188643e+05  1.77711920e+01 
 3.16227766e+05  1.74192926e+01 
 3.98107171e+05  1.69141207e+01 
 5.01187234e+05  1.62173030e+01 
 6.30957344e+05  1.53008379e+01 
 7.94328235e+05  1.41563323e+01 
 1.00000000e+06  1.27981104e+01 
 1.25892541e+06  1.12579999e+01 
 1.58489319e+06  9.57539996e+00 
 1.99526231e+06  7.78827784e+00 
 2.51188643e+06  5.92813433e+00 
 3.16227766e+06  4.01869501e+00 
 3.98107171e+06  2.07672911e+00 
 5.01187234e+06  1.13600576e-01 
 6.30957344e+06 -1.86320985e+00 
 7.94328235e+06 -3.84889085e+00 
 1.00000000e+07 -5.84042979e+00 
 1.25892541e+07 -7.83603124e+00 
 1.58489319e+07 -9.83475695e+00 
 1.99526231e+07 -1.18363334e+01 
 2.51188643e+07 -1.38410940e+01 
 3.16227766e+07 -1.58500453e+01 
 3.98107171e+07 -1.78650647e+01 
 5.01187234e+07 -1.98892581e+01 
 6.30957344e+07 -2.19275119e+01 
 7.94328235e+07 -2.39872630e+01 
 1.00000000e+08 -2.60794394e+01 
 1.25892541e+08 -2.82193210e+01 
 1.58489319e+08 -3.04266697e+01 
 1.99526231e+08 -3.27238833e+01 
 2.51188643e+08 -3.51305916e+01 
 3.16227766e+08 -3.76541173e+01 
 3.98107171e+08 -4.02785343e+01 
 5.01187234e+08 -4.29590562e+01 
 6.30957344e+08 -4.56282880e+01 
 7.94328235e+08 -4.82138037e+01 
 1.00000000e+09 -5.06576154e+01 
