 1.00000000e+00  7.59043847e-06 
 1.02329299e+00  7.51533474e-06 
 1.04712855e+00  7.44098051e-06 
 1.07151931e+00  7.36736820e-06 
 1.09647820e+00  7.29449033e-06 
 1.12201845e+00  7.22233951e-06 
 1.14815362e+00  7.15090840e-06 
 1.17489755e+00  7.08018975e-06 
 1.20226443e+00  7.01017638e-06 
 1.23026877e+00  6.94086118e-06 
 1.25892541e+00  6.87223711e-06 
 1.28824955e+00  6.80429722e-06 
 1.31825674e+00  6.73703462e-06 
 1.34896288e+00  6.67044247e-06 
 1.38038426e+00  6.60451403e-06 
 1.41253754e+00  6.53924263e-06 
 1.44543977e+00  6.47462163e-06 
 1.47910839e+00  6.41064450e-06 
 1.51356125e+00  6.34730475e-06 
 1.54881662e+00  6.28459597e-06 
 1.58489319e+00  6.22251181e-06 
 1.62181010e+00  6.16104598e-06 
 1.65958691e+00  6.10019227e-06 
 1.69824365e+00  6.03994452e-06 
 1.73780083e+00  5.98029663e-06 
 1.77827941e+00  5.92124257e-06 
 1.81970086e+00  5.86277637e-06 
 1.86208714e+00  5.80489212e-06 
 1.90546072e+00  5.74758396e-06 
 1.94984460e+00  5.69084612e-06 
 1.99526231e+00  5.63467285e-06 
 2.04173794e+00  5.57905848e-06 
 2.08929613e+00  5.52399740e-06 
 2.13796209e+00  5.46948404e-06 
 2.18776162e+00  5.41551291e-06 
 2.23872114e+00  5.36207856e-06 
 2.29086765e+00  5.30917560e-06 
 2.34422882e+00  5.25679869e-06 
 2.39883292e+00  5.20494255e-06 
 2.45470892e+00  5.15360195e-06 
 2.51188643e+00  5.10277172e-06 
 2.57039578e+00  5.05244673e-06 
 2.63026799e+00  5.00262192e-06 
 2.69153480e+00  4.95329226e-06 
 2.75422870e+00  4.90445278e-06 
 2.81838293e+00  4.85609858e-06 
 2.88403150e+00  4.80822477e-06 
 2.95120923e+00  4.76082655e-06 
 3.01995172e+00  4.71389914e-06 
 3.09029543e+00  4.66743782e-06 
 3.16227766e+00  4.62143791e-06 
 3.23593657e+00  4.57589481e-06 
 3.31131121e+00  4.53080391e-06 
 3.38844156e+00  4.48616070e-06 
 3.46736850e+00  4.44196068e-06 
 3.54813389e+00  4.39819941e-06 
 3.63078055e+00  4.35487250e-06 
 3.71535229e+00  4.31197559e-06 
 3.80189396e+00  4.26950439e-06 
 3.89045145e+00  4.22745462e-06 
 3.98107171e+00  4.18582206e-06 
 4.07380278e+00  4.14460254e-06 
 4.16869383e+00  4.10379192e-06 
 4.26579519e+00  4.06338610e-06 
 4.36515832e+00  4.02338104e-06 
 4.46683592e+00  3.98377273e-06 
 4.57088190e+00  3.94455718e-06 
 4.67735141e+00  3.90573048e-06 
 4.78630092e+00  3.86728873e-06 
 4.89778819e+00  3.82922808e-06 
 5.01187234e+00  3.79154472e-06 
 5.12861384e+00  3.75423487e-06 
 5.24807460e+00  3.71729481e-06 
 5.37031796e+00  3.68072082e-06 
 5.49540874e+00  3.64450925e-06 
 5.62341325e+00  3.60865648e-06 
 5.75439937e+00  3.57315892e-06 
 5.88843655e+00  3.53801302e-06 
 6.02559586e+00  3.50321527e-06 
 6.16595002e+00  3.46876218e-06 
 6.30957344e+00  3.43465031e-06 
 6.45654229e+00  3.40087626e-06 
 6.60693448e+00  3.36743664e-06 
 6.76082975e+00  3.33432812e-06 
 6.91830971e+00  3.30154739e-06 
 7.07945784e+00  3.26909118e-06 
 7.24435960e+00  3.23695624e-06 
 7.41310241e+00  3.20513937e-06 
 7.58577575e+00  3.17363740e-06 
 7.76247117e+00  3.14244717e-06 
 7.94328235e+00  3.11156558e-06 
 8.12830516e+00  3.08098955e-06 
 8.31763771e+00  3.05071602e-06 
 8.51138038e+00  3.02074199e-06 
 8.70963590e+00  2.99106445e-06 
 8.91250938e+00  2.96168046e-06 
 9.12010839e+00  2.93258709e-06 
 9.33254301e+00  2.90378143e-06 
 9.54992586e+00  2.87526062e-06 
 9.77237221e+00  2.84702181e-06 
 1.00000000e+01  2.81906221e-06 
 1.02329299e+01  2.79137901e-06 
 1.04712855e+01  2.76396947e-06 
 1.07151931e+01  2.73683085e-06 
 1.09647820e+01  2.70996047e-06 
 1.12201845e+01  2.68335564e-06 
 1.14815362e+01  2.65701372e-06 
 1.17489755e+01  2.63093209e-06 
 1.20226443e+01  2.60510815e-06 
 1.23026877e+01  2.57953934e-06 
 1.25892541e+01  2.55422313e-06 
 1.28824955e+01  2.52915698e-06 
 1.31825674e+01  2.50433842e-06 
 1.34896288e+01  2.47976497e-06 
 1.38038426e+01  2.45543420e-06 
 1.41253754e+01  2.43134369e-06 
 1.44543977e+01  2.40749105e-06 
 1.47910839e+01  2.38387391e-06 
 1.51356125e+01  2.36048993e-06 
 1.54881662e+01  2.33733679e-06 
 1.58489319e+01  2.31441218e-06 
 1.62181010e+01  2.29171385e-06 
 1.65958691e+01  2.26923952e-06 
 1.69824365e+01  2.24698699e-06 
 1.73780083e+01  2.22495404e-06 
 1.77827941e+01  2.20313848e-06 
 1.81970086e+01  2.18153816e-06 
 1.86208714e+01  2.16015094e-06 
 1.90546072e+01  2.13897469e-06 
 1.94984460e+01  2.11800733e-06 
 1.99526231e+01  2.09724676e-06 
 2.04173794e+01  2.07669095e-06 
 2.08929613e+01  2.05633784e-06 
 2.13796209e+01  2.03618544e-06 
 2.18776162e+01  2.01623174e-06 
 2.23872114e+01  1.99647477e-06 
 2.29086765e+01  1.97691257e-06 
 2.34422882e+01  1.95754322e-06 
 2.39883292e+01  1.93836479e-06 
 2.45470892e+01  1.91937539e-06 
 2.51188643e+01  1.90057314e-06 
 2.57039578e+01  1.88195619e-06 
 2.63026799e+01  1.86352269e-06 
 2.69153480e+01  1.84527082e-06 
 2.75422870e+01  1.82719879e-06 
 2.81838293e+01  1.80930479e-06 
 2.88403150e+01  1.79158708e-06 
 2.95120923e+01  1.77404389e-06 
 3.01995172e+01  1.75667350e-06 
 3.09029543e+01  1.73947419e-06 
 3.16227766e+01  1.72244427e-06 
 3.23593657e+01  1.70558205e-06 
 3.31131121e+01  1.68888587e-06 
 3.38844156e+01  1.67235409e-06 
 3.46736850e+01  1.65598507e-06 
 3.54813389e+01  1.63977719e-06 
 3.63078055e+01  1.62372887e-06 
 3.71535229e+01  1.60783852e-06 
 3.80189396e+01  1.59210458e-06 
 3.89045145e+01  1.57652548e-06 
 3.98107171e+01  1.56109971e-06 
 4.07380278e+01  1.54582573e-06 
 4.16869383e+01  1.53070205e-06 
 4.26579519e+01  1.51572718e-06 
 4.36515832e+01  1.50089963e-06 
 4.46683592e+01  1.48621796e-06 
 4.57088190e+01  1.47168071e-06 
 4.67735141e+01  1.45728646e-06 
 4.78630092e+01  1.44303378e-06 
 4.89778819e+01  1.42892129e-06 
 5.01187234e+01  1.41494758e-06 
 5.12861384e+01  1.40111129e-06 
 5.24807460e+01  1.38741105e-06 
 5.37031796e+01  1.37384552e-06 
 5.49540874e+01  1.36041336e-06 
 5.62341325e+01  1.34711326e-06 
 5.75439937e+01  1.33394390e-06 
 5.88843655e+01  1.32090400e-06 
 6.02559586e+01  1.30799226e-06 
 6.16595002e+01  1.29520743e-06 
 6.30957344e+01  1.28254825e-06 
 6.45654229e+01  1.27001347e-06 
 6.60693448e+01  1.25760187e-06 
 6.76082975e+01  1.24531222e-06 
 6.91830971e+01  1.23314332e-06 
 7.07945784e+01  1.22109398e-06 
 7.24435960e+01  1.20916301e-06 
 7.41310241e+01  1.19734924e-06 
 7.58577575e+01  1.18565152e-06 
 7.76247117e+01  1.17406869e-06 
 7.94328235e+01  1.16259963e-06 
 8.12830516e+01  1.15124320e-06 
 8.31763771e+01  1.13999829e-06 
 8.51138038e+01  1.12886381e-06 
 8.70963590e+01  1.11783865e-06 
 8.91250938e+01  1.10692175e-06 
 9.12010839e+01  1.09611202e-06 
 9.33254301e+01  1.08540841e-06 
 9.54992586e+01  1.07480988e-06 
 9.77237221e+01  1.06431538e-06 
 1.00000000e+02  1.05392390e-06 
 1.02329299e+02  1.04363440e-06 
 1.04712855e+02  1.03344588e-06 
 1.07151931e+02  1.02335735e-06 
 1.09647820e+02  1.01336782e-06 
 1.12201845e+02  1.00347631e-06 
 1.14815362e+02  9.93681848e-07 
 1.17489755e+02  9.83983486e-07 
 1.20226443e+02  9.74380272e-07 
 1.23026877e+02  9.64871265e-07 
 1.25892541e+02  9.55455537e-07 
 1.28824955e+02  9.46132167e-07 
 1.31825674e+02  9.36900243e-07 
 1.34896288e+02  9.27758864e-07 
 1.38038426e+02  9.18707136e-07 
 1.41253754e+02  9.09744175e-07 
 1.44543977e+02  9.00869106e-07 
 1.47910839e+02  8.92081060e-07 
 1.51356125e+02  8.83379181e-07 
 1.54881662e+02  8.74762619e-07 
 1.58489319e+02  8.66230532e-07 
 1.62181010e+02  8.57782087e-07 
 1.65958691e+02  8.49416460e-07 
 1.69824365e+02  8.41132835e-07 
 1.73780083e+02  8.32930402e-07 
 1.77827941e+02  8.24808362e-07 
 1.81970086e+02  8.16765923e-07 
 1.86208714e+02  8.08802300e-07 
 1.90546072e+02  8.00916717e-07 
 1.94984460e+02  7.93108403e-07 
 1.99526231e+02  7.85376599e-07 
 2.04173794e+02  7.77720551e-07 
 2.08929613e+02  7.70139512e-07 
 2.13796209e+02  7.62632743e-07 
 2.18776162e+02  7.55199513e-07 
 2.23872114e+02  7.47839098e-07 
 2.29086765e+02  7.40550780e-07 
 2.34422882e+02  7.33333850e-07 
 2.39883292e+02  7.26187605e-07 
 2.45470892e+02  7.19111349e-07 
 2.51188643e+02  7.12104393e-07 
 2.57039578e+02  7.05166054e-07 
 2.63026799e+02  6.98295658e-07 
 2.69153480e+02  6.91492536e-07 
 2.75422870e+02  6.84756025e-07 
 2.81838293e+02  6.78085470e-07 
 2.88403150e+02  6.71480222e-07 
 2.95120923e+02  6.64939639e-07 
 3.01995172e+02  6.58463085e-07 
 3.09029543e+02  6.52049929e-07 
 3.16227766e+02  6.45699547e-07 
 3.23593657e+02  6.39411324e-07 
 3.31131121e+02  6.33184646e-07 
 3.38844156e+02  6.27018910e-07 
 3.46736850e+02  6.20913514e-07 
 3.54813389e+02  6.14867868e-07 
 3.63078055e+02  6.08881382e-07 
 3.71535229e+02  6.02953475e-07 
 3.80189396e+02  5.97083572e-07 
 3.89045145e+02  5.91271102e-07 
 3.98107171e+02  5.85515501e-07 
 4.07380278e+02  5.79816210e-07 
 4.16869383e+02  5.74172675e-07 
 4.26579519e+02  5.68584348e-07 
 4.36515832e+02  5.63050688e-07 
 4.46683592e+02  5.57571157e-07 
 4.57088190e+02  5.52145223e-07 
 4.67735141e+02  5.46772360e-07 
 4.78630092e+02  5.41452046e-07 
 4.89778819e+02  5.36183765e-07 
 5.01187234e+02  5.30967007e-07 
 5.12861384e+02  5.25801265e-07 
 5.24807460e+02  5.20686038e-07 
 5.37031796e+02  5.15620831e-07 
 5.49540874e+02  5.10605152e-07 
 5.62341325e+02  5.05638515e-07 
 5.75439937e+02  5.00720439e-07 
 5.88843655e+02  4.95850446e-07 
 6.02559586e+02  4.91028066e-07 
 6.16595002e+02  4.86252830e-07 
 6.30957344e+02  4.81524277e-07 
 6.45654229e+02  4.76841947e-07 
 6.60693448e+02  4.72205388e-07 
 6.76082975e+02  4.67614151e-07 
 6.91830971e+02  4.63067790e-07 
 7.07945784e+02  4.58565866e-07 
 7.24435960e+02  4.54107942e-07 
 7.41310241e+02  4.49693588e-07 
 7.58577575e+02  4.45322375e-07 
 7.76247117e+02  4.40993881e-07 
 7.94328235e+02  4.36707688e-07 
 8.12830516e+02  4.32463379e-07 
 8.31763771e+02  4.28260545e-07 
 8.51138038e+02  4.24098779e-07 
 8.70963590e+02  4.19977678e-07 
 8.91250938e+02  4.15896844e-07 
 9.12010839e+02  4.11855882e-07 
 9.33254301e+02  4.07854402e-07 
 9.54992586e+02  4.03892016e-07 
 9.77237221e+02  3.99968341e-07 
 1.00000000e+03  3.96082999e-07 
 1.02329299e+03  3.92235613e-07 
 1.04712855e+03  3.88425812e-07 
 1.07151931e+03  3.84653228e-07 
 1.09647820e+03  3.80917496e-07 
 1.12201845e+03  3.77218255e-07 
 1.14815362e+03  3.73555147e-07 
 1.17489755e+03  3.69927820e-07 
 1.20226443e+03  3.66335923e-07 
 1.23026877e+03  3.62779108e-07 
 1.25892541e+03  3.59257032e-07 
 1.28824955e+03  3.55769356e-07 
 1.31825674e+03  3.52315743e-07 
 1.34896288e+03  3.48895859e-07 
 1.38038426e+03  3.45509373e-07 
 1.41253754e+03  3.42155961e-07 
 1.44543977e+03  3.38835296e-07 
 1.47910839e+03  3.35547061e-07 
 1.51356125e+03  3.32290936e-07 
 1.54881662e+03  3.29066608e-07 
 1.58489319e+03  3.25873766e-07 
 1.62181010e+03  3.22712102e-07 
 1.65958691e+03  3.19581311e-07 
 1.69824365e+03  3.16481091e-07 
 1.73780083e+03  3.13411143e-07 
 1.77827941e+03  3.10371172e-07 
 1.81970086e+03  3.07360884e-07 
 1.86208714e+03  3.04379989e-07 
 1.90546072e+03  3.01428200e-07 
 1.94984460e+03  2.98505232e-07 
 1.99526231e+03  2.95610803e-07 
 2.04173794e+03  2.92744635e-07 
 2.08929613e+03  2.89906452e-07 
 2.13796209e+03  2.87095980e-07 
 2.18776162e+03  2.84312949e-07 
 2.23872114e+03  2.81557090e-07 
 2.29086765e+03  2.78828138e-07 
 2.34422882e+03  2.76125830e-07 
 2.39883292e+03  2.73449906e-07 
 2.45470892e+03  2.70800109e-07 
 2.51188643e+03  2.68176183e-07 
 2.57039578e+03  2.65577876e-07 
 2.63026799e+03  2.63004938e-07 
 2.69153480e+03  2.60457120e-07 
 2.75422870e+03  2.57934179e-07 
 2.81838293e+03  2.55435870e-07 
 2.88403150e+03  2.52961955e-07 
 2.95120923e+03  2.50512194e-07 
 3.01995172e+03  2.48086352e-07 
 3.09029543e+03  2.45684197e-07 
 3.16227766e+03  2.43305495e-07 
 3.23593657e+03  2.40950020e-07 
 3.31131121e+03  2.38617545e-07 
 3.38844156e+03  2.36307845e-07 
 3.46736850e+03  2.34020698e-07 
 3.54813389e+03  2.31755884e-07 
 3.63078055e+03  2.29513186e-07 
 3.71535229e+03  2.27292388e-07 
 3.80189396e+03  2.25093277e-07 
 3.89045145e+03  2.22915641e-07 
 3.98107171e+03  2.20759271e-07 
 4.07380278e+03  2.18623961e-07 
 4.16869383e+03  2.16509504e-07 
 4.26579519e+03  2.14415697e-07 
 4.36515832e+03  2.12342340e-07 
 4.46683592e+03  2.10289234e-07 
 4.57088190e+03  2.08256181e-07 
 4.67735141e+03  2.06242986e-07 
 4.78630092e+03  2.04249456e-07 
 4.89778819e+03  2.02275399e-07 
 5.01187234e+03  2.00320626e-07 
 5.12861384e+03  1.98384949e-07 
 5.24807460e+03  1.96468182e-07 
 5.37031796e+03  1.94570142e-07 
 5.49540874e+03  1.92690646e-07 
 5.62341325e+03  1.90829514e-07 
 5.75439937e+03  1.88986567e-07 
 5.88843655e+03  1.87161629e-07 
 6.02559586e+03  1.85354524e-07 
 6.16595002e+03  1.83565080e-07 
 6.30957344e+03  1.81793123e-07 
 6.45654229e+03  1.80038485e-07 
 6.60693448e+03  1.78300998e-07 
 6.76082975e+03  1.76580494e-07 
 6.91830971e+03  1.74876809e-07 
 7.07945784e+03  1.73189778e-07 
 7.24435960e+03  1.71519242e-07 
 7.41310241e+03  1.69865038e-07 
 7.58577575e+03  1.68227010e-07 
 7.76247117e+03  1.66604999e-07 
 7.94328235e+03  1.64998851e-07 
 8.12830516e+03  1.63408411e-07 
 8.31763771e+03  1.61833527e-07 
 8.51138038e+03  1.60274048e-07 
 8.70963590e+03  1.58729825e-07 
 8.91250938e+03  1.57200710e-07 
 9.12010839e+03  1.55686556e-07 
 9.33254301e+03  1.54187218e-07 
 9.54992586e+03  1.52702552e-07 
 9.77237221e+03  1.51232417e-07 
 1.00000000e+04  1.49776672e-07 
 1.02329299e+04  1.48335177e-07 
 1.04712855e+04  1.46907794e-07 
 1.07151931e+04  1.45494387e-07 
 1.09647820e+04  1.44094819e-07 
 1.12201845e+04  1.42708958e-07 
 1.14815362e+04  1.41336671e-07 
 1.17489755e+04  1.39977825e-07 
 1.20226443e+04  1.38632292e-07 
 1.23026877e+04  1.37299942e-07 
 1.25892541e+04  1.35980648e-07 
 1.28824955e+04  1.34674284e-07 
 1.31825674e+04  1.33380724e-07 
 1.34896288e+04  1.32099845e-07 
 1.38038426e+04  1.30831524e-07 
 1.41253754e+04  1.29575640e-07 
 1.44543977e+04  1.28332073e-07 
 1.47910839e+04  1.27100703e-07 
 1.51356125e+04  1.25881414e-07 
 1.54881662e+04  1.24674088e-07 
 1.58489319e+04  1.23478611e-07 
 1.62181010e+04  1.22294867e-07 
 1.65958691e+04  1.21122743e-07 
 1.69824365e+04  1.19962128e-07 
 1.73780083e+04  1.18812910e-07 
 1.77827941e+04  1.17674979e-07 
 1.81970086e+04  1.16548228e-07 
 1.86208714e+04  1.15432547e-07 
 1.90546072e+04  1.14327831e-07 
 1.94984460e+04  1.13233974e-07 
 1.99526231e+04  1.12150870e-07 
 2.04173794e+04  1.11078418e-07 
 2.08929613e+04  1.10016514e-07 
 2.13796209e+04  1.08965056e-07 
 2.18776162e+04  1.07923945e-07 
 2.23872114e+04  1.06893080e-07 
 2.29086765e+04  1.05872364e-07 
 2.34422882e+04  1.04861699e-07 
 2.39883292e+04  1.03860987e-07 
 2.45470892e+04  1.02870135e-07 
 2.51188643e+04  1.01889046e-07 
 2.57039578e+04  1.00917627e-07 
 2.63026799e+04  9.99557862e-08 
 2.69153480e+04  9.90034305e-08 
 2.75422870e+04  9.80604694e-08 
 2.81838293e+04  9.71268128e-08 
 2.88403150e+04  9.62023715e-08 
 2.95120923e+04  9.52870572e-08 
 3.01995172e+04  9.43807826e-08 
 3.09029543e+04  9.34834610e-08 
 3.16227766e+04  9.25950067e-08 
 3.23593657e+04  9.17153350e-08 
 3.31131121e+04  9.08443618e-08 
 3.38844156e+04  8.99820039e-08 
 3.46736850e+04  8.91281790e-08 
 3.54813389e+04  8.82828056e-08 
 3.63078055e+04  8.74458030e-08 
 3.71535229e+04  8.66170911e-08 
 3.80189396e+04  8.57965910e-08 
 3.89045145e+04  8.49842242e-08 
 3.98107171e+04  8.41799133e-08 
 4.07380278e+04  8.33835813e-08 
 4.16869383e+04  8.25951523e-08 
 4.26579519e+04  8.18145510e-08 
 4.36515832e+04  8.10417028e-08 
 4.46683592e+04  8.02765340e-08 
 4.57088190e+04  7.95189715e-08 
 4.67735141e+04  7.87689430e-08 
 4.78630092e+04  7.80263769e-08 
 4.89778819e+04  7.72912022e-08 
 5.01187234e+04  7.65633488e-08 
 5.12861384e+04  7.58427471e-08 
 5.24807460e+04  7.51293284e-08 
 5.37031796e+04  7.44230245e-08 
 5.49540874e+04  7.37237681e-08 
 5.62341325e+04  7.30314922e-08 
 5.75439937e+04  7.23461308e-08 
 5.88843655e+04  7.16676185e-08 
 6.02559586e+04  7.09958904e-08 
 6.16595002e+04  7.03308824e-08 
 6.30957344e+04  6.96725309e-08 
 6.45654229e+04  6.90207731e-08 
 6.60693448e+04  6.83755467e-08 
 6.76082975e+04  6.77367901e-08 
 6.91830971e+04  6.71044422e-08 
 7.07945784e+04  6.64784426e-08 
 7.24435960e+04  6.58587315e-08 
 7.41310241e+04  6.52452497e-08 
 7.58577575e+04  6.46379385e-08 
 7.76247117e+04  6.40367399e-08 
 7.94328235e+04  6.34415964e-08 
 8.12830516e+04  6.28524511e-08 
 8.31763771e+04  6.22692477e-08 
 8.51138038e+04  6.16919304e-08 
 8.70963590e+04  6.11204439e-08 
 8.91250938e+04  6.05547337e-08 
 9.12010839e+04  5.99947456e-08 
 9.33254301e+04  5.94404260e-08 
 9.54992586e+04  5.88917218e-08 
 9.77237221e+04  5.83485806e-08 
 1.00000000e+05  5.78109504e-08 
 1.02329299e+05  5.72787795e-08 
 1.04712855e+05  5.67520172e-08 
 1.07151931e+05  5.62306129e-08 
 1.09647820e+05  5.57145167e-08 
 1.12201845e+05  5.52036791e-08 
 1.14815362e+05  5.46980511e-08 
 1.17489755e+05  5.41975843e-08 
 1.20226443e+05  5.37022306e-08 
 1.23026877e+05  5.32119426e-08 
 1.25892541e+05  5.27266731e-08 
 1.28824955e+05  5.22463757e-08 
 1.31825674e+05  5.17710041e-08 
 1.34896288e+05  5.13005128e-08 
 1.38038426e+05  5.08348565e-08 
 1.41253754e+05  5.03739904e-08 
 1.44543977e+05  4.99178703e-08 
 1.47910839e+05  4.94664522e-08 
 1.51356125e+05  4.90196928e-08 
 1.54881662e+05  4.85775490e-08 
 1.58489319e+05  4.81399782e-08 
 1.62181010e+05  4.77069383e-08 
 1.65958691e+05  4.72783876e-08 
 1.69824365e+05  4.68542846e-08 
 1.73780083e+05  4.64345885e-08 
 1.77827941e+05  4.60192588e-08 
 1.81970086e+05  4.56082553e-08 
 1.86208714e+05  4.52015383e-08 
 1.90546072e+05  4.47990685e-08 
 1.94984460e+05  4.44008070e-08 
 1.99526231e+05  4.40067151e-08 
 2.04173794e+05  4.36167548e-08 
 2.08929613e+05  4.32308881e-08 
 2.13796209e+05  4.28490777e-08 
 2.18776162e+05  4.24712864e-08 
 2.23872114e+05  4.20974776e-08 
 2.29086765e+05  4.17276150e-08 
 2.34422882e+05  4.13616625e-08 
 2.39883292e+05  4.09995845e-08 
 2.45470892e+05  4.06413457e-08 
 2.51188643e+05  4.02869111e-08 
 2.57039578e+05  3.99362462e-08 
 2.63026799e+05  3.95893166e-08 
 2.69153480e+05  3.92460884e-08 
 2.75422870e+05  3.89065280e-08 
 2.81838293e+05  3.85706021e-08 
 2.88403150e+05  3.82382778e-08 
 2.95120923e+05  3.79095223e-08 
 3.01995172e+05  3.75843033e-08 
 3.09029543e+05  3.72625888e-08 
 3.16227766e+05  3.69443471e-08 
 3.23593657e+05  3.66295467e-08 
 3.31131121e+05  3.63181566e-08 
 3.38844156e+05  3.60101458e-08 
 3.46736850e+05  3.57054838e-08 
 3.54813389e+05  3.54041405e-08 
 3.63078055e+05  3.51060857e-08 
 3.71535229e+05  3.48112899e-08 
 3.80189396e+05  3.45197236e-08 
 3.89045145e+05  3.42313577e-08 
 3.98107171e+05  3.39461634e-08 
 4.07380278e+05  3.36641119e-08 
 4.16869383e+05  3.33851751e-08 
 4.26579519e+05  3.31093248e-08 
 4.36515832e+05  3.28365332e-08 
 4.46683592e+05  3.25667728e-08 
 4.57088190e+05  3.23000162e-08 
 4.67735141e+05  3.20362365e-08 
 4.78630092e+05  3.17754067e-08 
 4.89778819e+05  3.15175003e-08 
 5.01187234e+05  3.12624910e-08 
 5.12861384e+05  3.10103526e-08 
 5.24807460e+05  3.07610594e-08 
 5.37031796e+05  3.05145856e-08 
 5.49540874e+05  3.02709059e-08 
 5.62341325e+05  3.00299951e-08 
 5.75439937e+05  2.97918282e-08 
 5.88843655e+05  2.95563804e-08 
 6.02559586e+05  2.93236272e-08 
 6.16595002e+05  2.90935443e-08 
 6.30957344e+05  2.88661075e-08 
 6.45654229e+05  2.86412930e-08 
 6.60693448e+05  2.84190770e-08 
 6.76082975e+05  2.81994361e-08 
 6.91830971e+05  2.79823468e-08 
 7.07945784e+05  2.77677862e-08 
 7.24435960e+05  2.75557312e-08 
 7.41310241e+05  2.73461591e-08 
 7.58577575e+05  2.71390473e-08 
 7.76247117e+05  2.69343736e-08 
 7.94328235e+05  2.67321156e-08 
 8.12830516e+05  2.65322514e-08 
 8.31763771e+05  2.63347591e-08 
 8.51138038e+05  2.61396171e-08 
 8.70963590e+05  2.59468039e-08 
 8.91250938e+05  2.57562981e-08 
 9.12010839e+05  2.55680785e-08 
 9.33254301e+05  2.53821243e-08 
 9.54992586e+05  2.51984145e-08 
 9.77237221e+05  2.50169284e-08 
 1.00000000e+06  2.48376455e-08 
 1.02329299e+06  2.46605455e-08 
 1.04712855e+06  2.44856081e-08 
 1.07151931e+06  2.43128133e-08 
 1.09647820e+06  2.41421410e-08 
 1.12201845e+06  2.39735716e-08 
 1.14815362e+06  2.38070854e-08 
 1.17489755e+06  2.36426629e-08 
 1.20226443e+06  2.34802848e-08 
 1.23026877e+06  2.33199317e-08 
 1.25892541e+06  2.31615847e-08 
 1.28824955e+06  2.30052247e-08 
 1.31825674e+06  2.28508329e-08 
 1.34896288e+06  2.26983907e-08 
 1.38038426e+06  2.25478794e-08 
 1.41253754e+06  2.23992807e-08 
 1.44543977e+06  2.22525761e-08 
 1.47910839e+06  2.21077475e-08 
 1.51356125e+06  2.19647768e-08 
 1.54881662e+06  2.18236461e-08 
 1.58489319e+06  2.16843375e-08 
 1.62181010e+06  2.15468332e-08 
 1.65958691e+06  2.14111157e-08 
 1.69824365e+06  2.12771675e-08 
 1.73780083e+06  2.11449711e-08 
 1.77827941e+06  2.10145093e-08 
 1.81970086e+06  2.08857650e-08 
 1.86208714e+06  2.07587210e-08 
 1.90546072e+06  2.06333603e-08 
 1.94984460e+06  2.05096663e-08 
 1.99526231e+06  2.03876220e-08 
 2.04173794e+06  2.02672108e-08 
 2.08929613e+06  2.01484163e-08 
 2.13796209e+06  2.00312220e-08 
 2.18776162e+06  1.99156115e-08 
 2.23872114e+06  1.98015686e-08 
 2.29086765e+06  1.96890771e-08 
 2.34422882e+06  1.95781211e-08 
 2.39883292e+06  1.94686845e-08 
 2.45470892e+06  1.93607516e-08 
 2.51188643e+06  1.92543065e-08 
 2.57039578e+06  1.91493337e-08 
 2.63026799e+06  1.90458175e-08 
 2.69153480e+06  1.89437425e-08 
 2.75422870e+06  1.88430933e-08 
 2.81838293e+06  1.87438546e-08 
 2.88403150e+06  1.86460113e-08 
 2.95120923e+06  1.85495482e-08 
 3.01995172e+06  1.84544504e-08 
 3.09029543e+06  1.83607030e-08 
 3.16227766e+06  1.82682910e-08 
 3.23593657e+06  1.81771999e-08 
 3.31131121e+06  1.80874150e-08 
 3.38844156e+06  1.79989217e-08 
 3.46736850e+06  1.79117056e-08 
 3.54813389e+06  1.78257523e-08 
 3.63078055e+06  1.77410476e-08 
 3.71535229e+06  1.76575772e-08 
 3.80189396e+06  1.75753272e-08 
 3.89045145e+06  1.74942834e-08 
 3.98107171e+06  1.74144321e-08 
 4.07380278e+06  1.73357594e-08 
 4.16869383e+06  1.72582516e-08 
 4.26579519e+06  1.71818950e-08 
 4.36515832e+06  1.71066761e-08 
 4.46683592e+06  1.70325816e-08 
 4.57088190e+06  1.69595979e-08 
 4.67735141e+06  1.68877120e-08 
 4.78630092e+06  1.68169105e-08 
 4.89778819e+06  1.67471806e-08 
 5.01187234e+06  1.66785090e-08 
 5.12861384e+06  1.66108831e-08 
 5.24807460e+06  1.65442900e-08 
 5.37031796e+06  1.64787170e-08 
 5.49540874e+06  1.64141515e-08 
 5.62341325e+06  1.63505810e-08 
 5.75439937e+06  1.62879932e-08 
 5.88843655e+06  1.62263756e-08 
 6.02559586e+06  1.61657161e-08 
 6.16595002e+06  1.61060026e-08 
 6.30957344e+06  1.60472230e-08 
 6.45654229e+06  1.59893654e-08 
 6.60693448e+06  1.59324181e-08 
 6.76082975e+06  1.58763692e-08 
 6.91830971e+06  1.58212071e-08 
 7.07945784e+06  1.57669204e-08 
 7.24435960e+06  1.57134976e-08 
 7.41310241e+06  1.56609273e-08 
 7.58577575e+06  1.56091983e-08 
 7.76247117e+06  1.55582995e-08 
 7.94328235e+06  1.55082200e-08 
 8.12830516e+06  1.54589486e-08 
 8.31763771e+06  1.54104747e-08 
 8.51138038e+06  1.53627875e-08 
 8.70963590e+06  1.53158764e-08 
 8.91250938e+06  1.52697309e-08 
 9.12010839e+06  1.52243405e-08 
 9.33254301e+06  1.51796950e-08 
 9.54992586e+06  1.51357841e-08 
 9.77237221e+06  1.50925978e-08 
 1.00000000e+07  1.50501260e-08 
 1.02329299e+07  1.50083589e-08 
 1.04712855e+07  1.49672867e-08 
 1.07151931e+07  1.49268997e-08 
 1.09647820e+07  1.48871884e-08 
 1.12201845e+07  1.48481432e-08 
 1.14815362e+07  1.48097548e-08 
 1.17489755e+07  1.47720140e-08 
 1.20226443e+07  1.47349116e-08 
 1.23026877e+07  1.46984386e-08 
 1.25892541e+07  1.46625861e-08 
 1.28824955e+07  1.46273452e-08 
 1.31825674e+07  1.45927072e-08 
 1.34896288e+07  1.45586636e-08 
 1.38038426e+07  1.45252058e-08 
 1.41253754e+07  1.44923255e-08 
 1.44543977e+07  1.44600143e-08 
 1.47910839e+07  1.44282642e-08 
 1.51356125e+07  1.43970671e-08 
 1.54881662e+07  1.43664150e-08 
 1.58489319e+07  1.43363001e-08 
 1.62181010e+07  1.43067147e-08 
 1.65958691e+07  1.42776512e-08 
 1.69824365e+07  1.42491021e-08 
 1.73780083e+07  1.42210600e-08 
 1.77827941e+07  1.41935177e-08 
 1.81970086e+07  1.41664679e-08 
 1.86208714e+07  1.41399038e-08 
 1.90546072e+07  1.41138183e-08 
 1.94984460e+07  1.40882046e-08 
 1.99526231e+07  1.40630561e-08 
 2.04173794e+07  1.40383661e-08 
 2.08929613e+07  1.40141283e-08 
 2.13796209e+07  1.39903362e-08 
 2.18776162e+07  1.39669837e-08 
 2.23872114e+07  1.39440647e-08 
 2.29086765e+07  1.39215731e-08 
 2.34422882e+07  1.38995031e-08 
 2.39883292e+07  1.38778490e-08 
 2.45470892e+07  1.38566051e-08 
 2.51188643e+07  1.38357659e-08 
 2.57039578e+07  1.38153262e-08 
 2.63026799e+07  1.37952805e-08 
 2.69153480e+07  1.37756239e-08 
 2.75422870e+07  1.37563513e-08 
 2.81838293e+07  1.37374579e-08 
 2.88403150e+07  1.37189388e-08 
 2.95120923e+07  1.37007896e-08 
 3.01995172e+07  1.36830057e-08 
 3.09029543e+07  1.36655828e-08 
 3.16227766e+07  1.36485168e-08 
 3.23593657e+07  1.36318035e-08 
 3.31131121e+07  1.36154390e-08 
 3.38844156e+07  1.35994196e-08 
 3.46736850e+07  1.35837417e-08 
 3.54813389e+07  1.35684016e-08 
 3.63078055e+07  1.35533962e-08 
 3.71535229e+07  1.35387222e-08 
 3.80189396e+07  1.35243766e-08 
 3.89045145e+07  1.35103564e-08 
 3.98107171e+07  1.34966591e-08 
 4.07380278e+07  1.34832821e-08 
 4.16869383e+07  1.34702228e-08 
 4.26579519e+07  1.34574793e-08 
 4.36515832e+07  1.34450493e-08 
 4.46683592e+07  1.34329310e-08 
 4.57088190e+07  1.34211228e-08 
 4.67735141e+07  1.34096231e-08 
 4.78630092e+07  1.33984307e-08 
 4.89778819e+07  1.33875443e-08 
 5.01187234e+07  1.33769631e-08 
 5.12861384e+07  1.33666864e-08 
 5.24807460e+07  1.33567137e-08 
 5.37031796e+07  1.33470445e-08 
 5.49540874e+07  1.33376790e-08 
 5.62341325e+07  1.33286172e-08 
 5.75439937e+07  1.33198594e-08 
 5.88843655e+07  1.33114064e-08 
 6.02559586e+07  1.33032590e-08 
 6.16595002e+07  1.32954182e-08 
 6.30957344e+07  1.32878854e-08 
 6.45654229e+07  1.32806624e-08 
 6.60693448e+07  1.32737509e-08 
 6.76082975e+07  1.32671531e-08 
 6.91830971e+07  1.32608716e-08 
 7.07945784e+07  1.32549091e-08 
 7.24435960e+07  1.32492687e-08 
 7.41310241e+07  1.32439538e-08 
 7.58577575e+07  1.32389681e-08 
 7.76247117e+07  1.32343156e-08 
 7.94328235e+07  1.32300008e-08 
 8.12830516e+07  1.32260283e-08 
 8.31763771e+07  1.32224034e-08 
 8.51138038e+07  1.32191314e-08 
 8.70963590e+07  1.32162184e-08 
 8.91250938e+07  1.32136705e-08 
 9.12010839e+07  1.32114944e-08 
 9.33254301e+07  1.32096973e-08 
 9.54992586e+07  1.32082866e-08 
 9.77237221e+07  1.32072704e-08 
 1.00000000e+08  1.32066572e-08 
 1.02329299e+08  1.32064557e-08 
 1.04712855e+08  1.32066754e-08 
 1.07151931e+08  1.32073262e-08 
 1.09647820e+08  1.32084184e-08 
 1.12201845e+08  1.32099630e-08 
 1.14815362e+08  1.32119714e-08 
 1.17489755e+08  1.32144555e-08 
 1.20226443e+08  1.32174280e-08 
 1.23026877e+08  1.32209018e-08 
 1.25892541e+08  1.32248906e-08 
 1.28824955e+08  1.32294087e-08 
 1.31825674e+08  1.32344710e-08 
 1.34896288e+08  1.32400927e-08 
 1.38038426e+08  1.32462901e-08 
 1.41253754e+08  1.32530797e-08 
 1.44543977e+08  1.32604789e-08 
 1.47910839e+08  1.32685055e-08 
 1.51356125e+08  1.32771781e-08 
 1.54881662e+08  1.32865159e-08 
 1.58489319e+08  1.32965386e-08 
 1.62181010e+08  1.33072667e-08 
 1.65958691e+08  1.33187212e-08 
 1.69824365e+08  1.33309238e-08 
 1.73780083e+08  1.33438967e-08 
 1.77827941e+08  1.33576628e-08 
 1.81970086e+08  1.33722456e-08 
 1.86208714e+08  1.33876689e-08 
 1.90546072e+08  1.34039574e-08 
 1.94984460e+08  1.34211359e-08 
 1.99526231e+08  1.34392301e-08 
 2.04173794e+08  1.34582658e-08 
 2.08929613e+08  1.34782694e-08 
 2.13796209e+08  1.34992674e-08 
 2.18776162e+08  1.35212869e-08 
 2.23872114e+08  1.35443551e-08 
 2.29086765e+08  1.35684994e-08 
 2.34422882e+08  1.35937471e-08 
 2.39883292e+08  1.36201258e-08 
 2.45470892e+08  1.36476631e-08 
 2.51188643e+08  1.36763860e-08 
 2.57039578e+08  1.37063218e-08 
 2.63026799e+08  1.37374971e-08 
 2.69153480e+08  1.37699381e-08 
 2.75422870e+08  1.38036706e-08 
 2.81838293e+08  1.38387193e-08 
 2.88403150e+08  1.38751086e-08 
 2.95120923e+08  1.39128614e-08 
 3.01995172e+08  1.39519996e-08 
 3.09029543e+08  1.39925441e-08 
 3.16227766e+08  1.40345139e-08 
 3.23593657e+08  1.40779266e-08 
 3.31131121e+08  1.41227980e-08 
 3.38844156e+08  1.41691418e-08 
 3.46736850e+08  1.42169695e-08 
 3.54813389e+08  1.42662905e-08 
 3.63078055e+08  1.43171113e-08 
 3.71535229e+08  1.43694358e-08 
 3.80189396e+08  1.44232649e-08 
 3.89045145e+08  1.44785964e-08 
 3.98107171e+08  1.45354248e-08 
 4.07380278e+08  1.45937410e-08 
 4.16869383e+08  1.46535321e-08 
 4.26579519e+08  1.47147815e-08 
 4.36515832e+08  1.47774685e-08 
 4.46683592e+08  1.48415682e-08 
 4.57088190e+08  1.49070512e-08 
 4.67735141e+08  1.49738838e-08 
 4.78630092e+08  1.50420276e-08 
 4.89778819e+08  1.51114395e-08 
 5.01187234e+08  1.51820717e-08 
 5.12861384e+08  1.52538715e-08 
 5.24807460e+08  1.53267814e-08 
 5.37031796e+08  1.54007389e-08 
 5.49540874e+08  1.54756769e-08 
 5.62341325e+08  1.55515231e-08 
 5.75439937e+08  1.56282007e-08 
 5.88843655e+08  1.57056283e-08 
 6.02559586e+08  1.57837197e-08 
 6.16595002e+08  1.58623847e-08 
 6.30957344e+08  1.59415285e-08 
 6.45654229e+08  1.60210527e-08 
 6.60693448e+08  1.61008547e-08 
 6.76082975e+08  1.61808290e-08 
 6.91830971e+08  1.62608663e-08 
 7.07945784e+08  1.63408548e-08 
 7.24435960e+08  1.64206799e-08 
 7.41310241e+08  1.65002251e-08 
 7.58577575e+08  1.65793717e-08 
 7.76247117e+08  1.66579996e-08 
 7.94328235e+08  1.67359878e-08 
 8.12830516e+08  1.68132143e-08 
 8.31763771e+08  1.68895571e-08 
 8.51138038e+08  1.69648940e-08 
 8.70963590e+08  1.70391034e-08 
 8.91250938e+08  1.71120647e-08 
 9.12010839e+08  1.71836582e-08 
 9.33254301e+08  1.72537660e-08 
 9.54992586e+08  1.73222721e-08 
 9.77237221e+08  1.73890628e-08 
 1.00000000e+09  1.74540267e-08 
