 1.00000000e+00  7.59041134e-06 
 1.02329299e+00  7.51530797e-06 
 1.04712855e+00  7.44095408e-06 
 1.07151931e+00  7.36734211e-06 
 1.09647820e+00  7.29446458e-06 
 1.12201845e+00  7.22231409e-06 
 1.14815362e+00  7.15088331e-06 
 1.17489755e+00  7.08016499e-06 
 1.20226443e+00  7.01015193e-06 
 1.23026877e+00  6.94083705e-06 
 1.25892541e+00  6.87221330e-06 
 1.28824955e+00  6.80427371e-06 
 1.31825674e+00  6.73701141e-06 
 1.34896288e+00  6.67041956e-06 
 1.38038426e+00  6.60449142e-06 
 1.41253754e+00  6.53922031e-06 
 1.44543977e+00  6.47459960e-06 
 1.47910839e+00  6.41062275e-06 
 1.51356125e+00  6.34728328e-06 
 1.54881662e+00  6.28457478e-06 
 1.58489319e+00  6.22249090e-06 
 1.62181010e+00  6.16102534e-06 
 1.65958691e+00  6.10017190e-06 
 1.69824365e+00  6.03992441e-06 
 1.73780083e+00  5.98027678e-06 
 1.77827941e+00  5.92122298e-06 
 1.81970086e+00  5.86275703e-06 
 1.86208714e+00  5.80487303e-06 
 1.90546072e+00  5.74756512e-06 
 1.94984460e+00  5.69082752e-06 
 1.99526231e+00  5.63465449e-06 
 2.04173794e+00  5.57904036e-06 
 2.08929613e+00  5.52397951e-06 
 2.13796209e+00  5.46946639e-06 
 2.18776162e+00  5.41549549e-06 
 2.23872114e+00  5.36206136e-06 
 2.29086765e+00  5.30915862e-06 
 2.34422882e+00  5.25678193e-06 
 2.39883292e+00  5.20492601e-06 
 2.45470892e+00  5.15358562e-06 
 2.51188643e+00  5.10275560e-06 
 2.57039578e+00  5.05243082e-06 
 2.63026799e+00  5.00260622e-06 
 2.69153480e+00  4.95327676e-06 
 2.75422870e+00  4.90443748e-06 
 2.81838293e+00  4.85608348e-06 
 2.88403150e+00  4.80820987e-06 
 2.95120923e+00  4.76081183e-06 
 3.01995172e+00  4.71388461e-06 
 3.09029543e+00  4.66742348e-06 
 3.16227766e+00  4.62142377e-06 
 3.23593657e+00  4.57588084e-06 
 3.31131121e+00  4.53079013e-06 
 3.38844156e+00  4.48614709e-06 
 3.46736850e+00  4.44194725e-06 
 3.54813389e+00  4.39818615e-06 
 3.63078055e+00  4.35485941e-06 
 3.71535229e+00  4.31196268e-06 
 3.80189396e+00  4.26949164e-06 
 3.89045145e+00  4.22744203e-06 
 3.98107171e+00  4.18580964e-06 
 4.07380278e+00  4.14459028e-06 
 4.16869383e+00  4.10377982e-06 
 4.26579519e+00  4.06337416e-06 
 4.36515832e+00  4.02336925e-06 
 4.46683592e+00  3.98376109e-06 
 4.57088190e+00  3.94454570e-06 
 4.67735141e+00  3.90571914e-06 
 4.78630092e+00  3.86727754e-06 
 4.89778819e+00  3.82921704e-06 
 5.01187234e+00  3.79153382e-06 
 5.12861384e+00  3.75422411e-06 
 5.24807460e+00  3.71728419e-06 
 5.37031796e+00  3.68071034e-06 
 5.49540874e+00  3.64449890e-06 
 5.62341325e+00  3.60864627e-06 
 5.75439937e+00  3.57314884e-06 
 5.88843655e+00  3.53800307e-06 
 6.02559586e+00  3.50320545e-06 
 6.16595002e+00  3.46875249e-06 
 6.30957344e+00  3.43464074e-06 
 6.45654229e+00  3.40086681e-06 
 6.60693448e+00  3.36742732e-06 
 6.76082975e+00  3.33431892e-06 
 6.91830971e+00  3.30153831e-06 
 7.07945784e+00  3.26908221e-06 
 7.24435960e+00  3.23694739e-06 
 7.41310241e+00  3.20513064e-06 
 7.58577575e+00  3.17362878e-06 
 7.76247117e+00  3.14243866e-06 
 7.94328235e+00  3.11155718e-06 
 8.12830516e+00  3.08098126e-06 
 8.31763771e+00  3.05070784e-06 
 8.51138038e+00  3.02073391e-06 
 8.70963590e+00  2.99105648e-06 
 8.91250938e+00  2.96167259e-06 
 9.12010839e+00  2.93257932e-06 
 9.33254301e+00  2.90377376e-06 
 9.54992586e+00  2.87525305e-06 
 9.77237221e+00  2.84701434e-06 
 1.00000000e+01  2.81905483e-06 
 1.02329299e+01  2.79137173e-06 
 1.04712855e+01  2.76396228e-06 
 1.07151931e+01  2.73682376e-06 
 1.09647820e+01  2.70995347e-06 
 1.12201845e+01  2.68334873e-06 
 1.14815362e+01  2.65700690e-06 
 1.17489755e+01  2.63092535e-06 
 1.20226443e+01  2.60510151e-06 
 1.23026877e+01  2.57953279e-06 
 1.25892541e+01  2.55421665e-06 
 1.28824955e+01  2.52915059e-06 
 1.31825674e+01  2.50433211e-06 
 1.34896288e+01  2.47975875e-06 
 1.38038426e+01  2.45542806e-06 
 1.41253754e+01  2.43133763e-06 
 1.44543977e+01  2.40748507e-06 
 1.47910839e+01  2.38386800e-06 
 1.51356125e+01  2.36048410e-06 
 1.54881662e+01  2.33733103e-06 
 1.58489319e+01  2.31440650e-06 
 1.62181010e+01  2.29170824e-06 
 1.65958691e+01  2.26923399e-06 
 1.69824365e+01  2.24698153e-06 
 1.73780083e+01  2.22494864e-06 
 1.77827941e+01  2.20313316e-06 
 1.81970086e+01  2.18153291e-06 
 1.86208714e+01  2.16014575e-06 
 1.90546072e+01  2.13896957e-06 
 1.94984460e+01  2.11800227e-06 
 1.99526231e+01  2.09724177e-06 
 2.04173794e+01  2.07668602e-06 
 2.08929613e+01  2.05633298e-06 
 2.13796209e+01  2.03618064e-06 
 2.18776162e+01  2.01622700e-06 
 2.23872114e+01  1.99647009e-06 
 2.29086765e+01  1.97690796e-06 
 2.34422882e+01  1.95753866e-06 
 2.39883292e+01  1.93836029e-06 
 2.45470892e+01  1.91937095e-06 
 2.51188643e+01  1.90056876e-06 
 2.57039578e+01  1.88195187e-06 
 2.63026799e+01  1.86351842e-06 
 2.69153480e+01  1.84526661e-06 
 2.75422870e+01  1.82719463e-06 
 2.81838293e+01  1.80930069e-06 
 2.88403150e+01  1.79158303e-06 
 2.95120923e+01  1.77403989e-06 
 3.01995172e+01  1.75666955e-06 
 3.09029543e+01  1.73947030e-06 
 3.16227766e+01  1.72244042e-06 
 3.23593657e+01  1.70557825e-06 
 3.31131121e+01  1.68888212e-06 
 3.38844156e+01  1.67235039e-06 
 3.46736850e+01  1.65598141e-06 
 3.54813389e+01  1.63977359e-06 
 3.63078055e+01  1.62372532e-06 
 3.71535229e+01  1.60783501e-06 
 3.80189396e+01  1.59210111e-06 
 3.89045145e+01  1.57652206e-06 
 3.98107171e+01  1.56109633e-06 
 4.07380278e+01  1.54582240e-06 
 4.16869383e+01  1.53069876e-06 
 4.26579519e+01  1.51572393e-06 
 4.36515832e+01  1.50089642e-06 
 4.46683592e+01  1.48621479e-06 
 4.57088190e+01  1.47167758e-06 
 4.67735141e+01  1.45728337e-06 
 4.78630092e+01  1.44303074e-06 
 4.89778819e+01  1.42891828e-06 
 5.01187234e+01  1.41494461e-06 
 5.12861384e+01  1.40110836e-06 
 5.24807460e+01  1.38740816e-06 
 5.37031796e+01  1.37384267e-06 
 5.49540874e+01  1.36041055e-06 
 5.62341325e+01  1.34711048e-06 
 5.75439937e+01  1.33394116e-06 
 5.88843655e+01  1.32090129e-06 
 6.02559586e+01  1.30798959e-06 
 6.16595002e+01  1.29520479e-06 
 6.30957344e+01  1.28254564e-06 
 6.45654229e+01  1.27001090e-06 
 6.60693448e+01  1.25759933e-06 
 6.76082975e+01  1.24530971e-06 
 6.91830971e+01  1.23314085e-06 
 7.07945784e+01  1.22109154e-06 
 7.24435960e+01  1.20916060e-06 
 7.41310241e+01  1.19734686e-06 
 7.58577575e+01  1.18564917e-06 
 7.76247117e+01  1.17406637e-06 
 7.94328235e+01  1.16259734e-06 
 8.12830516e+01  1.15124094e-06 
 8.31763771e+01  1.13999606e-06 
 8.51138038e+01  1.12886160e-06 
 8.70963590e+01  1.11783648e-06 
 8.91250938e+01  1.10691960e-06 
 9.12010839e+01  1.09610990e-06 
 9.33254301e+01  1.08540632e-06 
 9.54992586e+01  1.07480782e-06 
 9.77237221e+01  1.06431334e-06 
 1.00000000e+02  1.05392188e-06 
 1.02329299e+02  1.04363241e-06 
 1.04712855e+02  1.03344392e-06 
 1.07151931e+02  1.02335541e-06 
 1.09647820e+02  1.01336590e-06 
 1.12201845e+02  1.00347442e-06 
 1.14815362e+02  9.93679983e-07 
 1.17489755e+02  9.83981645e-07 
 1.20226443e+02  9.74378454e-07 
 1.23026877e+02  9.64869470e-07 
 1.25892541e+02  9.55453765e-07 
 1.28824955e+02  9.46130417e-07 
 1.31825674e+02  9.36898516e-07 
 1.34896288e+02  9.27757159e-07 
 1.38038426e+02  9.18705453e-07 
 1.41253754e+02  9.09742513e-07 
 1.44543977e+02  9.00867464e-07 
 1.47910839e+02  8.92079440e-07 
 1.51356125e+02  8.83377582e-07 
 1.54881662e+02  8.74761039e-07 
 1.58489319e+02  8.66228972e-07 
 1.62181010e+02  8.57780547e-07 
 1.65958691e+02  8.49414940e-07 
 1.69824365e+02  8.41131333e-07 
 1.73780083e+02  8.32928920e-07 
 1.77827941e+02  8.24806899e-07 
 1.81970086e+02  8.16764478e-07 
 1.86208714e+02  8.08800873e-07 
 1.90546072e+02  8.00915307e-07 
 1.94984460e+02  7.93107012e-07 
 1.99526231e+02  7.85375226e-07 
 2.04173794e+02  7.77719194e-07 
 2.08929613e+02  7.70138172e-07 
 2.13796209e+02  7.62631420e-07 
 2.18776162e+02  7.55198207e-07 
 2.23872114e+02  7.47837808e-07 
 2.29086765e+02  7.40549506e-07 
 2.34422882e+02  7.33332592e-07 
 2.39883292e+02  7.26186363e-07 
 2.45470892e+02  7.19110122e-07 
 2.51188643e+02  7.12103181e-07 
 2.57039578e+02  7.05164858e-07 
 2.63026799e+02  6.98294477e-07 
 2.69153480e+02  6.91491369e-07 
 2.75422870e+02  6.84754872e-07 
 2.81838293e+02  6.78084332e-07 
 2.88403150e+02  6.71479098e-07 
 2.95120923e+02  6.64938529e-07 
 3.01995172e+02  6.58461988e-07 
 3.09029543e+02  6.52048846e-07 
 3.16227766e+02  6.45698478e-07 
 3.23593657e+02  6.39410267e-07 
 3.31131121e+02  6.33183603e-07 
 3.38844156e+02  6.27017879e-07 
 3.46736850e+02  6.20912496e-07 
 3.54813389e+02  6.14866862e-07 
 3.63078055e+02  6.08880389e-07 
 3.71535229e+02  6.02952494e-07 
 3.80189396e+02  5.97082603e-07 
 3.89045145e+02  5.91270145e-07 
 3.98107171e+02  5.85514555e-07 
 4.07380278e+02  5.79815275e-07 
 4.16869383e+02  5.74171752e-07 
 4.26579519e+02  5.68583437e-07 
 4.36515832e+02  5.63049787e-07 
 4.46683592e+02  5.57570267e-07 
 4.57088190e+02  5.52144344e-07 
 4.67735141e+02  5.46771491e-07 
 4.78630092e+02  5.41451188e-07 
 4.89778819e+02  5.36182917e-07 
 5.01187234e+02  5.30966169e-07 
 5.12861384e+02  5.25800437e-07 
 5.24807460e+02  5.20685221e-07 
 5.37031796e+02  5.15620023e-07 
 5.49540874e+02  5.10604354e-07 
 5.62341325e+02  5.05637726e-07 
 5.75439937e+02  5.00719659e-07 
 5.88843655e+02  4.95849676e-07 
 6.02559586e+02  4.91027305e-07 
 6.16595002e+02  4.86252078e-07 
 6.30957344e+02  4.81523533e-07 
 6.45654229e+02  4.76841212e-07 
 6.60693448e+02  4.72204662e-07 
 6.76082975e+02  4.67613433e-07 
 6.91830971e+02  4.63067080e-07 
 7.07945784e+02  4.58565164e-07 
 7.24435960e+02  4.54107249e-07 
 7.41310241e+02  4.49692902e-07 
 7.58577575e+02  4.45321698e-07 
 7.76247117e+02  4.40993212e-07 
 7.94328235e+02  4.36707025e-07 
 8.12830516e+02  4.32462724e-07 
 8.31763771e+02  4.28259898e-07 
 8.51138038e+02  4.24098139e-07 
 8.70963590e+02  4.19977045e-07 
 8.91250938e+02  4.15896218e-07 
 9.12010839e+02  4.11855264e-07 
 9.33254301e+02  4.07853790e-07 
 9.54992586e+02  4.03891411e-07 
 9.77237221e+02  3.99967743e-07 
 1.00000000e+03  3.96082407e-07 
 1.02329299e+03  3.92235028e-07 
 1.04712855e+03  3.88425234e-07 
 1.07151931e+03  3.84652656e-07 
 1.09647820e+03  3.80916930e-07 
 1.12201845e+03  3.77217695e-07 
 1.14815362e+03  3.73554593e-07 
 1.17489755e+03  3.69927272e-07 
 1.20226443e+03  3.66335380e-07 
 1.23026877e+03  3.62778571e-07 
 1.25892541e+03  3.59256502e-07 
 1.28824955e+03  3.55768831e-07 
 1.31825674e+03  3.52315223e-07 
 1.34896288e+03  3.48895344e-07 
 1.38038426e+03  3.45508865e-07 
 1.41253754e+03  3.42155457e-07 
 1.44543977e+03  3.38834798e-07 
 1.47910839e+03  3.35546567e-07 
 1.51356125e+03  3.32290447e-07 
 1.54881662e+03  3.29066125e-07 
 1.58489319e+03  3.25873287e-07 
 1.62181010e+03  3.22711628e-07 
 1.65958691e+03  3.19580842e-07 
 1.69824365e+03  3.16480627e-07 
 1.73780083e+03  3.13410684e-07 
 1.77827941e+03  3.10370717e-07 
 1.81970086e+03  3.07360433e-07 
 1.86208714e+03  3.04379542e-07 
 1.90546072e+03  3.01427757e-07 
 1.94984460e+03  2.98504793e-07 
 1.99526231e+03  2.95610369e-07 
 2.04173794e+03  2.92744205e-07 
 2.08929613e+03  2.89906026e-07 
 2.13796209e+03  2.87095558e-07 
 2.18776162e+03  2.84312531e-07 
 2.23872114e+03  2.81556675e-07 
 2.29086765e+03  2.78827727e-07 
 2.34422882e+03  2.76125423e-07 
 2.39883292e+03  2.73449503e-07 
 2.45470892e+03  2.70799709e-07 
 2.51188643e+03  2.68175787e-07 
 2.57039578e+03  2.65577483e-07 
 2.63026799e+03  2.63004548e-07 
 2.69153480e+03  2.60456734e-07 
 2.75422870e+03  2.57933796e-07 
 2.81838293e+03  2.55435491e-07 
 2.88403150e+03  2.52961578e-07 
 2.95120923e+03  2.50511820e-07 
 3.01995172e+03  2.48085982e-07 
 3.09029543e+03  2.45683829e-07 
 3.16227766e+03  2.43305131e-07 
 3.23593657e+03  2.40949658e-07 
 3.31131121e+03  2.38617186e-07 
 3.38844156e+03  2.36307488e-07 
 3.46736850e+03  2.34020344e-07 
 3.54813389e+03  2.31755533e-07 
 3.63078055e+03  2.29512837e-07 
 3.71535229e+03  2.27292042e-07 
 3.80189396e+03  2.25092933e-07 
 3.89045145e+03  2.22915300e-07 
 3.98107171e+03  2.20758932e-07 
 4.07380278e+03  2.18623624e-07 
 4.16869383e+03  2.16509169e-07 
 4.26579519e+03  2.14415365e-07 
 4.36515832e+03  2.12342010e-07 
 4.46683592e+03  2.10288906e-07 
 4.57088190e+03  2.08255855e-07 
 4.67735141e+03  2.06242662e-07 
 4.78630092e+03  2.04249134e-07 
 4.89778819e+03  2.02275079e-07 
 5.01187234e+03  2.00320308e-07 
 5.12861384e+03  1.98384632e-07 
 5.24807460e+03  1.96467868e-07 
 5.37031796e+03  1.94569829e-07 
 5.49540874e+03  1.92690335e-07 
 5.62341325e+03  1.90829204e-07 
 5.75439937e+03  1.88986259e-07 
 5.88843655e+03  1.87161323e-07 
 6.02559586e+03  1.85354219e-07 
 6.16595002e+03  1.83564776e-07 
 6.30957344e+03  1.81792821e-07 
 6.45654229e+03  1.80038185e-07 
 6.60693448e+03  1.78300699e-07 
 6.76082975e+03  1.76580196e-07 
 6.91830971e+03  1.74876512e-07 
 7.07945784e+03  1.73189483e-07 
 7.24435960e+03  1.71518947e-07 
 7.41310241e+03  1.69864745e-07 
 7.58577575e+03  1.68226718e-07 
 7.76247117e+03  1.66604708e-07 
 7.94328235e+03  1.64998561e-07 
 8.12830516e+03  1.63408122e-07 
 8.31763771e+03  1.61833239e-07 
 8.51138038e+03  1.60273761e-07 
 8.70963590e+03  1.58729539e-07 
 8.91250938e+03  1.57200424e-07 
 9.12010839e+03  1.55686271e-07 
 9.33254301e+03  1.54186934e-07 
 9.54992586e+03  1.52702269e-07 
 9.77237221e+03  1.51232135e-07 
 1.00000000e+04  1.49776390e-07 
 1.02329299e+04  1.48334895e-07 
 1.04712855e+04  1.46907513e-07 
 1.07151931e+04  1.45494106e-07 
 1.09647820e+04  1.44094539e-07 
 1.12201845e+04  1.42708679e-07 
 1.14815362e+04  1.41336391e-07 
 1.17489755e+04  1.39977546e-07 
 1.20226443e+04  1.38632014e-07 
 1.23026877e+04  1.37299664e-07 
 1.25892541e+04  1.35980370e-07 
 1.28824955e+04  1.34674006e-07 
 1.31825674e+04  1.33380446e-07 
 1.34896288e+04  1.32099567e-07 
 1.38038426e+04  1.30831246e-07 
 1.41253754e+04  1.29575363e-07 
 1.44543977e+04  1.28331796e-07 
 1.47910839e+04  1.27100426e-07 
 1.51356125e+04  1.25881137e-07 
 1.54881662e+04  1.24673811e-07 
 1.58489319e+04  1.23478333e-07 
 1.62181010e+04  1.22294589e-07 
 1.65958691e+04  1.21122465e-07 
 1.69824365e+04  1.19961850e-07 
 1.73780083e+04  1.18812632e-07 
 1.77827941e+04  1.17674701e-07 
 1.81970086e+04  1.16547949e-07 
 1.86208714e+04  1.15432268e-07 
 1.90546072e+04  1.14327552e-07 
 1.94984460e+04  1.13233694e-07 
 1.99526231e+04  1.12150590e-07 
 2.04173794e+04  1.11078137e-07 
 2.08929613e+04  1.10016233e-07 
 2.13796209e+04  1.08964775e-07 
 2.18776162e+04  1.07923663e-07 
 2.23872114e+04  1.06892798e-07 
 2.29086765e+04  1.05872081e-07 
 2.34422882e+04  1.04861415e-07 
 2.39883292e+04  1.03860703e-07 
 2.45470892e+04  1.02869849e-07 
 2.51188643e+04  1.01888760e-07 
 2.57039578e+04  1.00917341e-07 
 2.63026799e+04  9.99554986e-08 
 2.69153480e+04  9.90031421e-08 
 2.75422870e+04  9.80601801e-08 
 2.81838293e+04  9.71265225e-08 
 2.88403150e+04  9.62020803e-08 
 2.95120923e+04  9.52867651e-08 
 3.01995172e+04  9.43804894e-08 
 3.09029543e+04  9.34831668e-08 
 3.16227766e+04  9.25947114e-08 
 3.23593657e+04  9.17150386e-08 
 3.31131121e+04  9.08440642e-08 
 3.38844156e+04  8.99817052e-08 
 3.46736850e+04  8.91278791e-08 
 3.54813389e+04  8.82825045e-08 
 3.63078055e+04  8.74455006e-08 
 3.71535229e+04  8.66167875e-08 
 3.80189396e+04  8.57962860e-08 
 3.89045145e+04  8.49839179e-08 
 3.98107171e+04  8.41796055e-08 
 4.07380278e+04  8.33832721e-08 
 4.16869383e+04  8.25948417e-08 
 4.26579519e+04  8.18142389e-08 
 4.36515832e+04  8.10413892e-08 
 4.46683592e+04  8.02762188e-08 
 4.57088190e+04  7.95186548e-08 
 4.67735141e+04  7.87686247e-08 
 4.78630092e+04  7.80260569e-08 
 4.89778819e+04  7.72908805e-08 
 5.01187234e+04  7.65630254e-08 
 5.12861384e+04  7.58424220e-08 
 5.24807460e+04  7.51290015e-08 
 5.37031796e+04  7.44226959e-08 
 5.49540874e+04  7.37234376e-08 
 5.62341325e+04  7.30311598e-08 
 5.75439937e+04  7.23457965e-08 
 5.88843655e+04  7.16672823e-08 
 6.02559586e+04  7.09955522e-08 
 6.16595002e+04  7.03305422e-08 
 6.30957344e+04  6.96721887e-08 
 6.45654229e+04  6.90204289e-08 
 6.60693448e+04  6.83752004e-08 
 6.76082975e+04  6.77364416e-08 
 6.91830971e+04  6.71040916e-08 
 7.07945784e+04  6.64780898e-08 
 7.24435960e+04  6.58583765e-08 
 7.41310241e+04  6.52448925e-08 
 7.58577575e+04  6.46375790e-08 
 7.76247117e+04  6.40363781e-08 
 7.94328235e+04  6.34412323e-08 
 8.12830516e+04  6.28520846e-08 
 8.31763771e+04  6.22688788e-08 
 8.51138038e+04  6.16915590e-08 
 8.70963590e+04  6.11200701e-08 
 8.91250938e+04  6.05543574e-08 
 9.12010839e+04  5.99943667e-08 
 9.33254301e+04  5.94400446e-08 
 9.54992586e+04  5.88913378e-08 
 9.77237221e+04  5.83481940e-08 
 1.00000000e+05  5.78105611e-08 
 1.02329299e+05  5.72783875e-08 
 1.04712855e+05  5.67516225e-08 
 1.07151931e+05  5.62302154e-08 
 1.09647820e+05  5.57141164e-08 
 1.12201845e+05  5.52032760e-08 
 1.14815362e+05  5.46976451e-08 
 1.17489755e+05  5.41971754e-08 
 1.20226443e+05  5.37018189e-08 
 1.23026877e+05  5.32115279e-08 
 1.25892541e+05  5.27262555e-08 
 1.28824955e+05  5.22459550e-08 
 1.31825674e+05  5.17705804e-08 
 1.34896288e+05  5.13000860e-08 
 1.38038426e+05  5.08344266e-08 
 1.41253754e+05  5.03735574e-08 
 1.44543977e+05  4.99174341e-08 
 1.47910839e+05  4.94660128e-08 
 1.51356125e+05  4.90192502e-08 
 1.54881662e+05  4.85771031e-08 
 1.58489319e+05  4.81395290e-08 
 1.62181010e+05  4.77064858e-08 
 1.65958691e+05  4.72779317e-08 
 1.69824365e+05  4.68538254e-08 
 1.73780083e+05  4.64341259e-08 
 1.77827941e+05  4.60187927e-08 
 1.81970086e+05  4.56077857e-08 
 1.86208714e+05  4.52010652e-08 
 1.90546072e+05  4.47985919e-08 
 1.94984460e+05  4.44003268e-08 
 1.99526231e+05  4.40062313e-08 
 2.04173794e+05  4.36162673e-08 
 2.08929613e+05  4.32303970e-08 
 2.13796209e+05  4.28485829e-08 
 2.18776162e+05  4.24707880e-08 
 2.23872114e+05  4.20969754e-08 
 2.29086765e+05  4.17271090e-08 
 2.34422882e+05  4.13611527e-08 
 2.39883292e+05  4.09990709e-08 
 2.45470892e+05  4.06408282e-08 
 2.51188643e+05  4.02863898e-08 
 2.57039578e+05  3.99357210e-08 
 2.63026799e+05  3.95887874e-08 
 2.69153480e+05  3.92455553e-08 
 2.75422870e+05  3.89059910e-08 
 2.81838293e+05  3.85700611e-08 
 2.88403150e+05  3.82377327e-08 
 2.95120923e+05  3.79089731e-08 
 3.01995172e+05  3.75837501e-08 
 3.09029543e+05  3.72620315e-08 
 3.16227766e+05  3.69437856e-08 
 3.23593657e+05  3.66289811e-08 
 3.31131121e+05  3.63175868e-08 
 3.38844156e+05  3.60095718e-08 
 3.46736850e+05  3.57049056e-08 
 3.54813389e+05  3.54035580e-08 
 3.63078055e+05  3.51054990e-08 
 3.71535229e+05  3.48106989e-08 
 3.80189396e+05  3.45191283e-08 
 3.89045145e+05  3.42307581e-08 
 3.98107171e+05  3.39455594e-08 
 4.07380278e+05  3.36635037e-08 
 4.16869383e+05  3.33845625e-08 
 4.26579519e+05  3.31087078e-08 
 4.36515832e+05  3.28359118e-08 
 4.46683592e+05  3.25661470e-08 
 4.57088190e+05  3.22993861e-08 
 4.67735141e+05  3.20356019e-08 
 4.78630092e+05  3.17747676e-08 
 4.89778819e+05  3.15168568e-08 
 5.01187234e+05  3.12618431e-08 
 5.12861384e+05  3.10097003e-08 
 5.24807460e+05  3.07604026e-08 
 5.37031796e+05  3.05139243e-08 
 5.49540874e+05  3.02702402e-08 
 5.62341325e+05  3.00293248e-08 
 5.75439937e+05  2.97911534e-08 
 5.88843655e+05  2.95557011e-08 
 6.02559586e+05  2.93229435e-08 
 6.16595002e+05  2.90928561e-08 
 6.30957344e+05  2.88654149e-08 
 6.45654229e+05  2.86405959e-08 
 6.60693448e+05  2.84183755e-08 
 6.76082975e+05  2.81987301e-08 
 6.91830971e+05  2.79816364e-08 
 7.07945784e+05  2.77670713e-08 
 7.24435960e+05  2.75550119e-08 
 7.41310241e+05  2.73454354e-08 
 7.58577575e+05  2.71383193e-08 
 7.76247117e+05  2.69336411e-08 
 7.94328235e+05  2.67313788e-08 
 8.12830516e+05  2.65315103e-08 
 8.31763771e+05  2.63340137e-08 
 8.51138038e+05  2.61388675e-08 
 8.70963590e+05  2.59460500e-08 
 8.91250938e+05  2.57555400e-08 
 9.12010839e+05  2.55673163e-08 
 9.33254301e+05  2.53813579e-08 
 9.54992586e+05  2.51976440e-08 
 9.77237221e+05  2.50161539e-08 
 1.00000000e+06  2.48368671e-08 
 1.02329299e+06  2.46597631e-08 
 1.04712855e+06  2.44848218e-08 
 1.07151931e+06  2.43120231e-08 
 1.09647820e+06  2.41413471e-08 
 1.12201845e+06  2.39727739e-08 
 1.14815362e+06  2.38062841e-08 
 1.17489755e+06  2.36418580e-08 
 1.20226443e+06  2.34794762e-08 
 1.23026877e+06  2.33191197e-08 
 1.25892541e+06  2.31607693e-08 
 1.28824955e+06  2.30044060e-08 
 1.31825674e+06  2.28500110e-08 
 1.34896288e+06  2.26975656e-08 
 1.38038426e+06  2.25470513e-08 
 1.41253754e+06  2.23984496e-08 
 1.44543977e+06  2.22517422e-08 
 1.47910839e+06  2.21069109e-08 
 1.51356125e+06  2.19639376e-08 
 1.54881662e+06  2.18228043e-08 
 1.58489319e+06  2.16834933e-08 
 1.62181010e+06  2.15459868e-08 
 1.65958691e+06  2.14102672e-08 
 1.69824365e+06  2.12763169e-08 
 1.73780083e+06  2.11441187e-08 
 1.77827941e+06  2.10136552e-08 
 1.81970086e+06  2.08849093e-08 
 1.86208714e+06  2.07578639e-08 
 1.90546072e+06  2.06325020e-08 
 1.94984460e+06  2.05088069e-08 
 1.99526231e+06  2.03867617e-08 
 2.04173794e+06  2.02663499e-08 
 2.08929613e+06  2.01475549e-08 
 2.13796209e+06  2.00303603e-08 
 2.18776162e+06  1.99147497e-08 
 2.23872114e+06  1.98007069e-08 
 2.29086765e+06  1.96882159e-08 
 2.34422882e+06  1.95772604e-08 
 2.39883292e+06  1.94678247e-08 
 2.45470892e+06  1.93598929e-08 
 2.51188643e+06  1.92534492e-08 
 2.57039578e+06  1.91484779e-08 
 2.63026799e+06  1.90449637e-08 
 2.69153480e+06  1.89428909e-08 
 2.75422870e+06  1.88422442e-08 
 2.81838293e+06  1.87430084e-08 
 2.88403150e+06  1.86451682e-08 
 2.95120923e+06  1.85487087e-08 
 3.01995172e+06  1.84536147e-08 
 3.09029543e+06  1.83598715e-08 
 3.16227766e+06  1.82674642e-08 
 3.23593657e+06  1.81763781e-08 
 3.31131121e+06  1.80865986e-08 
 3.38844156e+06  1.79981111e-08 
 3.46736850e+06  1.79109013e-08 
 3.54813389e+06  1.78249547e-08 
 3.63078055e+06  1.77402572e-08 
 3.71535229e+06  1.76567946e-08 
 3.80189396e+06  1.75745528e-08 
 3.89045145e+06  1.74935178e-08 
 3.98107171e+06  1.74136758e-08 
 4.07380278e+06  1.73350129e-08 
 4.16869383e+06  1.72575156e-08 
 4.26579519e+06  1.71811700e-08 
 4.36515832e+06  1.71059629e-08 
 4.46683592e+06  1.70318807e-08 
 4.57088190e+06  1.69589101e-08 
 4.67735141e+06  1.68870379e-08 
 4.78630092e+06  1.68162510e-08 
 4.89778819e+06  1.67465363e-08 
 5.01187234e+06  1.66778808e-08 
 5.12861384e+06  1.66102718e-08 
 5.24807460e+06  1.65436964e-08 
 5.37031796e+06  1.64781420e-08 
 5.49540874e+06  1.64135961e-08 
 5.62341325e+06  1.63500461e-08 
 5.75439937e+06  1.62874797e-08 
 5.88843655e+06  1.62258846e-08 
 6.02559586e+06  1.61652487e-08 
 6.16595002e+06  1.61055599e-08 
 6.30957344e+06  1.60468062e-08 
 6.45654229e+06  1.59889757e-08 
 6.60693448e+06  1.59320566e-08 
 6.76082975e+06  1.58760373e-08 
 6.91830971e+06  1.58209062e-08 
 7.07945784e+06  1.57666518e-08 
 7.24435960e+06  1.57132627e-08 
 7.41310241e+06  1.56607277e-08 
 7.58577575e+06  1.56090356e-08 
 7.76247117e+06  1.55581753e-08 
 7.94328235e+06  1.55081359e-08 
 8.12830516e+06  1.54589065e-08 
 8.31763771e+06  1.54104763e-08 
 8.51138038e+06  1.53628348e-08 
 8.70963590e+06  1.53159713e-08 
 8.91250938e+06  1.52698754e-08 
 9.12010839e+06  1.52245369e-08 
 9.33254301e+06  1.51799454e-08 
 9.54992586e+06  1.51360909e-08 
 9.77237221e+06  1.50929633e-08 
 1.00000000e+07  1.50505528e-08 
 1.02329299e+07  1.50088496e-08 
 1.04712855e+07  1.49678439e-08 
 1.07151931e+07  1.49275263e-08 
 1.09647820e+07  1.48878873e-08 
 1.12201845e+07  1.48489175e-08 
 1.14815362e+07  1.48106076e-08 
 1.17489755e+07  1.47729487e-08 
 1.20226443e+07  1.47359316e-08 
 1.23026877e+07  1.46995475e-08 
 1.25892541e+07  1.46637875e-08 
 1.28824955e+07  1.46286431e-08 
 1.31825674e+07  1.45941057e-08 
 1.34896288e+07  1.45601668e-08 
 1.38038426e+07  1.45268182e-08 
 1.41253754e+07  1.44940516e-08 
 1.44543977e+07  1.44618589e-08 
 1.47910839e+07  1.44302322e-08 
 1.51356125e+07  1.43991637e-08 
 1.54881662e+07  1.43686456e-08 
 1.58489319e+07  1.43386703e-08 
 1.62181010e+07  1.43092303e-08 
 1.65958691e+07  1.42803183e-08 
 1.69824365e+07  1.42519271e-08 
 1.73780083e+07  1.42240495e-08 
 1.77827941e+07  1.41966785e-08 
 1.81970086e+07  1.41698074e-08 
 1.86208714e+07  1.41434293e-08 
 1.90546072e+07  1.41175377e-08 
 1.94984460e+07  1.40921260e-08 
 1.99526231e+07  1.40671880e-08 
 2.04173794e+07  1.40427174e-08 
 2.08929613e+07  1.40187081e-08 
 2.13796209e+07  1.39951542e-08 
 2.18776162e+07  1.39720499e-08 
 2.23872114e+07  1.39493896e-08 
 2.29086765e+07  1.39271675e-08 
 2.34422882e+07  1.39053785e-08 
 2.39883292e+07  1.38840172e-08 
 2.45470892e+07  1.38630785e-08 
 2.51188643e+07  1.38425575e-08 
 2.57039578e+07  1.38224493e-08 
 2.63026799e+07  1.38027493e-08 
 2.69153480e+07  1.37834529e-08 
 2.75422870e+07  1.37645558e-08 
 2.81838293e+07  1.37460538e-08 
 2.88403150e+07  1.37279428e-08 
 2.95120923e+07  1.37102190e-08 
 3.01995172e+07  1.36928786e-08 
 3.09029543e+07  1.36759181e-08 
 3.16227766e+07  1.36593341e-08 
 3.23593657e+07  1.36431233e-08 
 3.31131121e+07  1.36272828e-08 
 3.38844156e+07  1.36118097e-08 
 3.46736850e+07  1.35967014e-08 
 3.54813389e+07  1.35819553e-08 
 3.63078055e+07  1.35675692e-08 
 3.71535229e+07  1.35535409e-08 
 3.80189396e+07  1.35398686e-08 
 3.89045145e+07  1.35265507e-08 
 3.98107171e+07  1.35135855e-08 
 4.07380278e+07  1.35009719e-08 
 4.16869383e+07  1.34887089e-08 
 4.26579519e+07  1.34767957e-08 
 4.36515832e+07  1.34652315e-08 
 4.46683592e+07  1.34540161e-08 
 4.57088190e+07  1.34431495e-08 
 4.67735141e+07  1.34326317e-08 
 4.78630092e+07  1.34224631e-08 
 4.89778819e+07  1.34126445e-08 
 5.01187234e+07  1.34031769e-08 
 5.12861384e+07  1.33940613e-08 
 5.24807460e+07  1.33852994e-08 
 5.37031796e+07  1.33768929e-08 
 5.49540874e+07  1.33688440e-08 
 5.62341325e+07  1.33611551e-08 
 5.75439937e+07  1.33538290e-08 
 5.88843655e+07  1.33468687e-08 
 6.02559586e+07  1.33402777e-08 
 6.16595002e+07  1.33340596e-08 
 6.30957344e+07  1.33282188e-08 
 6.45654229e+07  1.33227596e-08 
 6.60693448e+07  1.33176870e-08 
 6.76082975e+07  1.33130062e-08 
 6.91830971e+07  1.33087228e-08 
 7.07945784e+07  1.33048431e-08 
 7.24435960e+07  1.33013735e-08 
 7.41310241e+07  1.32983210e-08 
 7.58577575e+07  1.32956930e-08 
 7.76247117e+07  1.32934974e-08 
 7.94328235e+07  1.32917425e-08 
 8.12830516e+07  1.32904372e-08 
 8.31763771e+07  1.32895907e-08 
 8.51138038e+07  1.32892130e-08 
 8.70963590e+07  1.32893145e-08 
 8.91250938e+07  1.32899059e-08 
 9.12010839e+07  1.32909988e-08 
 9.33254301e+07  1.32926053e-08 
 9.54992586e+07  1.32947379e-08 
 9.77237221e+07  1.32974097e-08 
 1.00000000e+08  1.33006344e-08 
 1.02329299e+08  1.33044266e-08 
 1.04712855e+08  1.33088011e-08 
 1.07151931e+08  1.33137735e-08 
 1.09647820e+08  1.33193601e-08 
 1.12201845e+08  1.33255777e-08 
 1.14815362e+08  1.33324438e-08 
 1.17489755e+08  1.33399765e-08 
 1.20226443e+08  1.33481947e-08 
 1.23026877e+08  1.33571177e-08 
 1.25892541e+08  1.33667656e-08 
 1.28824955e+08  1.33771591e-08 
 1.31825674e+08  1.33883196e-08 
 1.34896288e+08  1.34002690e-08 
 1.38038426e+08  1.34130298e-08 
 1.41253754e+08  1.34266254e-08 
 1.44543977e+08  1.34410794e-08 
 1.47910839e+08  1.34564160e-08 
 1.51356125e+08  1.34726602e-08 
 1.54881662e+08  1.34898374e-08 
 1.58489319e+08  1.35079732e-08 
 1.62181010e+08  1.35270940e-08 
 1.65958691e+08  1.35472264e-08 
 1.69824365e+08  1.35683972e-08 
 1.73780083e+08  1.35906338e-08 
 1.77827941e+08  1.36139635e-08 
 1.81970086e+08  1.36384140e-08 
 1.86208714e+08  1.36640128e-08 
 1.90546072e+08  1.36907876e-08 
 1.94984460e+08  1.37187660e-08 
 1.99526231e+08  1.37479751e-08 
 2.04173794e+08  1.37784421e-08 
 2.08929613e+08  1.38101933e-08 
 2.13796209e+08  1.38432550e-08 
 2.18776162e+08  1.38776524e-08 
 2.23872114e+08  1.39134099e-08 
 2.29086765e+08  1.39505512e-08 
 2.34422882e+08  1.39890987e-08 
 2.39883292e+08  1.40290735e-08 
 2.45470892e+08  1.40704952e-08 
 2.51188643e+08  1.41133817e-08 
 2.57039578e+08  1.41577493e-08 
 2.63026799e+08  1.42036122e-08 
 2.69153480e+08  1.42509822e-08 
 2.75422870e+08  1.42998687e-08 
 2.81838293e+08  1.43502787e-08 
 2.88403150e+08  1.44022161e-08 
 2.95120923e+08  1.44556818e-08 
 3.01995172e+08  1.45106731e-08 
 3.09029543e+08  1.45671847e-08 
 3.16227766e+08  1.46252061e-08 
 3.23593657e+08  1.46847246e-08 
 3.31131121e+08  1.47457217e-08 
 3.38844156e+08  1.48081758e-08 
 3.46736850e+08  1.48720598e-08 
 3.54813389e+08  1.49373431e-08 
 3.63078055e+08  1.50039891e-08 
 3.71535229e+08  1.50719564e-08 
 3.80189396e+08  1.51411987e-08 
 3.89045145e+08  1.52116649e-08 
 3.98107171e+08  1.52832969e-08 
 4.07380278e+08  1.53560331e-08 
 4.16869383e+08  1.54298059e-08 
 4.26579519e+08  1.55045412e-08 
 4.36515832e+08  1.55801610e-08 
 4.46683592e+08  1.56565808e-08 
 4.57088190e+08  1.57337111e-08 
 4.67735141e+08  1.58114584e-08 
 4.78630092e+08  1.58897222e-08 
 4.89778819e+08  1.59683984e-08 
 5.01187234e+08  1.60473787e-08 
 5.12861384e+08  1.61265498e-08 
 5.24807460e+08  1.62057942e-08 
 5.37031796e+08  1.62849928e-08 
 5.49540874e+08  1.63640206e-08 
 5.62341325e+08  1.64427518e-08 
 5.75439937e+08  1.65210568e-08 
 5.88843655e+08  1.65988058e-08 
 6.02559586e+08  1.66758655e-08 
 6.16595002e+08  1.67521044e-08 
 6.30957344e+08  1.68273879e-08 
 6.45654229e+08  1.69015844e-08 
 6.60693448e+08  1.69745600e-08 
 6.76082975e+08  1.70461844e-08 
 6.91830971e+08  1.71163285e-08 
 7.07945784e+08  1.71848656e-08 
 7.24435960e+08  1.72516716e-08 
 7.41310241e+08  1.73166267e-08 
 7.58577575e+08  1.73796132e-08 
 7.76247117e+08  1.74405200e-08 
 7.94328235e+08  1.74992390e-08 
 8.12830516e+08  1.75556684e-08 
 8.31763771e+08  1.76097102e-08 
 8.51138038e+08  1.76612738e-08 
 8.70963590e+08  1.77102738e-08 
 8.91250938e+08  1.77566304e-08 
 9.12010839e+08  1.78002708e-08 
 9.33254301e+08  1.78411284e-08 
 9.54992586e+08  1.78791417e-08 
 9.77237221e+08  1.79142569e-08 
 1.00000000e+09  1.79464259e-08 
