 1.00000000e+00 -9.37686568e-05 
 1.25892541e+00 -1.18047745e-04 
 1.58489319e+00 -1.48613306e-04 
 1.99526231e+00 -1.87093067e-04 
 2.51188643e+00 -2.35536217e-04 
 3.16227766e+00 -2.96522529e-04 
 3.98107171e+00 -3.73299747e-04 
 5.01187234e+00 -4.69956537e-04 
 6.30957344e+00 -5.91640227e-04 
 7.94328235e+00 -7.44830916e-04 
 1.00000000e+01 -9.37686568e-04 
 1.25892541e+01 -1.18047745e-03 
 1.58489319e+01 -1.48613306e-03 
 1.99526231e+01 -1.87093067e-03 
 2.51188643e+01 -2.35536217e-03 
 3.16227766e+01 -2.96522528e-03 
 3.98107171e+01 -3.73299746e-03 
 5.01187234e+01 -4.69956536e-03 
 6.30957344e+01 -5.91640225e-03 
 7.94328235e+01 -7.44830912e-03 
 1.00000000e+02 -9.37686560e-03 
 1.25892541e+02 -1.18047743e-02 
 1.58489319e+02 -1.48613303e-02 
 1.99526231e+02 -1.87093061e-02 
 2.51188643e+02 -2.35536204e-02 
 3.16227766e+02 -2.96522502e-02 
 3.98107171e+02 -3.73299694e-02 
 5.01187234e+02 -4.69956432e-02 
 6.30957344e+02 -5.91640017e-02 
 7.94328235e+02 -7.44830498e-02 
 1.00000000e+03 -9.37685734e-02 
 1.25892541e+03 -1.18047578e-01 
 1.58489319e+03 -1.48612974e-01 
 1.99526231e+03 -1.87092404e-01 
 2.51188643e+03 -2.35534894e-01 
 3.16227766e+03 -2.96519890e-01 
 3.98107171e+03 -3.73294481e-01 
 5.01187234e+03 -4.69946032e-01 
 6.30957344e+03 -5.91619267e-01 
 7.94328235e+03 -7.44789097e-01 
 1.00000000e+04 -9.37603132e-01 
 1.25892541e+04 -1.18031099e+00 
 1.58489319e+04 -1.48580097e+00 
 1.99526231e+04 -1.87026823e+00 
 2.51188643e+04 -2.35404091e+00 
 3.16227766e+04 -2.96259060e+00 
 3.98107171e+04 -3.72774548e+00 
 5.01187234e+04 -4.68910178e+00 
 6.30957344e+04 -5.89557345e+00 
 7.94328235e+04 -7.40690335e+00 
 1.00000000e+05 -9.29472908e+00 
 1.25892541e+05 -1.16423781e+01 
 1.58489319e+05 -1.45418832e+01 
 1.99526231e+05 -1.80857883e+01 
 2.51188643e+05 -2.23505927e+01 
 3.16227766e+05 -2.73695278e+01 
 3.98107171e+05 -3.30972681e+01 
 5.01187234e+05 -3.93796096e+01 
 6.30957344e+05 -4.59513932e+01 
 7.94328235e+05 -5.24804449e+01 
 1.00000000e+06 -5.86460059e+01 
 1.25892541e+06 -6.42110883e+01 
 1.58489319e+06 -6.90536337e+01 
 1.99526231e+06 -7.31544411e+01 
 2.51188643e+06 -7.65635849e+01 
 3.16227766e+06 -7.93666377e+01 
 3.98107171e+06 -8.16605047e+01 
 5.01187234e+06 -8.35396066e+01 
 6.30957344e+06 -8.50896028e+01 
 7.94328235e+06 -8.63856331e+01 
 1.00000000e+07 -8.74929195e+01 
 1.25892541e+07 -8.84684445e+01 
 1.58489319e+07 -8.93630290e+01 
 1.99526231e+07 -9.02234883e+01 
 2.51188643e+07 -9.10947208e+01 
 3.16227766e+07 -9.20216465e+01 
 3.98107171e+07 -9.30508863e+01 
 5.01187234e+07 -9.42319438e+01 
 6.30957344e+07 -9.56173902e+01 
 7.94328235e+07 -9.72611002e+01 
 1.00000000e+08 -9.92129096e+01 
 1.25892541e+08 -1.01507376e+02 
 1.58489319e+08 -1.04144414e+02 
 1.99526231e+08 -1.07062387e+02 
 2.51188643e+08 -1.10112350e+02 
 3.16227766e+08 -1.13054610e+02 
 3.98107171e+08 -1.15604196e+02 
 5.01187234e+08 -1.17531455e+02 
 6.30957344e+08 -1.18778718e+02 
 7.94328235e+08 -1.19523052e+02 
 1.00000000e+09 -1.20138309e+02 
