 1.00000000e+00 -9.34395286e-05 
 1.25892541e+00 -1.17633397e-04 
 1.58489319e+00 -1.48091673e-04 
 1.99526231e+00 -1.86436370e-04 
 2.51188643e+00 -2.34709484e-04 
 3.16227766e+00 -2.95481734e-04 
 3.98107171e+00 -3.71989464e-04 
 5.01187234e+00 -4.68306989e-04 
 6.30957344e+00 -5.89563568e-04 
 7.94328235e+00 -7.42216558e-04 
 1.00000000e+01 -9.34395286e-04 
 1.25892541e+01 -1.17633397e-03 
 1.58489319e+01 -1.48091673e-03 
 1.99526231e+01 -1.86436370e-03 
 2.51188643e+01 -2.34709484e-03 
 3.16227766e+01 -2.95481734e-03 
 3.98107171e+01 -3.71989463e-03 
 5.01187234e+01 -4.68306988e-03 
 6.30957344e+01 -5.89563566e-03 
 7.94328235e+01 -7.42216554e-03 
 1.00000000e+02 -9.34395278e-03 
 1.25892541e+02 -1.17633395e-02 
 1.58489319e+02 -1.48091670e-02 
 1.99526231e+02 -1.86436364e-02 
 2.51188643e+02 -2.34709471e-02 
 3.16227766e+02 -2.95481708e-02 
 3.98107171e+02 -3.71989411e-02 
 5.01187234e+02 -4.68306885e-02 
 6.30957344e+02 -5.89563361e-02 
 7.94328235e+02 -7.42216144e-02 
 1.00000000e+03 -9.34394460e-02 
 1.25892541e+03 -1.17633232e-01 
 1.58489319e+03 -1.48091344e-01 
 1.99526231e+03 -1.86435714e-01 
 2.51188643e+03 -2.34708175e-01 
 3.16227766e+03 -2.95479121e-01 
 3.98107171e+03 -3.71984250e-01 
 5.01187234e+03 -4.68296587e-01 
 6.30957344e+03 -5.89542815e-01 
 7.94328235e+03 -7.42175152e-01 
 1.00000000e+04 -9.34312674e-01 
 1.25892541e+04 -1.17616915e+00 
 1.58489319e+04 -1.48058792e+00 
 1.99526231e+04 -1.86370780e+00 
 2.51188643e+04 -2.34578663e+00 
 3.16227766e+04 -2.95220865e+00 
 3.98107171e+04 -3.71469445e+00 
 5.01187234e+04 -4.67270940e+00 
 6.30957344e+04 -5.87501178e+00 
 7.94328235e+04 -7.38116613e+00 
 1.00000000e+05 -9.26261931e+00 
 1.25892541e+05 -1.16025217e+01 
 1.58489319e+05 -1.44927962e+01 
 1.99526231e+05 -1.80260394e+01 
 2.51188643e+05 -2.22791057e+01 
 3.16227766e+05 -2.72860353e+01 
 3.98107171e+05 -3.30028162e+01 
 5.01187234e+05 -3.92768373e+01 
 6.30957344e+05 -4.58442320e+01 
 7.94328235e+05 -5.23731427e+01 
 1.00000000e+06 -5.85418971e+01 
 1.25892541e+06 -6.41117528e+01 
 1.58489319e+06 -6.89587359e+01 
 1.99526231e+06 -7.30620486e+01 
 2.51188643e+06 -7.64706042e+01 
 3.16227766e+06 -7.92691324e+01 
 3.98107171e+06 -8.15538282e+01 
 5.01187234e+06 -8.34183677e+01 
 6.30957344e+06 -8.49475023e+01 
 7.94328235e+06 -8.62152000e+01 
 1.00000000e+07 -8.72851588e+01 
 1.25892541e+07 -8.82123974e+01 
 1.58489319e+07 -8.90452415e+01 
 1.99526231e+07 -8.98273842e+01 
 2.51188643e+07 -9.05998887e+01 
 3.16227766e+07 -9.14030864e+01 
 3.98107171e+07 -9.22783301e+01 
 5.01187234e+07 -9.32695109e+01 
 6.30957344e+07 -9.44241076e+01 
 7.94328235e+07 -9.57932705e+01 
 1.00000000e+08 -9.74299906e+01 
 1.25892541e+08 -9.93837475e+01 
 1.58489319e+08 -1.01689378e+02 
 1.99526231e+08 -1.04348098e+02 
 2.51188643e+08 -1.07301601e+02 
 3.16227766e+08 -1.10408358e+02 
 3.98107171e+08 -1.13443347e+02 
 5.01187234e+08 -1.16146184e+02 
 6.30957344e+08 -1.18319663e+02 
 7.94328235e+08 -1.19935047e+02 
 1.00000000e+09 -1.21176177e+02 
