 1.00000000e+00  1.83843469e+01 
 1.25892541e+00  1.83843469e+01 
 1.58489319e+00  1.83843469e+01 
 1.99526231e+00  1.83843469e+01 
 2.51188643e+00  1.83843469e+01 
 3.16227766e+00  1.83843469e+01 
 3.98107171e+00  1.83843469e+01 
 5.01187234e+00  1.83843469e+01 
 6.30957344e+00  1.83843469e+01 
 7.94328235e+00  1.83843469e+01 
 1.00000000e+01  1.83843469e+01 
 1.25892541e+01  1.83843469e+01 
 1.58489319e+01  1.83843469e+01 
 1.99526231e+01  1.83843469e+01 
 2.51188643e+01  1.83843469e+01 
 3.16227766e+01  1.83843469e+01 
 3.98107171e+01  1.83843469e+01 
 5.01187234e+01  1.83843468e+01 
 6.30957344e+01  1.83843468e+01 
 7.94328235e+01  1.83843468e+01 
 1.00000000e+02  1.83843467e+01 
 1.25892541e+02  1.83843466e+01 
 1.58489319e+02  1.83843464e+01 
 1.99526231e+02  1.83843462e+01 
 2.51188643e+02  1.83843458e+01 
 3.16227766e+02  1.83843451e+01 
 3.98107171e+02  1.83843441e+01 
 5.01187234e+02  1.83843425e+01 
 6.30957344e+02  1.83843399e+01 
 7.94328235e+02  1.83843357e+01 
 1.00000000e+03  1.83843292e+01 
 1.25892541e+03  1.83843189e+01 
 1.58489319e+03  1.83843025e+01 
 1.99526231e+03  1.83842766e+01 
 2.51188643e+03  1.83842355e+01 
 3.16227766e+03  1.83841703e+01 
 3.98107171e+03  1.83840670e+01 
 5.01187234e+03  1.83839033e+01 
 6.30957344e+03  1.83836439e+01 
 7.94328235e+03  1.83832327e+01 
 1.00000000e+04  1.83825812e+01 
 1.25892541e+04  1.83815488e+01 
 1.58489319e+04  1.83799130e+01 
 1.99526231e+04  1.83773218e+01 
 2.51188643e+04  1.83732181e+01 
 3.16227766e+04  1.83667221e+01 
 3.98107171e+04  1.83564466e+01 
 5.01187234e+04  1.83402106e+01 
 6.30957344e+04  1.83146020e+01 
 7.94328235e+04  1.82743218e+01 
 1.00000000e+05  1.82112377e+01 
 1.25892541e+05  1.81130959e+01 
 1.58489319e+05  1.79619567e+01 
 1.99526231e+05  1.77326966e+01 
 2.51188643e+05  1.73924508e+01 
 3.16227766e+05  1.69024880e+01 
 3.98107171e+05  1.62240185e+01 
 5.01187234e+05  1.53277003e+01 
 6.30957344e+05  1.42031545e+01 
 7.94328235e+05  1.28627914e+01 
 1.00000000e+06  1.13372628e+01 
 1.25892541e+06  9.66570883e+00 
 1.58489319e+06  7.88649476e+00 
 1.99526231e+06  6.03179783e+00 
 2.51188643e+06  4.12602889e+00 
 3.16227766e+06  2.18652978e+00 
 3.98107171e+06  2.25102530e-01 
 5.01187234e+06 -1.75044442e+00 
 6.30957344e+06 -3.73504332e+00 
 7.94328235e+06 -5.72545476e+00 
 1.00000000e+07 -7.71964309e+00 
 1.25892541e+07 -9.71636742e+00 
 1.58489319e+07 -1.17149259e+01 
 1.99526231e+07 -1.37150087e+01 
 2.51188643e+07 -1.57166329e+01 
 3.16227766e+07 -1.77201449e+01 
 3.98107171e+07 -1.97262917e+01 
 5.01187234e+07 -2.17363721e+01 
 6.30957344e+07 -2.37524921e+01 
 7.94328235e+07 -2.57779583e+01 
 1.00000000e+08 -2.78178422e+01 
 1.25892541e+08 -2.98797198e+01 
 1.58489319e+08 -3.19744852e+01 
 1.99526231e+08 -3.41168903e+01 
 2.51188643e+08 -3.63250070e+01 
 3.16227766e+08 -3.86172794e+01 
 3.98107171e+08 -4.10058542e+01 
 5.01187234e+08 -4.34866156e+01 
 6.30957344e+08 -4.60300314e+01 
 7.94328235e+08 -4.85794284e+01 
 1.00000000e+09 -5.10599793e+01 
