 1.00000000e+00  1.83843999e+01 
 1.25892541e+00  1.83843999e+01 
 1.58489319e+00  1.83843999e+01 
 1.99526231e+00  1.83843999e+01 
 2.51188643e+00  1.83843999e+01 
 3.16227766e+00  1.83843999e+01 
 3.98107171e+00  1.83843999e+01 
 5.01187234e+00  1.83843999e+01 
 6.30957344e+00  1.83843999e+01 
 7.94328235e+00  1.83843999e+01 
 1.00000000e+01  1.83843999e+01 
 1.25892541e+01  1.83843999e+01 
 1.58489319e+01  1.83843999e+01 
 1.99526231e+01  1.83843999e+01 
 2.51188643e+01  1.83843999e+01 
 3.16227766e+01  1.83843999e+01 
 3.98107171e+01  1.83843999e+01 
 5.01187234e+01  1.83843999e+01 
 6.30957344e+01  1.83843998e+01 
 7.94328235e+01  1.83843998e+01 
 1.00000000e+02  1.83843997e+01 
 1.25892541e+02  1.83843996e+01 
 1.58489319e+02  1.83843995e+01 
 1.99526231e+02  1.83843992e+01 
 2.51188643e+02  1.83843988e+01 
 3.16227766e+02  1.83843981e+01 
 3.98107171e+02  1.83843971e+01 
 5.01187234e+02  1.83843955e+01 
 6.30957344e+02  1.83843928e+01 
 7.94328235e+02  1.83843887e+01 
 1.00000000e+03  1.83843822e+01 
 1.25892541e+03  1.83843718e+01 
 1.58489319e+03  1.83843553e+01 
 1.99526231e+03  1.83843292e+01 
 2.51188643e+03  1.83842879e+01 
 3.16227766e+03  1.83842224e+01 
 3.98107171e+03  1.83841186e+01 
 5.01187234e+03  1.83839540e+01 
 6.30957344e+03  1.83836932e+01 
 7.94328235e+03  1.83832799e+01 
 1.00000000e+04  1.83826249e+01 
 1.25892541e+04  1.83815871e+01 
 1.58489319e+04  1.83799428e+01 
 1.99526231e+04  1.83773379e+01 
 2.51188643e+04  1.83732128e+01 
 3.16227766e+04  1.83666828e+01 
 3.98107171e+04  1.83563536e+01 
 5.01187234e+04  1.83400330e+01 
 6.30957344e+04  1.83142917e+01 
 7.94328235e+04  1.82738044e+01 
 1.00000000e+05  1.82103996e+01 
 1.25892541e+05  1.81117683e+01 
 1.58489319e+05  1.79598966e+01 
 1.99526231e+05  1.77295730e+01 
 2.51188643e+05  1.73878495e+01 
 3.16227766e+05  1.68959527e+01 
 3.98107171e+05  1.62151422e+01 
 5.01187234e+05  1.53162435e+01 
 6.30957344e+05  1.41891306e+01 
 7.94328235e+05  1.28464617e+01 
 1.00000000e+06  1.13190437e+01 
 1.25892541e+06  9.64605399e+00 
 1.58489319e+06  7.86580865e+00 
 1.99526231e+06  6.01039817e+00 
 2.51188643e+06  4.10414417e+00 
 3.16227766e+06  2.16431290e+00 
 3.98107171e+06  2.02647195e-01 
 5.01187234e+06 -1.77309073e+00 
 6.30957344e+06 -3.75787218e+00 
 7.94328235e+06 -5.74849626e+00 
 1.00000000e+07 -7.74297281e+00 
 1.25892541e+07 -9.74012286e+00 
 1.58489319e+07 -1.17393360e+01 
 1.99526231e+07 -1.37404430e+01 
 2.51188643e+07 -1.57436795e+01 
 3.16227766e+07 -1.77497346e+01 
 3.98107171e+07 -1.97598903e+01 
 5.01187234e+07 -2.17762762e+01 
 6.30957344e+07 -2.38022743e+01 
 7.94328235e+07 -2.58431138e+01 
 1.00000000e+08 -2.79066768e+01 
 1.25892541e+08 -3.00044434e+01 
 1.58489319e+08 -3.21522715e+01 
 1.99526231e+08 -3.43702331e+01 
 2.51188643e+08 -3.66800589e+01 
 3.16227766e+08 -3.90983803e+01 
 3.98107171e+08 -4.16252247e+01 
 5.01187234e+08 -4.42313452e+01 
 6.30957344e+08 -4.68531543e+01 
 7.94328235e+08 -4.94036428e+01 
 1.00000000e+09 -5.17965637e+01 
