 1.00000000e+00  7.19851554e-06 
 1.02329299e+00  7.12571426e-06 
 1.04712855e+00  7.05365864e-06 
 1.07151931e+00  6.98234093e-06 
 1.09647820e+00  6.91175347e-06 
 1.12201845e+00  6.84188867e-06 
 1.14815362e+00  6.77273904e-06 
 1.17489755e+00  6.70429713e-06 
 1.20226443e+00  6.63655562e-06 
 1.23026877e+00  6.56950722e-06 
 1.25892541e+00  6.50314474e-06 
 1.28824955e+00  6.43746107e-06 
 1.31825674e+00  6.37244917e-06 
 1.34896288e+00  6.30810207e-06 
 1.38038426e+00  6.24441287e-06 
 1.41253754e+00  6.18137475e-06 
 1.44543977e+00  6.11898096e-06 
 1.47910839e+00  6.05722482e-06 
 1.51356125e+00  5.99609973e-06 
 1.54881662e+00  5.93559914e-06 
 1.58489319e+00  5.87571658e-06 
 1.62181010e+00  5.81644566e-06 
 1.65958691e+00  5.75778003e-06 
 1.69824365e+00  5.69971342e-06 
 1.73780083e+00  5.64223965e-06 
 1.77827941e+00  5.58535256e-06 
 1.81970086e+00  5.52904609e-06 
 1.86208714e+00  5.47331422e-06 
 1.90546072e+00  5.41815101e-06 
 1.94984460e+00  5.36355058e-06 
 1.99526231e+00  5.30950711e-06 
 2.04173794e+00  5.25601483e-06 
 2.08929613e+00  5.20306805e-06 
 2.13796209e+00  5.15066112e-06 
 2.18776162e+00  5.09878846e-06 
 2.23872114e+00  5.04744456e-06 
 2.29086765e+00  4.99662394e-06 
 2.34422882e+00  4.94632121e-06 
 2.39883292e+00  4.89653100e-06 
 2.45470892e+00  4.84724803e-06 
 2.51188643e+00  4.79846706e-06 
 2.57039578e+00  4.75018290e-06 
 2.63026799e+00  4.70239043e-06 
 2.69153480e+00  4.65508456e-06 
 2.75422870e+00  4.60826028e-06 
 2.81838293e+00  4.56191262e-06 
 2.88403150e+00  4.51603665e-06 
 2.95120923e+00  4.47062751e-06 
 3.01995172e+00  4.42568039e-06 
 3.09029543e+00  4.38119053e-06 
 3.16227766e+00  4.33715320e-06 
 3.23593657e+00  4.29356374e-06 
 3.31131121e+00  4.25041753e-06 
 3.38844156e+00  4.20771001e-06 
 3.46736850e+00  4.16543666e-06 
 3.54813389e+00  4.12359299e-06 
 3.63078055e+00  4.08217459e-06 
 3.71535229e+00  4.04117708e-06 
 3.80189396e+00  4.00059611e-06 
 3.89045145e+00  3.96042740e-06 
 3.98107171e+00  3.92066671e-06 
 4.07380278e+00  3.88130984e-06 
 4.16869383e+00  3.84235263e-06 
 4.26579519e+00  3.80379096e-06 
 4.36515832e+00  3.76562077e-06 
 4.46683592e+00  3.72783803e-06 
 4.57088190e+00  3.69043875e-06 
 4.67735141e+00  3.65341899e-06 
 4.78630092e+00  3.61677485e-06 
 4.89778819e+00  3.58050247e-06 
 5.01187234e+00  3.54459802e-06 
 5.12861384e+00  3.50905773e-06 
 5.24807460e+00  3.47387785e-06 
 5.37031796e+00  3.43905467e-06 
 5.49540874e+00  3.40458454e-06 
 5.62341325e+00  3.37046382e-06 
 5.75439937e+00  3.33668893e-06 
 5.88843655e+00  3.30325632e-06 
 6.02559586e+00  3.27016248e-06 
 6.16595002e+00  3.23740391e-06 
 6.30957344e+00  3.20497720e-06 
 6.45654229e+00  3.17287892e-06 
 6.60693448e+00  3.14110570e-06 
 6.76082975e+00  3.10965423e-06 
 6.91830971e+00  3.07852118e-06 
 7.07945784e+00  3.04770331e-06 
 7.24435960e+00  3.01719737e-06 
 7.41310241e+00  2.98700016e-06 
 7.58577575e+00  2.95710853e-06 
 7.76247117e+00  2.92751934e-06 
 7.94328235e+00  2.89822949e-06 
 8.12830516e+00  2.86923592e-06 
 8.31763771e+00  2.84053558e-06 
 8.51138038e+00  2.81212548e-06 
 8.70963590e+00  2.78400264e-06 
 8.91250938e+00  2.75616412e-06 
 9.12010839e+00  2.72860701e-06 
 9.33254301e+00  2.70132842e-06 
 9.54992586e+00  2.67432552e-06 
 9.77237221e+00  2.64759547e-06 
 1.00000000e+01  2.62113548e-06 
 1.02329299e+01  2.59494280e-06 
 1.04712855e+01  2.56901468e-06 
 1.07151931e+01  2.54334842e-06 
 1.09647820e+01  2.51794134e-06 
 1.12201845e+01  2.49279080e-06 
 1.14815362e+01  2.46789417e-06 
 1.17489755e+01  2.44324884e-06 
 1.20226443e+01  2.41885227e-06 
 1.23026877e+01  2.39470190e-06 
 1.25892541e+01  2.37079521e-06 
 1.28824955e+01  2.34712973e-06 
 1.31825674e+01  2.32370297e-06 
 1.34896288e+01  2.30051252e-06 
 1.38038426e+01  2.27755595e-06 
 1.41253754e+01  2.25483087e-06 
 1.44543977e+01  2.23233493e-06 
 1.47910839e+01  2.21006577e-06 
 1.51356125e+01  2.18802110e-06 
 1.54881662e+01  2.16619862e-06 
 1.58489319e+01  2.14459606e-06 
 1.62181010e+01  2.12321117e-06 
 1.65958691e+01  2.10204175e-06 
 1.69824365e+01  2.08108558e-06 
 1.73780083e+01  2.06034050e-06 
 1.77827941e+01  2.03980435e-06 
 1.81970086e+01  2.01947501e-06 
 1.86208714e+01  1.99935037e-06 
 1.90546072e+01  1.97942833e-06 
 1.94984460e+01  1.95970684e-06 
 1.99526231e+01  1.94018386e-06 
 2.04173794e+01  1.92085735e-06 
 2.08929613e+01  1.90172533e-06 
 2.13796209e+01  1.88278580e-06 
 2.18776162e+01  1.86403681e-06 
 2.23872114e+01  1.84547643e-06 
 2.29086765e+01  1.82710272e-06 
 2.34422882e+01  1.80891379e-06 
 2.39883292e+01  1.79090777e-06 
 2.45470892e+01  1.77308278e-06 
 2.51188643e+01  1.75543699e-06 
 2.57039578e+01  1.73796857e-06 
 2.63026799e+01  1.72067572e-06 
 2.69153480e+01  1.70355666e-06 
 2.75422870e+01  1.68660962e-06 
 2.81838293e+01  1.66983285e-06 
 2.88403150e+01  1.65322461e-06 
 2.95120923e+01  1.63678320e-06 
 3.01995172e+01  1.62050692e-06 
 3.09029543e+01  1.60439410e-06 
 3.16227766e+01  1.58844307e-06 
 3.23593657e+01  1.57265218e-06 
 3.31131121e+01  1.55701982e-06 
 3.38844156e+01  1.54154438e-06 
 3.46736850e+01  1.52622425e-06 
 3.54813389e+01  1.51105787e-06 
 3.63078055e+01  1.49604367e-06 
 3.71535229e+01  1.48118011e-06 
 3.80189396e+01  1.46646565e-06 
 3.89045145e+01  1.45189880e-06 
 3.98107171e+01  1.43747804e-06 
 4.07380278e+01  1.42320191e-06 
 4.16869383e+01  1.40906892e-06 
 4.26579519e+01  1.39507763e-06 
 4.36515832e+01  1.38122661e-06 
 4.46683592e+01  1.36751443e-06 
 4.57088190e+01  1.35393968e-06 
 4.67735141e+01  1.34050098e-06 
 4.78630092e+01  1.32719693e-06 
 4.89778819e+01  1.31402619e-06 
 5.01187234e+01  1.30098739e-06 
 5.12861384e+01  1.28807920e-06 
 5.24807460e+01  1.27530030e-06 
 5.37031796e+01  1.26264938e-06 
 5.49540874e+01  1.25012515e-06 
 5.62341325e+01  1.23772632e-06 
 5.75439937e+01  1.22545162e-06 
 5.88843655e+01  1.21329979e-06 
 6.02559586e+01  1.20126960e-06 
 6.16595002e+01  1.18935981e-06 
 6.30957344e+01  1.17756920e-06 
 6.45654229e+01  1.16589657e-06 
 6.60693448e+01  1.15434072e-06 
 6.76082975e+01  1.14290048e-06 
 6.91830971e+01  1.13157468e-06 
 7.07945784e+01  1.12036215e-06 
 7.24435960e+01  1.10926176e-06 
 7.41310241e+01  1.09827236e-06 
 7.58577575e+01  1.08739285e-06 
 7.76247117e+01  1.07662210e-06 
 7.94328235e+01  1.06595902e-06 
 8.12830516e+01  1.05540253e-06 
 8.31763771e+01  1.04495153e-06 
 8.51138038e+01  1.03460498e-06 
 8.70963590e+01  1.02436182e-06 
 8.91250938e+01  1.01422099e-06 
 9.12010839e+01  1.00418147e-06 
 9.33254301e+01  9.94242241e-07 
 9.54992586e+01  9.84402283e-07 
 9.77237221e+01  9.74660598e-07 
 1.00000000e+02  9.65016192e-07 
 1.02329299e+02  9.55468086e-07 
 1.04712855e+02  9.46015308e-07 
 1.07151931e+02  9.36656896e-07 
 1.09647820e+02  9.27391900e-07 
 1.12201845e+02  9.18219376e-07 
 1.14815362e+02  9.09138393e-07 
 1.17489755e+02  9.00148028e-07 
 1.20226443e+02  8.91247368e-07 
 1.23026877e+02  8.82435509e-07 
 1.25892541e+02  8.73711555e-07 
 1.28824955e+02  8.65074623e-07 
 1.31825674e+02  8.56523834e-07 
 1.34896288e+02  8.48058322e-07 
 1.38038426e+02  8.39677227e-07 
 1.41253754e+02  8.31379700e-07 
 1.44543977e+02  8.23164899e-07 
 1.47910839e+02  8.15031991e-07 
 1.51356125e+02  8.06980153e-07 
 1.54881662e+02  7.99008568e-07 
 1.58489319e+02  7.91116428e-07 
 1.62181010e+02  7.83302935e-07 
 1.65958691e+02  7.75567298e-07 
 1.69824365e+02  7.67908732e-07 
 1.73780083e+02  7.60326463e-07 
 1.77827941e+02  7.52819725e-07 
 1.81970086e+02  7.45387756e-07 
 1.86208714e+02  7.38029806e-07 
 1.90546072e+02  7.30745131e-07 
 1.94984460e+02  7.23532994e-07 
 1.99526231e+02  7.16392666e-07 
 2.04173794e+02  7.09323425e-07 
 2.08929613e+02  7.02324558e-07 
 2.13796209e+02  6.95395358e-07 
 2.18776162e+02  6.88535124e-07 
 2.23872114e+02  6.81743165e-07 
 2.29086765e+02  6.75018793e-07 
 2.34422882e+02  6.68361332e-07 
 2.39883292e+02  6.61770109e-07 
 2.45470892e+02  6.55244459e-07 
 2.51188643e+02  6.48783725e-07 
 2.57039578e+02  6.42387254e-07 
 2.63026799e+02  6.36054402e-07 
 2.69153480e+02  6.29784530e-07 
 2.75422870e+02  6.23577008e-07 
 2.81838293e+02  6.17431209e-07 
 2.88403150e+02  6.11346515e-07 
 2.95120923e+02  6.05322312e-07 
 3.01995172e+02  5.99357995e-07 
 3.09029543e+02  5.93452963e-07 
 3.16227766e+02  5.87606621e-07 
 3.23593657e+02  5.81818382e-07 
 3.31131121e+02  5.76087664e-07 
 3.38844156e+02  5.70413889e-07 
 3.46736850e+02  5.64796487e-07 
 3.54813389e+02  5.59234895e-07 
 3.63078055e+02  5.53728552e-07 
 3.71535229e+02  5.48276906e-07 
 3.80189396e+02  5.42879408e-07 
 3.89045145e+02  5.37535517e-07 
 3.98107171e+02  5.32244696e-07 
 4.07380278e+02  5.27006414e-07 
 4.16869383e+02  5.21820145e-07 
 4.26579519e+02  5.16685369e-07 
 4.36515832e+02  5.11601569e-07 
 4.46683592e+02  5.06568237e-07 
 4.57088190e+02  5.01584868e-07 
 4.67735141e+02  4.96650962e-07 
 4.78630092e+02  4.91766023e-07 
 4.89778819e+02  4.86929563e-07 
 5.01187234e+02  4.82141097e-07 
 5.12861384e+02  4.77400145e-07 
 5.24807460e+02  4.72706233e-07 
 5.37031796e+02  4.68058889e-07 
 5.49540874e+02  4.63457649e-07 
 5.62341325e+02  4.58902052e-07 
 5.75439937e+02  4.54391642e-07 
 5.88843655e+02  4.49925968e-07 
 6.02559586e+02  4.45504583e-07 
 6.16595002e+02  4.41127045e-07 
 6.30957344e+02  4.36792916e-07 
 6.45654229e+02  4.32501762e-07 
 6.60693448e+02  4.28253154e-07 
 6.76082975e+02  4.24046669e-07 
 6.91830971e+02  4.19881885e-07 
 7.07945784e+02  4.15758387e-07 
 7.24435960e+02  4.11675762e-07 
 7.41310241e+02  4.07633602e-07 
 7.58577575e+02  4.03631505e-07 
 7.76247117e+02  3.99669071e-07 
 7.94328235e+02  3.95745904e-07 
 8.12830516e+02  3.91861612e-07 
 8.31763771e+02  3.88015809e-07 
 8.51138038e+02  3.84208109e-07 
 8.70963590e+02  3.80438135e-07 
 8.91250938e+02  3.76705509e-07 
 9.12010839e+02  3.73009860e-07 
 9.33254301e+02  3.69350819e-07 
 9.54992586e+02  3.65728022e-07 
 9.77237221e+02  3.62141108e-07 
 1.00000000e+03  3.58589718e-07 
 1.02329299e+03  3.55073500e-07 
 1.04712855e+03  3.51592104e-07 
 1.07151931e+03  3.48145182e-07 
 1.09647820e+03  3.44732393e-07 
 1.12201845e+03  3.41353395e-07 
 1.14815362e+03  3.38007853e-07 
 1.17489755e+03  3.34695433e-07 
 1.20226443e+03  3.31415808e-07 
 1.23026877e+03  3.28168649e-07 
 1.25892541e+03  3.24953635e-07 
 1.28824955e+03  3.21770446e-07 
 1.31825674e+03  3.18618765e-07 
 1.34896288e+03  3.15498279e-07 
 1.38038426e+03  3.12408678e-07 
 1.41253754e+03  3.09349656e-07 
 1.44543977e+03  3.06320908e-07 
 1.47910839e+03  3.03322134e-07 
 1.51356125e+03  3.00353035e-07 
 1.54881662e+03  2.97413318e-07 
 1.58489319e+03  2.94502689e-07 
 1.62181010e+03  2.91620862e-07 
 1.65958691e+03  2.88767549e-07 
 1.69824365e+03  2.85942468e-07 
 1.73780083e+03  2.83145338e-07 
 1.77827941e+03  2.80375882e-07 
 1.81970086e+03  2.77633825e-07 
 1.86208714e+03  2.74918896e-07 
 1.90546072e+03  2.72230826e-07 
 1.94984460e+03  2.69569347e-07 
 1.99526231e+03  2.66934198e-07 
 2.04173794e+03  2.64325115e-07 
 2.08929613e+03  2.61741842e-07 
 2.13796209e+03  2.59184122e-07 
 2.18776162e+03  2.56651702e-07 
 2.23872114e+03  2.54144332e-07 
 2.29086765e+03  2.51661763e-07 
 2.34422882e+03  2.49203749e-07 
 2.39883292e+03  2.46770047e-07 
 2.45470892e+03  2.44360418e-07 
 2.51188643e+03  2.41974621e-07 
 2.57039578e+03  2.39612422e-07 
 2.63026799e+03  2.37273587e-07 
 2.69153480e+03  2.34957885e-07 
 2.75422870e+03  2.32665086e-07 
 2.81838293e+03  2.30394964e-07 
 2.88403150e+03  2.28147296e-07 
 2.95120923e+03  2.25921858e-07 
 3.01995172e+03  2.23718431e-07 
 3.09029543e+03  2.21536798e-07 
 3.16227766e+03  2.19376743e-07 
 3.23593657e+03  2.17238053e-07 
 3.31131121e+03  2.15120516e-07 
 3.38844156e+03  2.13023925e-07 
 3.46736850e+03  2.10948071e-07 
 3.54813389e+03  2.08892750e-07 
 3.63078055e+03  2.06857760e-07 
 3.71535229e+03  2.04842899e-07 
 3.80189396e+03  2.02847970e-07 
 3.89045145e+03  2.00872774e-07 
 3.98107171e+03  1.98917119e-07 
 4.07380278e+03  1.96980810e-07 
 4.16869383e+03  1.95063657e-07 
 4.26579519e+03  1.93165471e-07 
 4.36515832e+03  1.91286066e-07 
 4.46683592e+03  1.89425256e-07 
 4.57088190e+03  1.87582857e-07 
 4.67735141e+03  1.85758689e-07 
 4.78630092e+03  1.83952572e-07 
 4.89778819e+03  1.82164328e-07 
 5.01187234e+03  1.80393780e-07 
 5.12861384e+03  1.78640756e-07 
 5.24807460e+03  1.76905082e-07 
 5.37031796e+03  1.75186587e-07 
 5.49540874e+03  1.73485103e-07 
 5.62341325e+03  1.71800462e-07 
 5.75439937e+03  1.70132499e-07 
 5.88843655e+03  1.68481050e-07 
 6.02559586e+03  1.66845951e-07 
 6.16595002e+03  1.65227043e-07 
 6.30957344e+03  1.63624167e-07 
 6.45654229e+03  1.62037164e-07 
 6.60693448e+03  1.60465880e-07 
 6.76082975e+03  1.58910159e-07 
 6.91830971e+03  1.57369849e-07 
 7.07945784e+03  1.55844799e-07 
 7.24435960e+03  1.54334859e-07 
 7.41310241e+03  1.52839880e-07 
 7.58577575e+03  1.51359717e-07 
 7.76247117e+03  1.49894223e-07 
 7.94328235e+03  1.48443254e-07 
 8.12830516e+03  1.47006670e-07 
 8.31763771e+03  1.45584328e-07 
 8.51138038e+03  1.44176089e-07 
 8.70963590e+03  1.42781815e-07 
 8.91250938e+03  1.41401369e-07 
 9.12010839e+03  1.40034616e-07 
 9.33254301e+03  1.38681421e-07 
 9.54992586e+03  1.37341654e-07 
 9.77237221e+03  1.36015181e-07 
 1.00000000e+04  1.34701872e-07 
 1.02329299e+04  1.33401601e-07 
 1.04712855e+04  1.32114238e-07 
 1.07151931e+04  1.30839657e-07 
 1.09647820e+04  1.29577735e-07 
 1.12201845e+04  1.28328347e-07 
 1.14815362e+04  1.27091371e-07 
 1.17489755e+04  1.25866686e-07 
 1.20226443e+04  1.24654172e-07 
 1.23026877e+04  1.23453710e-07 
 1.25892541e+04  1.22265183e-07 
 1.28824955e+04  1.21088474e-07 
 1.31825674e+04  1.19923469e-07 
 1.34896288e+04  1.18770053e-07 
 1.38038426e+04  1.17628114e-07 
 1.41253754e+04  1.16497540e-07 
 1.44543977e+04  1.15378220e-07 
 1.47910839e+04  1.14270044e-07 
 1.51356125e+04  1.13172905e-07 
 1.54881662e+04  1.12086695e-07 
 1.58489319e+04  1.11011309e-07 
 1.62181010e+04  1.09946640e-07 
 1.65958691e+04  1.08892584e-07 
 1.69824365e+04  1.07849040e-07 
 1.73780083e+04  1.06815904e-07 
 1.77827941e+04  1.05793077e-07 
 1.81970086e+04  1.04780457e-07 
 1.86208714e+04  1.03777946e-07 
 1.90546072e+04  1.02785446e-07 
 1.94984460e+04  1.01802861e-07 
 1.99526231e+04  1.00830093e-07 
 2.04173794e+04  9.98670487e-08 
 2.08929613e+04  9.89136334e-08 
 2.13796209e+04  9.79697541e-08 
 2.18776162e+04  9.70353187e-08 
 2.23872114e+04  9.61102359e-08 
 2.29086765e+04  9.51944154e-08 
 2.34422882e+04  9.42877679e-08 
 2.39883292e+04  9.33902048e-08 
 2.45470892e+04  9.25016385e-08 
 2.51188643e+04  9.16219823e-08 
 2.57039578e+04  9.07511504e-08 
 2.63026799e+04  8.98890577e-08 
 2.69153480e+04  8.90356203e-08 
 2.75422870e+04  8.81907547e-08 
 2.81838293e+04  8.73543785e-08 
 2.88403150e+04  8.65264103e-08 
 2.95120923e+04  8.57067691e-08 
 3.01995172e+04  8.48953750e-08 
 3.09029543e+04  8.40921489e-08 
 3.16227766e+04  8.32970124e-08 
 3.23593657e+04  8.25098879e-08 
 3.31131121e+04  8.17306987e-08 
 3.38844156e+04  8.09593688e-08 
 3.46736850e+04  8.01958229e-08 
 3.54813389e+04  7.94399865e-08 
 3.63078055e+04  7.86917860e-08 
 3.71535229e+04  7.79511483e-08 
 3.80189396e+04  7.72180012e-08 
 3.89045145e+04  7.64922732e-08 
 3.98107171e+04  7.57738934e-08 
 4.07380278e+04  7.50627919e-08 
 4.16869383e+04  7.43588993e-08 
 4.26579519e+04  7.36621468e-08 
 4.36515832e+04  7.29724665e-08 
 4.46683592e+04  7.22897911e-08 
 4.57088190e+04  7.16140541e-08 
 4.67735141e+04  7.09451894e-08 
 4.78630092e+04  7.02831318e-08 
 4.89778819e+04  6.96278167e-08 
 5.01187234e+04  6.89791802e-08 
 5.12861384e+04  6.83371589e-08 
 5.24807460e+04  6.77016902e-08 
 5.37031796e+04  6.70727120e-08 
 5.49540874e+04  6.64501629e-08 
 5.62341325e+04  6.58339821e-08 
 5.75439937e+04  6.52241095e-08 
 5.88843655e+04  6.46204854e-08 
 6.02559586e+04  6.40230510e-08 
 6.16595002e+04  6.34317478e-08 
 6.30957344e+04  6.28465181e-08 
 6.45654229e+04  6.22673046e-08 
 6.60693448e+04  6.16940508e-08 
 6.76082975e+04  6.11267005e-08 
 6.91830971e+04  6.05651984e-08 
 7.07945784e+04  6.00094894e-08 
 7.24435960e+04  5.94595192e-08 
 7.41310241e+04  5.89152339e-08 
 7.58577575e+04  5.83765804e-08 
 7.76247117e+04  5.78435057e-08 
 7.94328235e+04  5.73159578e-08 
 8.12830516e+04  5.67938849e-08 
 8.31763771e+04  5.62772359e-08 
 8.51138038e+04  5.57659600e-08 
 8.70963590e+04  5.52600072e-08 
 8.91250938e+04  5.47593278e-08 
 9.12010839e+04  5.42638726e-08 
 9.33254301e+04  5.37735930e-08 
 9.54992586e+04  5.32884409e-08 
 9.77237221e+04  5.28083685e-08 
 1.00000000e+05  5.23333286e-08 
 1.02329299e+05  5.18632745e-08 
 1.04712855e+05  5.13981600e-08 
 1.07151931e+05  5.09379392e-08 
 1.09647820e+05  5.04825668e-08 
 1.12201845e+05  5.00319978e-08 
 1.14815362e+05  4.95861878e-08 
 1.17489755e+05  4.91450929e-08 
 1.20226443e+05  4.87086694e-08 
 1.23026877e+05  4.82768742e-08 
 1.25892541e+05  4.78496646e-08 
 1.28824955e+05  4.74269983e-08 
 1.31825674e+05  4.70088335e-08 
 1.34896288e+05  4.65951286e-08 
 1.38038426e+05  4.61858426e-08 
 1.41253754e+05  4.57809349e-08 
 1.44543977e+05  4.53803653e-08 
 1.47910839e+05  4.49840938e-08 
 1.51356125e+05  4.45920810e-08 
 1.54881662e+05  4.42042879e-08 
 1.58489319e+05  4.38206758e-08 
 1.62181010e+05  4.34412063e-08 
 1.65958691e+05  4.30658415e-08 
 1.69824365e+05  4.26945438e-08 
 1.73780083e+05  4.23272761e-08 
 1.77827941e+05  4.19640014e-08 
 1.81970086e+05  4.16046832e-08 
 1.86208714e+05  4.12492855e-08 
 1.90546072e+05  4.08977724e-08 
 1.94984460e+05  4.05501085e-08 
 1.99526231e+05  4.02062587e-08 
 2.04173794e+05  3.98661881e-08 
 2.08929613e+05  3.95298623e-08 
 2.13796209e+05  3.91972473e-08 
 2.18776162e+05  3.88683091e-08 
 2.23872114e+05  3.85430143e-08 
 2.29086765e+05  3.82213298e-08 
 2.34422882e+05  3.79032226e-08 
 2.39883292e+05  3.75886603e-08 
 2.45470892e+05  3.72776106e-08 
 2.51188643e+05  3.69700414e-08 
 2.57039578e+05  3.66659212e-08 
 2.63026799e+05  3.63652186e-08 
 2.69153480e+05  3.60679025e-08 
 2.75422870e+05  3.57739422e-08 
 2.81838293e+05  3.54833070e-08 
 2.88403150e+05  3.51959667e-08 
 2.95120923e+05  3.49118915e-08 
 3.01995172e+05  3.46310515e-08 
 3.09029543e+05  3.43534173e-08 
 3.16227766e+05  3.40789598e-08 
 3.23593657e+05  3.38076501e-08 
 3.31131121e+05  3.35394594e-08 
 3.38844156e+05  3.32743594e-08 
 3.46736850e+05  3.30123218e-08 
 3.54813389e+05  3.27533189e-08 
 3.63078055e+05  3.24973228e-08 
 3.71535229e+05  3.22443061e-08 
 3.80189396e+05  3.19942417e-08 
 3.89045145e+05  3.17471025e-08 
 3.98107171e+05  3.15028618e-08 
 4.07380278e+05  3.12614931e-08 
 4.16869383e+05  3.10229700e-08 
 4.26579519e+05  3.07872664e-08 
 4.36515832e+05  3.05543566e-08 
 4.46683592e+05  3.03242147e-08 
 4.57088190e+05  3.00968153e-08 
 4.67735141e+05  2.98721332e-08 
 4.78630092e+05  2.96501433e-08 
 4.89778819e+05  2.94308208e-08 
 5.01187234e+05  2.92141409e-08 
 5.12861384e+05  2.90000793e-08 
 5.24807460e+05  2.87886117e-08 
 5.37031796e+05  2.85797139e-08 
 5.49540874e+05  2.83733621e-08 
 5.62341325e+05  2.81695325e-08 
 5.75439937e+05  2.79682016e-08 
 5.88843655e+05  2.77693460e-08 
 6.02559586e+05  2.75729425e-08 
 6.16595002e+05  2.73789681e-08 
 6.30957344e+05  2.71874000e-08 
 6.45654229e+05  2.69982154e-08 
 6.60693448e+05  2.68113918e-08 
 6.76082975e+05  2.66269069e-08 
 6.91830971e+05  2.64447385e-08 
 7.07945784e+05  2.62648645e-08 
 7.24435960e+05  2.60872630e-08 
 7.41310241e+05  2.59119123e-08 
 7.58577575e+05  2.57387908e-08 
 7.76247117e+05  2.55678771e-08 
 7.94328235e+05  2.53991498e-08 
 8.12830516e+05  2.52325878e-08 
 8.31763771e+05  2.50681701e-08 
 8.51138038e+05  2.49058758e-08 
 8.70963590e+05  2.47456842e-08 
 8.91250938e+05  2.45875748e-08 
 9.12010839e+05  2.44315270e-08 
 9.33254301e+05  2.42775205e-08 
 9.54992586e+05  2.41255351e-08 
 9.77237221e+05  2.39755509e-08 
 1.00000000e+06  2.38275477e-08 
 1.02329299e+06  2.36815059e-08 
 1.04712855e+06  2.35374057e-08 
 1.07151931e+06  2.33952276e-08 
 1.09647820e+06  2.32549522e-08 
 1.12201845e+06  2.31165601e-08 
 1.14815362e+06  2.29800321e-08 
 1.17489755e+06  2.28453493e-08 
 1.20226443e+06  2.27124925e-08 
 1.23026877e+06  2.25814430e-08 
 1.25892541e+06  2.24521821e-08 
 1.28824955e+06  2.23246912e-08 
 1.31825674e+06  2.21989517e-08 
 1.34896288e+06  2.20749453e-08 
 1.38038426e+06  2.19526537e-08 
 1.41253754e+06  2.18320588e-08 
 1.44543977e+06  2.17131425e-08 
 1.47910839e+06  2.15958870e-08 
 1.51356125e+06  2.14802743e-08 
 1.54881662e+06  2.13662867e-08 
 1.58489319e+06  2.12539067e-08 
 1.62181010e+06  2.11431168e-08 
 1.65958691e+06  2.10338996e-08 
 1.69824365e+06  2.09262377e-08 
 1.73780083e+06  2.08201141e-08 
 1.77827941e+06  2.07155117e-08 
 1.81970086e+06  2.06124134e-08 
 1.86208714e+06  2.05108026e-08 
 1.90546072e+06  2.04106623e-08 
 1.94984460e+06  2.03119760e-08 
 1.99526231e+06  2.02147272e-08 
 2.04173794e+06  2.01188993e-08 
 2.08929613e+06  2.00244762e-08 
 2.13796209e+06  1.99314415e-08 
 2.18776162e+06  1.98397792e-08 
 2.23872114e+06  1.97494733e-08 
 2.29086765e+06  1.96605079e-08 
 2.34422882e+06  1.95728672e-08 
 2.39883292e+06  1.94865354e-08 
 2.45470892e+06  1.94014971e-08 
 2.51188643e+06  1.93177368e-08 
 2.57039578e+06  1.92352390e-08 
 2.63026799e+06  1.91539886e-08 
 2.69153480e+06  1.90739704e-08 
 2.75422870e+06  1.89951693e-08 
 2.81838293e+06  1.89175705e-08 
 2.88403150e+06  1.88411590e-08 
 2.95120923e+06  1.87659203e-08 
 3.01995172e+06  1.86918396e-08 
 3.09029543e+06  1.86189025e-08 
 3.16227766e+06  1.85470945e-08 
 3.23593657e+06  1.84764015e-08 
 3.31131121e+06  1.84068092e-08 
 3.38844156e+06  1.83383036e-08 
 3.46736850e+06  1.82708708e-08 
 3.54813389e+06  1.82044968e-08 
 3.63078055e+06  1.81391680e-08 
 3.71535229e+06  1.80748707e-08 
 3.80189396e+06  1.80115915e-08 
 3.89045145e+06  1.79493170e-08 
 3.98107171e+06  1.78880338e-08 
 4.07380278e+06  1.78277289e-08 
 4.16869383e+06  1.77683892e-08 
 4.26579519e+06  1.77100016e-08 
 4.36515832e+06  1.76525535e-08 
 4.46683592e+06  1.75960321e-08 
 4.57088190e+06  1.75404248e-08 
 4.67735141e+06  1.74857191e-08 
 4.78630092e+06  1.74319026e-08 
 4.89778819e+06  1.73789632e-08 
 5.01187234e+06  1.73268886e-08 
 5.12861384e+06  1.72756669e-08 
 5.24807460e+06  1.72252861e-08 
 5.37031796e+06  1.71757345e-08 
 5.49540874e+06  1.71270003e-08 
 5.62341325e+06  1.70790721e-08 
 5.75439937e+06  1.70319383e-08 
 5.88843655e+06  1.69855877e-08 
 6.02559586e+06  1.69400090e-08 
 6.16595002e+06  1.68951912e-08 
 6.30957344e+06  1.68511232e-08 
 6.45654229e+06  1.68077942e-08 
 6.60693448e+06  1.67651935e-08 
 6.76082975e+06  1.67233105e-08 
 6.91830971e+06  1.66821345e-08 
 7.07945784e+06  1.66416553e-08 
 7.24435960e+06  1.66018626e-08 
 7.41310241e+06  1.65627461e-08 
 7.58577575e+06  1.65242959e-08 
 7.76247117e+06  1.64865019e-08 
 7.94328235e+06  1.64493545e-08 
 8.12830516e+06  1.64128439e-08 
 8.31763771e+06  1.63769604e-08 
 8.51138038e+06  1.63416947e-08 
 8.70963590e+06  1.63070373e-08 
 8.91250938e+06  1.62729791e-08 
 9.12010839e+06  1.62395109e-08 
 9.33254301e+06  1.62066237e-08 
 9.54992586e+06  1.61743086e-08 
 9.77237221e+06  1.61425569e-08 
 1.00000000e+07  1.61113597e-08 
 1.02329299e+07  1.60807086e-08 
 1.04712855e+07  1.60505952e-08 
 1.07151931e+07  1.60210111e-08 
 1.09647820e+07  1.59919480e-08 
 1.12201845e+07  1.59633979e-08 
 1.14815362e+07  1.59353528e-08 
 1.17489755e+07  1.59078048e-08 
 1.20226443e+07  1.58807461e-08 
 1.23026877e+07  1.58541690e-08 
 1.25892541e+07  1.58280660e-08 
 1.28824955e+07  1.58024296e-08 
 1.31825674e+07  1.57772526e-08 
 1.34896288e+07  1.57525276e-08 
 1.38038426e+07  1.57282475e-08 
 1.41253754e+07  1.57044053e-08 
 1.44543977e+07  1.56809942e-08 
 1.47910839e+07  1.56580073e-08 
 1.51356125e+07  1.56354379e-08 
 1.54881662e+07  1.56132795e-08 
 1.58489319e+07  1.55915255e-08 
 1.62181010e+07  1.55701696e-08 
 1.65958691e+07  1.55492055e-08 
 1.69824365e+07  1.55286271e-08 
 1.73780083e+07  1.55084283e-08 
 1.77827941e+07  1.54886031e-08 
 1.81970086e+07  1.54691457e-08 
 1.86208714e+07  1.54500504e-08 
 1.90546072e+07  1.54313114e-08 
 1.94984460e+07  1.54129234e-08 
 1.99526231e+07  1.53948808e-08 
 2.04173794e+07  1.53771782e-08 
 2.08929613e+07  1.53598106e-08 
 2.13796209e+07  1.53427727e-08 
 2.18776162e+07  1.53260595e-08 
 2.23872114e+07  1.53096662e-08 
 2.29086765e+07  1.52935878e-08 
 2.34422882e+07  1.52778198e-08 
 2.39883292e+07  1.52623574e-08 
 2.45470892e+07  1.52471962e-08 
 2.51188643e+07  1.52323318e-08 
 2.57039578e+07  1.52177599e-08 
 2.63026799e+07  1.52034763e-08 
 2.69153480e+07  1.51894768e-08 
 2.75422870e+07  1.51757577e-08 
 2.81838293e+07  1.51623148e-08 
 2.88403150e+07  1.51491446e-08 
 2.95120923e+07  1.51362433e-08 
 3.01995172e+07  1.51236073e-08 
 3.09029543e+07  1.51112333e-08 
 3.16227766e+07  1.50991179e-08 
 3.23593657e+07  1.50872578e-08 
 3.31131121e+07  1.50756500e-08 
 3.38844156e+07  1.50642914e-08 
 3.46736850e+07  1.50531791e-08 
 3.54813389e+07  1.50423105e-08 
 3.63078055e+07  1.50316828e-08 
 3.71535229e+07  1.50212934e-08 
 3.80189396e+07  1.50111400e-08 
 3.89045145e+07  1.50012202e-08 
 3.98107171e+07  1.49915320e-08 
 4.07380278e+07  1.49820731e-08 
 4.16869383e+07  1.49728417e-08 
 4.26579519e+07  1.49638361e-08 
 4.36515832e+07  1.49550544e-08 
 4.46683592e+07  1.49464952e-08 
 4.57088190e+07  1.49381571e-08 
 4.67735141e+07  1.49300388e-08 
 4.78630092e+07  1.49221393e-08 
 4.89778819e+07  1.49144574e-08 
 5.01187234e+07  1.49069925e-08 
 5.12861384e+07  1.48997437e-08 
 5.24807460e+07  1.48927107e-08 
 5.37031796e+07  1.48858930e-08 
 5.49540874e+07  1.48792904e-08 
 5.62341325e+07  1.48729029e-08 
 5.75439937e+07  1.48667307e-08 
 5.88843655e+07  1.48607740e-08 
 6.02559586e+07  1.48550333e-08 
 6.16595002e+07  1.48495093e-08 
 6.30957344e+07  1.48442029e-08 
 6.45654229e+07  1.48391151e-08 
 6.60693448e+07  1.48342472e-08 
 6.76082975e+07  1.48296007e-08 
 6.91830971e+07  1.48251771e-08 
 7.07945784e+07  1.48209785e-08 
 7.24435960e+07  1.48170070e-08 
 7.41310241e+07  1.48132648e-08 
 7.58577575e+07  1.48097546e-08 
 7.76247117e+07  1.48064793e-08 
 7.94328235e+07  1.48034418e-08 
 8.12830516e+07  1.48006456e-08 
 8.31763771e+07  1.47980944e-08 
 8.51138038e+07  1.47957919e-08 
 8.70963590e+07  1.47937423e-08 
 8.91250938e+07  1.47919503e-08 
 9.12010839e+07  1.47904204e-08 
 9.33254301e+07  1.47891579e-08 
 9.54992586e+07  1.47881682e-08 
 9.77237221e+07  1.47874569e-08 
 1.00000000e+08  1.47870302e-08 
 1.02329299e+08  1.47868945e-08 
 1.04712855e+08  1.47870567e-08 
 1.07151931e+08  1.47875238e-08 
 1.09647820e+08  1.47883035e-08 
 1.12201845e+08  1.47894036e-08 
 1.14815362e+08  1.47908326e-08 
 1.17489755e+08  1.47925992e-08 
 1.20226443e+08  1.47947125e-08 
 1.23026877e+08  1.47971823e-08 
 1.25892541e+08  1.48000184e-08 
 1.28824955e+08  1.48032315e-08 
 1.31825674e+08  1.48068325e-08 
 1.34896288e+08  1.48108328e-08 
 1.38038426e+08  1.48152444e-08 
 1.41253754e+08  1.48200797e-08 
 1.44543977e+08  1.48253516e-08 
 1.47910839e+08  1.48310734e-08 
 1.51356125e+08  1.48372591e-08 
 1.54881662e+08  1.48439232e-08 
 1.58489319e+08  1.48510806e-08 
 1.62181010e+08  1.48587467e-08 
 1.65958691e+08  1.48669375e-08 
 1.69824365e+08  1.48756696e-08 
 1.73780083e+08  1.48849599e-08 
 1.77827941e+08  1.48948261e-08 
 1.81970086e+08  1.49052863e-08 
 1.86208714e+08  1.49163589e-08 
 1.90546072e+08  1.49280630e-08 
 1.94984460e+08  1.49404183e-08 
 1.99526231e+08  1.49534446e-08 
 2.04173794e+08  1.49671626e-08 
 2.08929613e+08  1.49815930e-08 
 2.13796209e+08  1.49967572e-08 
 2.18776162e+08  1.50126768e-08 
 2.23872114e+08  1.50293737e-08 
 2.29086765e+08  1.50468704e-08 
 2.34422882e+08  1.50651893e-08 
 2.39883292e+08  1.50843531e-08 
 2.45470892e+08  1.51043848e-08 
 2.51188643e+08  1.51253074e-08 
 2.57039578e+08  1.51471437e-08 
 2.63026799e+08  1.51699169e-08 
 2.69153480e+08  1.51936497e-08 
 2.75422870e+08  1.52183647e-08 
 2.81838293e+08  1.52440842e-08 
 2.88403150e+08  1.52708302e-08 
 2.95120923e+08  1.52986241e-08 
 3.01995172e+08  1.53274866e-08 
 3.09029543e+08  1.53574377e-08 
 3.16227766e+08  1.53884966e-08 
 3.23593657e+08  1.54206815e-08 
 3.31131121e+08  1.54540094e-08 
 3.38844156e+08  1.54884959e-08 
 3.46736850e+08  1.55241554e-08 
 3.54813389e+08  1.55610003e-08 
 3.63078055e+08  1.55990416e-08 
 3.71535229e+08  1.56382881e-08 
 3.80189396e+08  1.56787466e-08 
 3.89045145e+08  1.57204214e-08 
 3.98107171e+08  1.57633143e-08 
 4.07380278e+08  1.58074247e-08 
 4.16869383e+08  1.58527487e-08 
 4.26579519e+08  1.58992795e-08 
 4.36515832e+08  1.59470071e-08 
 4.46683592e+08  1.59959179e-08 
 4.57088190e+08  1.60459946e-08 
 4.67735141e+08  1.60972163e-08 
 4.78630092e+08  1.61495580e-08 
 4.89778819e+08  1.62029903e-08 
 5.01187234e+08  1.62574799e-08 
 5.12861384e+08  1.63129886e-08 
 5.24807460e+08  1.63694740e-08 
 5.37031796e+08  1.64268886e-08 
 5.49540874e+08  1.64851805e-08 
 5.62341325e+08  1.65442924e-08 
 5.75439937e+08  1.66041626e-08 
 5.88843655e+08  1.66647239e-08 
 6.02559586e+08  1.67259044e-08 
 6.16595002e+08  1.67876270e-08 
 6.30957344e+08  1.68498096e-08 
 6.45654229e+08  1.69123652e-08 
 6.60693448e+08  1.69752019e-08 
 6.76082975e+08  1.70382229e-08 
 6.91830971e+08  1.71013268e-08 
 7.07945784e+08  1.71644077e-08 
 7.24435960e+08  1.72273552e-08 
 7.41310241e+08  1.72900547e-08 
 7.58577575e+08  1.73523877e-08 
 7.76247117e+08  1.74142320e-08 
 7.94328235e+08  1.74754617e-08 
 8.12830516e+08  1.75359477e-08 
 8.31763771e+08  1.75955580e-08 
 8.51138038e+08  1.76541580e-08 
 8.70963590e+08  1.77116105e-08 
 8.91250938e+08  1.77677763e-08 
 9.12010839e+08  1.78225147e-08 
 9.33254301e+08  1.78756832e-08 
 9.54992586e+08  1.79271387e-08 
 9.77237221e+08  1.79767369e-08 
 1.00000000e+09  1.80243334e-08 
