 1.00000000e+00  7.19852028e-06 
 1.02329299e+00  7.12571894e-06 
 1.04712855e+00  7.05366326e-06 
 1.07151931e+00  6.98234549e-06 
 1.09647820e+00  6.91175797e-06 
 1.12201845e+00  6.84189312e-06 
 1.14815362e+00  6.77274342e-06 
 1.17489755e+00  6.70430146e-06 
 1.20226443e+00  6.63655989e-06 
 1.23026877e+00  6.56951144e-06 
 1.25892541e+00  6.50314891e-06 
 1.28824955e+00  6.43746519e-06 
 1.31825674e+00  6.37245323e-06 
 1.34896288e+00  6.30810608e-06 
 1.38038426e+00  6.24441682e-06 
 1.41253754e+00  6.18137865e-06 
 1.44543977e+00  6.11898481e-06 
 1.47910839e+00  6.05722863e-06 
 1.51356125e+00  5.99610349e-06 
 1.54881662e+00  5.93560285e-06 
 1.58489319e+00  5.87572024e-06 
 1.62181010e+00  5.81644927e-06 
 1.65958691e+00  5.75778359e-06 
 1.69824365e+00  5.69971695e-06 
 1.73780083e+00  5.64224312e-06 
 1.77827941e+00  5.58535599e-06 
 1.81970086e+00  5.52904947e-06 
 1.86208714e+00  5.47331756e-06 
 1.90546072e+00  5.41815431e-06 
 1.94984460e+00  5.36355384e-06 
 1.99526231e+00  5.30951032e-06 
 2.04173794e+00  5.25601800e-06 
 2.08929613e+00  5.20307118e-06 
 2.13796209e+00  5.15066421e-06 
 2.18776162e+00  5.09879152e-06 
 2.23872114e+00  5.04744757e-06 
 2.29086765e+00  4.99662692e-06 
 2.34422882e+00  4.94632415e-06 
 2.39883292e+00  4.89653390e-06 
 2.45470892e+00  4.84725090e-06 
 2.51188643e+00  4.79846989e-06 
 2.57039578e+00  4.75018569e-06 
 2.63026799e+00  4.70239318e-06 
 2.69153480e+00  4.65508728e-06 
 2.75422870e+00  4.60826296e-06 
 2.81838293e+00  4.56191526e-06 
 2.88403150e+00  4.51603926e-06 
 2.95120923e+00  4.47063009e-06 
 3.01995172e+00  4.42568294e-06 
 3.09029543e+00  4.38119304e-06 
 3.16227766e+00  4.33715568e-06 
 3.23593657e+00  4.29356619e-06 
 3.31131121e+00  4.25041995e-06 
 3.38844156e+00  4.20771240e-06 
 3.46736850e+00  4.16543901e-06 
 3.54813389e+00  4.12359532e-06 
 3.63078055e+00  4.08217689e-06 
 3.71535229e+00  4.04117934e-06 
 3.80189396e+00  4.00059834e-06 
 3.89045145e+00  3.96042961e-06 
 3.98107171e+00  3.92066889e-06 
 4.07380278e+00  3.88131199e-06 
 4.16869383e+00  3.84235475e-06 
 4.26579519e+00  3.80379305e-06 
 4.36515832e+00  3.76562283e-06 
 4.46683592e+00  3.72784007e-06 
 4.57088190e+00  3.69044076e-06 
 4.67735141e+00  3.65342098e-06 
 4.78630092e+00  3.61677682e-06 
 4.89778819e+00  3.58050441e-06 
 5.01187234e+00  3.54459994e-06 
 5.12861384e+00  3.50905962e-06 
 5.24807460e+00  3.47387971e-06 
 5.37031796e+00  3.43905651e-06 
 5.49540874e+00  3.40458635e-06 
 5.62341325e+00  3.37046561e-06 
 5.75439937e+00  3.33669070e-06 
 5.88843655e+00  3.30325807e-06 
 6.02559586e+00  3.27016420e-06 
 6.16595002e+00  3.23740561e-06 
 6.30957344e+00  3.20497887e-06 
 6.45654229e+00  3.17288057e-06 
 6.60693448e+00  3.14110734e-06 
 6.76082975e+00  3.10965584e-06 
 6.91830971e+00  3.07852277e-06 
 7.07945784e+00  3.04770488e-06 
 7.24435960e+00  3.01719892e-06 
 7.41310241e+00  2.98700169e-06 
 7.58577575e+00  2.95711004e-06 
 7.76247117e+00  2.92752083e-06 
 7.94328235e+00  2.89823096e-06 
 8.12830516e+00  2.86923737e-06 
 8.31763771e+00  2.84053701e-06 
 8.51138038e+00  2.81212689e-06 
 8.70963590e+00  2.78400403e-06 
 8.91250938e+00  2.75616550e-06 
 9.12010839e+00  2.72860837e-06 
 9.33254301e+00  2.70132977e-06 
 9.54992586e+00  2.67432684e-06 
 9.77237221e+00  2.64759678e-06 
 1.00000000e+01  2.62113677e-06 
 1.02329299e+01  2.59494407e-06 
 1.04712855e+01  2.56901594e-06 
 1.07151931e+01  2.54334966e-06 
 1.09647820e+01  2.51794257e-06 
 1.12201845e+01  2.49279201e-06 
 1.14815362e+01  2.46789536e-06 
 1.17489755e+01  2.44325002e-06 
 1.20226443e+01  2.41885343e-06 
 1.23026877e+01  2.39470304e-06 
 1.25892541e+01  2.37079634e-06 
 1.28824955e+01  2.34713084e-06 
 1.31825674e+01  2.32370407e-06 
 1.34896288e+01  2.30051360e-06 
 1.38038426e+01  2.27755702e-06 
 1.41253754e+01  2.25483193e-06 
 1.44543977e+01  2.23233597e-06 
 1.47910839e+01  2.21006680e-06 
 1.51356125e+01  2.18802212e-06 
 1.54881662e+01  2.16619962e-06 
 1.58489319e+01  2.14459705e-06 
 1.62181010e+01  2.12321215e-06 
 1.65958691e+01  2.10204271e-06 
 1.69824365e+01  2.08108653e-06 
 1.73780083e+01  2.06034144e-06 
 1.77827941e+01  2.03980528e-06 
 1.81970086e+01  2.01947593e-06 
 1.86208714e+01  1.99935127e-06 
 1.90546072e+01  1.97942922e-06 
 1.94984460e+01  1.95970772e-06 
 1.99526231e+01  1.94018472e-06 
 2.04173794e+01  1.92085821e-06 
 2.08929613e+01  1.90172617e-06 
 2.13796209e+01  1.88278663e-06 
 2.18776162e+01  1.86403764e-06 
 2.23872114e+01  1.84547724e-06 
 2.29086765e+01  1.82710352e-06 
 2.34422882e+01  1.80891458e-06 
 2.39883292e+01  1.79090855e-06 
 2.45470892e+01  1.77308355e-06 
 2.51188643e+01  1.75543775e-06 
 2.57039578e+01  1.73796932e-06 
 2.63026799e+01  1.72067646e-06 
 2.69153480e+01  1.70355739e-06 
 2.75422870e+01  1.68661034e-06 
 2.81838293e+01  1.66983355e-06 
 2.88403150e+01  1.65322531e-06 
 2.95120923e+01  1.63678389e-06 
 3.01995172e+01  1.62050761e-06 
 3.09029543e+01  1.60439477e-06 
 3.16227766e+01  1.58844373e-06 
 3.23593657e+01  1.57265284e-06 
 3.31131121e+01  1.55702047e-06 
 3.38844156e+01  1.54154501e-06 
 3.46736850e+01  1.52622488e-06 
 3.54813389e+01  1.51105849e-06 
 3.63078055e+01  1.49604428e-06 
 3.71535229e+01  1.48118071e-06 
 3.80189396e+01  1.46646625e-06 
 3.89045145e+01  1.45189939e-06 
 3.98107171e+01  1.43747862e-06 
 4.07380278e+01  1.42320248e-06 
 4.16869383e+01  1.40906948e-06 
 4.26579519e+01  1.39507819e-06 
 4.36515832e+01  1.38122716e-06 
 4.46683592e+01  1.36751497e-06 
 4.57088190e+01  1.35394022e-06 
 4.67735141e+01  1.34050150e-06 
 4.78630092e+01  1.32719745e-06 
 4.89778819e+01  1.31402670e-06 
 5.01187234e+01  1.30098789e-06 
 5.12861384e+01  1.28807970e-06 
 5.24807460e+01  1.27530079e-06 
 5.37031796e+01  1.26264987e-06 
 5.49540874e+01  1.25012563e-06 
 5.62341325e+01  1.23772679e-06 
 5.75439937e+01  1.22545208e-06 
 5.88843655e+01  1.21330025e-06 
 6.02559586e+01  1.20127005e-06 
 6.16595002e+01  1.18936025e-06 
 6.30957344e+01  1.17756964e-06 
 6.45654229e+01  1.16589700e-06 
 6.60693448e+01  1.15434115e-06 
 6.76082975e+01  1.14290091e-06 
 6.91830971e+01  1.13157509e-06 
 7.07945784e+01  1.12036256e-06 
 7.24435960e+01  1.10926216e-06 
 7.41310241e+01  1.09827276e-06 
 7.58577575e+01  1.08739324e-06 
 7.76247117e+01  1.07662249e-06 
 7.94328235e+01  1.06595940e-06 
 8.12830516e+01  1.05540290e-06 
 8.31763771e+01  1.04495191e-06 
 8.51138038e+01  1.03460535e-06 
 8.70963590e+01  1.02436218e-06 
 8.91250938e+01  1.01422135e-06 
 9.12010839e+01  1.00418182e-06 
 9.33254301e+01  9.94242587e-07 
 9.54992586e+01  9.84402624e-07 
 9.77237221e+01  9.74660933e-07 
 1.00000000e+02  9.65016523e-07 
 1.02329299e+02  9.55468412e-07 
 1.04712855e+02  9.46015630e-07 
 1.07151931e+02  9.36657213e-07 
 1.09647820e+02  9.27392212e-07 
 1.12201845e+02  9.18219683e-07 
 1.14815362e+02  9.09138696e-07 
 1.17489755e+02  9.00148326e-07 
 1.20226443e+02  8.91247662e-07 
 1.23026877e+02  8.82435799e-07 
 1.25892541e+02  8.73711841e-07 
 1.28824955e+02  8.65074904e-07 
 1.31825674e+02  8.56524112e-07 
 1.34896288e+02  8.48058595e-07 
 1.38038426e+02  8.39677496e-07 
 1.41253754e+02  8.31379965e-07 
 1.44543977e+02  8.23165160e-07 
 1.47910839e+02  8.15032249e-07 
 1.51356125e+02  8.06980406e-07 
 1.54881662e+02  7.99008817e-07 
 1.58489319e+02  7.91116674e-07 
 1.62181010e+02  7.83303177e-07 
 1.65958691e+02  7.75567536e-07 
 1.69824365e+02  7.67908967e-07 
 1.73780083e+02  7.60326695e-07 
 1.77827941e+02  7.52819952e-07 
 1.81970086e+02  7.45387980e-07 
 1.86208714e+02  7.38030027e-07 
 1.90546072e+02  7.30745348e-07 
 1.94984460e+02  7.23533207e-07 
 1.99526231e+02  7.16392876e-07 
 2.04173794e+02  7.09323632e-07 
 2.08929613e+02  7.02324762e-07 
 2.13796209e+02  6.95395558e-07 
 2.18776162e+02  6.88535321e-07 
 2.23872114e+02  6.81743358e-07 
 2.29086765e+02  6.75018984e-07 
 2.34422882e+02  6.68361520e-07 
 2.39883292e+02  6.61770294e-07 
 2.45470892e+02  6.55244641e-07 
 2.51188643e+02  6.48783903e-07 
 2.57039578e+02  6.42387429e-07 
 2.63026799e+02  6.36054574e-07 
 2.69153480e+02  6.29784700e-07 
 2.75422870e+02  6.23577175e-07 
 2.81838293e+02  6.17431373e-07 
 2.88403150e+02  6.11346676e-07 
 2.95120923e+02  6.05322471e-07 
 3.01995172e+02  5.99358151e-07 
 3.09029543e+02  5.93453116e-07 
 3.16227766e+02  5.87606771e-07 
 3.23593657e+02  5.81818530e-07 
 3.31131121e+02  5.76087808e-07 
 3.38844156e+02  5.70414031e-07 
 3.46736850e+02  5.64796627e-07 
 3.54813389e+02  5.59235032e-07 
 3.63078055e+02  5.53728686e-07 
 3.71535229e+02  5.48277037e-07 
 3.80189396e+02  5.42879537e-07 
 3.89045145e+02  5.37535644e-07 
 3.98107171e+02  5.32244821e-07 
 4.07380278e+02  5.27006536e-07 
 4.16869383e+02  5.21820265e-07 
 4.26579519e+02  5.16685486e-07 
 4.36515832e+02  5.11601684e-07 
 4.46683592e+02  5.06568350e-07 
 4.57088190e+02  5.01584978e-07 
 4.67735141e+02  4.96651070e-07 
 4.78630092e+02  4.91766129e-07 
 4.89778819e+02  4.86929667e-07 
 5.01187234e+02  4.82141199e-07 
 5.12861384e+02  4.77400245e-07 
 5.24807460e+02  4.72706330e-07 
 5.37031796e+02  4.68058984e-07 
 5.49540874e+02  4.63457742e-07 
 5.62341325e+02  4.58902143e-07 
 5.75439937e+02  4.54391731e-07 
 5.88843655e+02  4.49926055e-07 
 6.02559586e+02  4.45504668e-07 
 6.16595002e+02  4.41127127e-07 
 6.30957344e+02  4.36792996e-07 
 6.45654229e+02  4.32501840e-07 
 6.60693448e+02  4.28253231e-07 
 6.76082975e+02  4.24046743e-07 
 6.91830971e+02  4.19881957e-07 
 7.07945784e+02  4.15758457e-07 
 7.24435960e+02  4.11675830e-07 
 7.41310241e+02  4.07633669e-07 
 7.58577575e+02  4.03631570e-07 
 7.76247117e+02  3.99669134e-07 
 7.94328235e+02  3.95745965e-07 
 8.12830516e+02  3.91861671e-07 
 8.31763771e+02  3.88015866e-07 
 8.51138038e+02  3.84208165e-07 
 8.70963590e+02  3.80438189e-07 
 8.91250938e+02  3.76705561e-07 
 9.12010839e+02  3.73009910e-07 
 9.33254301e+02  3.69350868e-07 
 9.54992586e+02  3.65728069e-07 
 9.77237221e+02  3.62141152e-07 
 1.00000000e+03  3.58589761e-07 
 1.02329299e+03  3.55073542e-07 
 1.04712855e+03  3.51592144e-07 
 1.07151931e+03  3.48145220e-07 
 1.09647820e+03  3.44732429e-07 
 1.12201845e+03  3.41353429e-07 
 1.14815362e+03  3.38007885e-07 
 1.17489755e+03  3.34695464e-07 
 1.20226443e+03  3.31415837e-07 
 1.23026877e+03  3.28168677e-07 
 1.25892541e+03  3.24953661e-07 
 1.28824955e+03  3.21770470e-07 
 1.31825674e+03  3.18618788e-07 
 1.34896288e+03  3.15498300e-07 
 1.38038426e+03  3.12408698e-07 
 1.41253754e+03  3.09349674e-07 
 1.44543977e+03  3.06320925e-07 
 1.47910839e+03  3.03322149e-07 
 1.51356125e+03  3.00353049e-07 
 1.54881662e+03  2.97413329e-07 
 1.58489319e+03  2.94502700e-07 
 1.62181010e+03  2.91620871e-07 
 1.65958691e+03  2.88767556e-07 
 1.69824365e+03  2.85942473e-07 
 1.73780083e+03  2.83145342e-07 
 1.77827941e+03  2.80375884e-07 
 1.81970086e+03  2.77633826e-07 
 1.86208714e+03  2.74918896e-07 
 1.90546072e+03  2.72230824e-07 
 1.94984460e+03  2.69569344e-07 
 1.99526231e+03  2.66934193e-07 
 2.04173794e+03  2.64325109e-07 
 2.08929613e+03  2.61741834e-07 
 2.13796209e+03  2.59184113e-07 
 2.18776162e+03  2.56651692e-07 
 2.23872114e+03  2.54144320e-07 
 2.29086765e+03  2.51661749e-07 
 2.34422882e+03  2.49203734e-07 
 2.39883292e+03  2.46770031e-07 
 2.45470892e+03  2.44360400e-07 
 2.51188643e+03  2.41974602e-07 
 2.57039578e+03  2.39612401e-07 
 2.63026799e+03  2.37273565e-07 
 2.69153480e+03  2.34957861e-07 
 2.75422870e+03  2.32665061e-07 
 2.81838293e+03  2.30394938e-07 
 2.88403150e+03  2.28147268e-07 
 2.95120923e+03  2.25921828e-07 
 3.01995172e+03  2.23718400e-07 
 3.09029543e+03  2.21536766e-07 
 3.16227766e+03  2.19376709e-07 
 3.23593657e+03  2.17238017e-07 
 3.31131121e+03  2.15120479e-07 
 3.38844156e+03  2.13023886e-07 
 3.46736850e+03  2.10948031e-07 
 3.54813389e+03  2.08892709e-07 
 3.63078055e+03  2.06857717e-07 
 3.71535229e+03  2.04842855e-07 
 3.80189396e+03  2.02847924e-07 
 3.89045145e+03  2.00872727e-07 
 3.98107171e+03  1.98917070e-07 
 4.07380278e+03  1.96980760e-07 
 4.16869383e+03  1.95063606e-07 
 4.26579519e+03  1.93165419e-07 
 4.36515832e+03  1.91286012e-07 
 4.46683592e+03  1.89425200e-07 
 4.57088190e+03  1.87582800e-07 
 4.67735141e+03  1.85758631e-07 
 4.78630092e+03  1.83952512e-07 
 4.89778819e+03  1.82164266e-07 
 5.01187234e+03  1.80393718e-07 
 5.12861384e+03  1.78640692e-07 
 5.24807460e+03  1.76905016e-07 
 5.37031796e+03  1.75186520e-07 
 5.49540874e+03  1.73485035e-07 
 5.62341325e+03  1.71800392e-07 
 5.75439937e+03  1.70132428e-07 
 5.88843655e+03  1.68480976e-07 
 6.02559586e+03  1.66845877e-07 
 6.16595002e+03  1.65226967e-07 
 6.30957344e+03  1.63624089e-07 
 6.45654229e+03  1.62037085e-07 
 6.60693448e+03  1.60465799e-07 
 6.76082975e+03  1.58910077e-07 
 6.91830971e+03  1.57369766e-07 
 7.07945784e+03  1.55844714e-07 
 7.24435960e+03  1.54334772e-07 
 7.41310241e+03  1.52839792e-07 
 7.58577575e+03  1.51359627e-07 
 7.76247117e+03  1.49894131e-07 
 7.94328235e+03  1.48443162e-07 
 8.12830516e+03  1.47006575e-07 
 8.31763771e+03  1.45584232e-07 
 8.51138038e+03  1.44175991e-07 
 8.70963590e+03  1.42781716e-07 
 8.91250938e+03  1.41401268e-07 
 9.12010839e+03  1.40034513e-07 
 9.33254301e+03  1.38681318e-07 
 9.54992586e+03  1.37341548e-07 
 9.77237221e+03  1.36015074e-07 
 1.00000000e+04  1.34701764e-07 
 1.02329299e+04  1.33401490e-07 
 1.04712855e+04  1.32114126e-07 
 1.07151931e+04  1.30839544e-07 
 1.09647820e+04  1.29577620e-07 
 1.12201845e+04  1.28328230e-07 
 1.14815362e+04  1.27091253e-07 
 1.17489755e+04  1.25866566e-07 
 1.20226443e+04  1.24654050e-07 
 1.23026877e+04  1.23453587e-07 
 1.25892541e+04  1.22265058e-07 
 1.28824955e+04  1.21088347e-07 
 1.31825674e+04  1.19923341e-07 
 1.34896288e+04  1.18769923e-07 
 1.38038426e+04  1.17627982e-07 
 1.41253754e+04  1.16497406e-07 
 1.44543977e+04  1.15378084e-07 
 1.47910839e+04  1.14269907e-07 
 1.51356125e+04  1.13172766e-07 
 1.54881662e+04  1.12086554e-07 
 1.58489319e+04  1.11011166e-07 
 1.62181010e+04  1.09946495e-07 
 1.65958691e+04  1.08892438e-07 
 1.69824365e+04  1.07848892e-07 
 1.73780083e+04  1.06815754e-07 
 1.77827941e+04  1.05792925e-07 
 1.81970086e+04  1.04780303e-07 
 1.86208714e+04  1.03777790e-07 
 1.90546072e+04  1.02785289e-07 
 1.94984460e+04  1.01802701e-07 
 1.99526231e+04  1.00829932e-07 
 2.04173794e+04  9.98668853e-08 
 2.08929613e+04  9.89134681e-08 
 2.13796209e+04  9.79695869e-08 
 2.18776162e+04  9.70351495e-08 
 2.23872114e+04  9.61100648e-08 
 2.29086765e+04  9.51942423e-08 
 2.34422882e+04  9.42875928e-08 
 2.39883292e+04  9.33900276e-08 
 2.45470892e+04  9.25014593e-08 
 2.51188643e+04  9.16218010e-08 
 2.57039578e+04  9.07509670e-08 
 2.63026799e+04  8.98888723e-08 
 2.69153480e+04  8.90354328e-08 
 2.75422870e+04  8.81905650e-08 
 2.81838293e+04  8.73541868e-08 
 2.88403150e+04  8.65262164e-08 
 2.95120923e+04  8.57065730e-08 
 3.01995172e+04  8.48951768e-08 
 3.09029543e+04  8.40919485e-08 
 3.16227766e+04  8.32968098e-08 
 3.23593657e+04  8.25096831e-08 
 3.31131121e+04  8.17304917e-08 
 3.38844156e+04  8.09591595e-08 
 3.46736850e+04  8.01956113e-08 
 3.54813389e+04  7.94397727e-08 
 3.63078055e+04  7.86915699e-08 
 3.71535229e+04  7.79509299e-08 
 3.80189396e+04  7.72177804e-08 
 3.89045145e+04  7.64920501e-08 
 3.98107171e+04  7.57736680e-08 
 4.07380278e+04  7.50625641e-08 
 4.16869383e+04  7.43586690e-08 
 4.26579519e+04  7.36619141e-08 
 4.36515832e+04  7.29722314e-08 
 4.46683592e+04  7.22895536e-08 
 4.57088190e+04  7.16138141e-08 
 4.67735141e+04  7.09449469e-08 
 4.78630092e+04  7.02828868e-08 
 4.89778819e+04  6.96275692e-08 
 5.01187234e+04  6.89789301e-08 
 5.12861384e+04  6.83369063e-08 
 5.24807460e+04  6.77014350e-08 
 5.37031796e+04  6.70724542e-08 
 5.49540874e+04  6.64499025e-08 
 5.62341325e+04  6.58337191e-08 
 5.75439937e+04  6.52238438e-08 
 5.88843655e+04  6.46202171e-08 
 6.02559586e+04  6.40227800e-08 
 6.16595002e+04  6.34314741e-08 
 6.30957344e+04  6.28462416e-08 
 6.45654229e+04  6.22670254e-08 
 6.60693448e+04  6.16937688e-08 
 6.76082975e+04  6.11264158e-08 
 6.91830971e+04  6.05649108e-08 
 7.07945784e+04  6.00091990e-08 
 7.24435960e+04  5.94592259e-08 
 7.41310241e+04  5.89149378e-08 
 7.58577575e+04  5.83762813e-08 
 7.76247117e+04  5.78432038e-08 
 7.94328235e+04  5.73156529e-08 
 8.12830516e+04  5.67935771e-08 
 8.31763771e+04  5.62769251e-08 
 8.51138038e+04  5.57656462e-08 
 8.70963590e+04  5.52596904e-08 
 8.91250938e+04  5.47590080e-08 
 9.12010839e+04  5.42635497e-08 
 9.33254301e+04  5.37732671e-08 
 9.54992586e+04  5.32881119e-08 
 9.77237221e+04  5.28080363e-08 
 1.00000000e+05  5.23329934e-08 
 1.02329299e+05  5.18629361e-08 
 1.04712855e+05  5.13978184e-08 
 1.07151931e+05  5.09375944e-08 
 1.09647820e+05  5.04822187e-08 
 1.12201845e+05  5.00316465e-08 
 1.14815362e+05  4.95858333e-08 
 1.17489755e+05  4.91447351e-08 
 1.20226443e+05  4.87083082e-08 
 1.23026877e+05  4.82765097e-08 
 1.25892541e+05  4.78492968e-08 
 1.28824955e+05  4.74266271e-08 
 1.31825674e+05  4.70084589e-08 
 1.34896288e+05  4.65947506e-08 
 1.38038426e+05  4.61854612e-08 
 1.41253754e+05  4.57805500e-08 
 1.44543977e+05  4.53799769e-08 
 1.47910839e+05  4.49837020e-08 
 1.51356125e+05  4.45916857e-08 
 1.54881662e+05  4.42038891e-08 
 1.58489319e+05  4.38202734e-08 
 1.62181010e+05  4.34408003e-08 
 1.65958691e+05  4.30654319e-08 
 1.69824365e+05  4.26941306e-08 
 1.73780083e+05  4.23268592e-08 
 1.77827941e+05  4.19635809e-08 
 1.81970086e+05  4.16042591e-08 
 1.86208714e+05  4.12488577e-08 
 1.90546072e+05  4.08973409e-08 
 1.94984460e+05  4.05496733e-08 
 1.99526231e+05  4.02058197e-08 
 2.04173794e+05  3.98657453e-08 
 2.08929613e+05  3.95294158e-08 
 2.13796209e+05  3.91967969e-08 
 2.18776162e+05  3.88678549e-08 
 2.23872114e+05  3.85425563e-08 
 2.29086765e+05  3.82208679e-08 
 2.34422882e+05  3.79027569e-08 
 2.39883292e+05  3.75881907e-08 
 2.45470892e+05  3.72771371e-08 
 2.51188643e+05  3.69695640e-08 
 2.57039578e+05  3.66654399e-08 
 2.63026799e+05  3.63647334e-08 
 2.69153480e+05  3.60674133e-08 
 2.75422870e+05  3.57734489e-08 
 2.81838293e+05  3.54828098e-08 
 2.88403150e+05  3.51954655e-08 
 2.95120923e+05  3.49113862e-08 
 3.01995172e+05  3.46305422e-08 
 3.09029543e+05  3.43529040e-08 
 3.16227766e+05  3.40784425e-08 
 3.23593657e+05  3.38071286e-08 
 3.31131121e+05  3.35389339e-08 
 3.38844156e+05  3.32738298e-08 
 3.46736850e+05  3.30117881e-08 
 3.54813389e+05  3.27527810e-08 
 3.63078055e+05  3.24967808e-08 
 3.71535229e+05  3.22437600e-08 
 3.80189396e+05  3.19936915e-08 
 3.89045145e+05  3.17465482e-08 
 3.98107171e+05  3.15023033e-08 
 4.07380278e+05  3.12609305e-08 
 4.16869383e+05  3.10224032e-08 
 4.26579519e+05  3.07866955e-08 
 4.36515832e+05  3.05537814e-08 
 4.46683592e+05  3.03236354e-08 
 4.57088190e+05  3.00962318e-08 
 4.67735141e+05  2.98715456e-08 
 4.78630092e+05  2.96495515e-08 
 4.89778819e+05  2.94302248e-08 
 5.01187234e+05  2.92135408e-08 
 5.12861384e+05  2.89994750e-08 
 5.24807460e+05  2.87880032e-08 
 5.37031796e+05  2.85791013e-08 
 5.49540874e+05  2.83727453e-08 
 5.62341325e+05  2.81689116e-08 
 5.75439937e+05  2.79675765e-08 
 5.88843655e+05  2.77687167e-08 
 6.02559586e+05  2.75723091e-08 
 6.16595002e+05  2.73783307e-08 
 6.30957344e+05  2.71867584e-08 
 6.45654229e+05  2.69975698e-08 
 6.60693448e+05  2.68107421e-08 
 6.76082975e+05  2.66262532e-08 
 6.91830971e+05  2.64440807e-08 
 7.07945784e+05  2.62642027e-08 
 7.24435960e+05  2.60865972e-08 
 7.41310241e+05  2.59112425e-08 
 7.58577575e+05  2.57381170e-08 
 7.76247117e+05  2.55671994e-08 
 7.94328235e+05  2.53984682e-08 
 8.12830516e+05  2.52319023e-08 
 8.31763771e+05  2.50674807e-08 
 8.51138038e+05  2.49051826e-08 
 8.70963590e+05  2.47449873e-08 
 8.91250938e+05  2.45868741e-08 
 9.12010839e+05  2.44308225e-08 
 9.33254301e+05  2.42768123e-08 
 9.54992586e+05  2.41248233e-08 
 9.77237221e+05  2.39748355e-08 
 1.00000000e+06  2.38268287e-08 
 1.02329299e+06  2.36807834e-08 
 1.04712855e+06  2.35366797e-08 
 1.07151931e+06  2.33944982e-08 
 1.09647820e+06  2.32542194e-08 
 1.12201845e+06  2.31158240e-08 
 1.14815362e+06  2.29792927e-08 
 1.17489755e+06  2.28446066e-08 
 1.20226443e+06  2.27117467e-08 
 1.23026877e+06  2.25806942e-08 
 1.25892541e+06  2.24514302e-08 
 1.28824955e+06  2.23239363e-08 
 1.31825674e+06  2.21981939e-08 
 1.34896288e+06  2.20741847e-08 
 1.38038426e+06  2.19518904e-08 
 1.41253754e+06  2.18312928e-08 
 1.44543977e+06  2.17123740e-08 
 1.47910839e+06  2.15951159e-08 
 1.51356125e+06  2.14795008e-08 
 1.54881662e+06  2.13655109e-08 
 1.58489319e+06  2.12531287e-08 
 1.62181010e+06  2.11423366e-08 
 1.65958691e+06  2.10331173e-08 
 1.69824365e+06  2.09254536e-08 
 1.73780083e+06  2.08193281e-08 
 1.77827941e+06  2.07147240e-08 
 1.81970086e+06  2.06116242e-08 
 1.86208714e+06  2.05100118e-08 
 1.90546072e+06  2.04098702e-08 
 1.94984460e+06  2.03111827e-08 
 1.99526231e+06  2.02139327e-08 
 2.04173794e+06  2.01181040e-08 
 2.08929613e+06  2.00236800e-08 
 2.13796209e+06  1.99306447e-08 
 2.18776162e+06  1.98389819e-08 
 2.23872114e+06  1.97486757e-08 
 2.29086765e+06  1.96597100e-08 
 2.34422882e+06  1.95720693e-08 
 2.39883292e+06  1.94857377e-08 
 2.45470892e+06  1.94006997e-08 
 2.51188643e+06  1.93169399e-08 
 2.57039578e+06  1.92344429e-08 
 2.63026799e+06  1.91531934e-08 
 2.69153480e+06  1.90731763e-08 
 2.75422870e+06  1.89943766e-08 
 2.81838293e+06  1.89167793e-08 
 2.88403150e+06  1.88403697e-08 
 2.95120923e+06  1.87651329e-08 
 3.01995172e+06  1.86910545e-08 
 3.09029543e+06  1.86181200e-08 
 3.16227766e+06  1.85463148e-08 
 3.23593657e+06  1.84756249e-08 
 3.31131121e+06  1.84060360e-08 
 3.38844156e+06  1.83375340e-08 
 3.46736850e+06  1.82701051e-08 
 3.54813389e+06  1.82037354e-08 
 3.63078055e+06  1.81384112e-08 
 3.71535229e+06  1.80741189e-08 
 3.80189396e+06  1.80108450e-08 
 3.89045145e+06  1.79485761e-08 
 3.98107171e+06  1.78872991e-08 
 4.07380278e+06  1.78270006e-08 
 4.16869383e+06  1.77676676e-08 
 4.26579519e+06  1.77092874e-08 
 4.36515832e+06  1.76518469e-08 
 4.46683592e+06  1.75953337e-08 
 4.57088190e+06  1.75397350e-08 
 4.67735141e+06  1.74850384e-08 
 4.78630092e+06  1.74312315e-08 
 4.89778819e+06  1.73783022e-08 
 5.01187234e+06  1.73262383e-08 
 5.12861384e+06  1.72750278e-08 
 5.24807460e+06  1.72246589e-08 
 5.37031796e+06  1.71751197e-08 
 5.49540874e+06  1.71263986e-08 
 5.62341325e+06  1.70784841e-08 
 5.75439937e+06  1.70313647e-08 
 5.88843655e+06  1.69850292e-08 
 6.02559586e+06  1.69394664e-08 
 6.16595002e+06  1.68946652e-08 
 6.30957344e+06  1.68506146e-08 
 6.45654229e+06  1.68073039e-08 
 6.60693448e+06  1.67647223e-08 
 6.76082975e+06  1.67228592e-08 
 6.91830971e+06  1.66817042e-08 
 7.07945784e+06  1.66412469e-08 
 7.24435960e+06  1.66014771e-08 
 7.41310241e+06  1.65623845e-08 
 7.58577575e+06  1.65239593e-08 
 7.76247117e+06  1.64861915e-08 
 7.94328235e+06  1.64490714e-08 
 8.12830516e+06  1.64125893e-08 
 8.31763771e+06  1.63767357e-08 
 8.51138038e+06  1.63415012e-08 
 8.70963590e+06  1.63068764e-08 
 8.91250938e+06  1.62728521e-08 
 9.12010839e+06  1.62394194e-08 
 9.33254301e+06  1.62065692e-08 
 9.54992586e+06  1.61742928e-08 
 9.77237221e+06  1.61425813e-08 
 1.00000000e+07  1.61114263e-08 
 1.02329299e+07  1.60808192e-08 
 1.04712855e+07  1.60507516e-08 
 1.07151931e+07  1.60212153e-08 
 1.09647820e+07  1.59922021e-08 
 1.12201845e+07  1.59637042e-08 
 1.14815362e+07  1.59357134e-08 
 1.17489755e+07  1.59082220e-08 
 1.20226443e+07  1.58812224e-08 
 1.23026877e+07  1.58547070e-08 
 1.25892541e+07  1.58286683e-08 
 1.28824955e+07  1.58030991e-08 
 1.31825674e+07  1.57779920e-08 
 1.34896288e+07  1.57533400e-08 
 1.38038426e+07  1.57291360e-08 
 1.41253754e+07  1.57053733e-08 
 1.44543977e+07  1.56820450e-08 
 1.47910839e+07  1.56591445e-08 
 1.51356125e+07  1.56366652e-08 
 1.54881662e+07  1.56146008e-08 
 1.58489319e+07  1.55929449e-08 
 1.62181010e+07  1.55716912e-08 
 1.65958691e+07  1.55508338e-08 
 1.69824365e+07  1.55303667e-08 
 1.73780083e+07  1.55102839e-08 
 1.77827941e+07  1.54905798e-08 
 1.81970086e+07  1.54712487e-08 
 1.86208714e+07  1.54522851e-08 
 1.90546072e+07  1.54336835e-08 
 1.94984460e+07  1.54154388e-08 
 1.99526231e+07  1.53975457e-08 
 2.04173794e+07  1.53799992e-08 
 2.08929613e+07  1.53627943e-08 
 2.13796209e+07  1.53459262e-08 
 2.18776162e+07  1.53293902e-08 
 2.23872114e+07  1.53131817e-08 
 2.29086765e+07  1.52972962e-08 
 2.34422882e+07  1.52817293e-08 
 2.39883292e+07  1.52664769e-08 
 2.45470892e+07  1.52515347e-08 
 2.51188643e+07  1.52368989e-08 
 2.57039578e+07  1.52225655e-08 
 2.63026799e+07  1.52085307e-08 
 2.69153480e+07  1.51947911e-08 
 2.75422870e+07  1.51813429e-08 
 2.81838293e+07  1.51681830e-08 
 2.88403150e+07  1.51553079e-08 
 2.95120923e+07  1.51427147e-08 
 3.01995172e+07  1.51304003e-08 
 3.09029543e+07  1.51183618e-08 
 3.16227766e+07  1.51065967e-08 
 3.23593657e+07  1.50951022e-08 
 3.31131121e+07  1.50838759e-08 
 3.38844156e+07  1.50729156e-08 
 3.46736850e+07  1.50622191e-08 
 3.54813389e+07  1.50517844e-08 
 3.63078055e+07  1.50416097e-08 
 3.71535229e+07  1.50316932e-08 
 3.80189396e+07  1.50220334e-08 
 3.89045145e+07  1.50126289e-08 
 3.98107171e+07  1.50034785e-08 
 4.07380278e+07  1.49945812e-08 
 4.16869383e+07  1.49859360e-08 
 4.26579519e+07  1.49775422e-08 
 4.36515832e+07  1.49693994e-08 
 4.46683592e+07  1.49615072e-08 
 4.57088190e+07  1.49538653e-08 
 4.67735141e+07  1.49464738e-08 
 4.78630092e+07  1.49393331e-08 
 4.89778819e+07  1.49324434e-08 
 5.01187234e+07  1.49258054e-08 
 5.12861384e+07  1.49194200e-08 
 5.24807460e+07  1.49132882e-08 
 5.37031796e+07  1.49074114e-08 
 5.49540874e+07  1.49017910e-08 
 5.62341325e+07  1.48964289e-08 
 5.75439937e+07  1.48913269e-08 
 5.88843655e+07  1.48864875e-08 
 6.02559586e+07  1.48819131e-08 
 6.16595002e+07  1.48776065e-08 
 6.30957344e+07  1.48735707e-08 
 6.45654229e+07  1.48698092e-08 
 6.60693448e+07  1.48663256e-08 
 6.76082975e+07  1.48631238e-08 
 6.91830971e+07  1.48602081e-08 
 7.07945784e+07  1.48575831e-08 
 7.24435960e+07  1.48552536e-08 
 7.41310241e+07  1.48532249e-08 
 7.58577575e+07  1.48515026e-08 
 7.76247117e+07  1.48500927e-08 
 7.94328235e+07  1.48490017e-08 
 8.12830516e+07  1.48482359e-08 
 8.31763771e+07  1.48478026e-08 
 8.51138038e+07  1.48477094e-08 
 8.70963590e+07  1.48479641e-08 
 8.91250938e+07  1.48485750e-08 
 9.12010839e+07  1.48495510e-08 
 9.33254301e+07  1.48509014e-08 
 9.54992586e+07  1.48526357e-08 
 9.77237221e+07  1.48547641e-08 
 1.00000000e+08  1.48572973e-08 
 1.02329299e+08  1.48602464e-08 
 1.04712855e+08  1.48636231e-08 
 1.07151931e+08  1.48674395e-08 
 1.09647820e+08  1.48717082e-08 
 1.12201845e+08  1.48764426e-08 
 1.14815362e+08  1.48816563e-08 
 1.17489755e+08  1.48873636e-08 
 1.20226443e+08  1.48935794e-08 
 1.23026877e+08  1.49003191e-08 
 1.25892541e+08  1.49075986e-08 
 1.28824955e+08  1.49154347e-08 
 1.31825674e+08  1.49238443e-08 
 1.34896288e+08  1.49328451e-08 
 1.38038426e+08  1.49424554e-08 
 1.41253754e+08  1.49526940e-08 
 1.44543977e+08  1.49635805e-08 
 1.47910839e+08  1.49751345e-08 
 1.51356125e+08  1.49873768e-08 
 1.54881662e+08  1.50003285e-08 
 1.58489319e+08  1.50140109e-08 
 1.62181010e+08  1.50284463e-08 
 1.65958691e+08  1.50436569e-08 
 1.69824365e+08  1.50596659e-08 
 1.73780083e+08  1.50764965e-08 
 1.77827941e+08  1.50941725e-08 
 1.81970086e+08  1.51127180e-08 
 1.86208714e+08  1.51321574e-08 
 1.90546072e+08  1.51525152e-08 
 1.94984460e+08  1.51738161e-08 
 1.99526231e+08  1.51960849e-08 
 2.04173794e+08  1.52193464e-08 
 2.08929613e+08  1.52436256e-08 
 2.13796209e+08  1.52689471e-08 
 2.18776162e+08  1.52953351e-08 
 2.23872114e+08  1.53228138e-08 
 2.29086765e+08  1.53514067e-08 
 2.34422882e+08  1.53811370e-08 
 2.39883292e+08  1.54120267e-08 
 2.45470892e+08  1.54440972e-08 
 2.51188643e+08  1.54773693e-08 
 2.57039578e+08  1.55118619e-08 
 2.63026799e+08  1.55475926e-08 
 2.69153480e+08  1.55845785e-08 
 2.75422870e+08  1.56228338e-08 
 2.81838293e+08  1.56623709e-08 
 2.88403150e+08  1.57032013e-08 
 2.95120923e+08  1.57453326e-08 
 3.01995172e+08  1.57887710e-08 
 3.09029543e+08  1.58335197e-08 
 3.16227766e+08  1.58795780e-08 
 3.23593657e+08  1.59269438e-08 
 3.31131121e+08  1.59756095e-08 
 3.38844156e+08  1.60255658e-08 
 3.46736850e+08  1.60767974e-08 
 3.54813389e+08  1.61292869e-08 
 3.63078055e+08  1.61830113e-08 
 3.71535229e+08  1.62379429e-08 
 3.80189396e+08  1.62940502e-08 
 3.89045145e+08  1.63512961e-08 
 3.98107171e+08  1.64096378e-08 
 4.07380278e+08  1.64690283e-08 
 4.16869383e+08  1.65294141e-08 
 4.26579519e+08  1.65907367e-08 
 4.36515832e+08  1.66529319e-08 
 4.46683592e+08  1.67159295e-08 
 4.57088190e+08  1.67796534e-08 
 4.67735141e+08  1.68440220e-08 
 4.78630092e+08  1.69089478e-08 
 4.89778819e+08  1.69743375e-08 
 5.01187234e+08  1.70400925e-08 
 5.12861384e+08  1.71061084e-08 
 5.24807460e+08  1.71722751e-08 
 5.37031796e+08  1.72384782e-08 
 5.49540874e+08  1.73045991e-08 
 5.62341325e+08  1.73705124e-08 
 5.75439937e+08  1.74360909e-08 
 5.88843655e+08  1.75012029e-08 
 6.02559586e+08  1.75657119e-08 
 6.16595002e+08  1.76294807e-08 
 6.30957344e+08  1.76923687e-08 
 6.45654229e+08  1.77542324e-08 
 6.60693448e+08  1.78149276e-08 
 6.76082975e+08  1.78743094e-08 
 6.91830971e+08  1.79322315e-08 
 7.07945784e+08  1.79885482e-08 
 7.24435960e+08  1.80431150e-08 
 7.41310241e+08  1.80957861e-08 
 7.58577575e+08  1.81464204e-08 
 7.76247117e+08  1.81948760e-08 
 7.94328235e+08  1.82410147e-08 
 8.12830516e+08  1.82847007e-08 
 8.31763771e+08  1.83258024e-08 
 8.51138038e+08  1.83641905e-08 
 8.70963590e+08  1.83997395e-08 
 8.91250938e+08  1.84323286e-08 
 9.12010839e+08  1.84618412e-08 
 9.33254301e+08  1.84881656e-08 
 9.54992586e+08  1.85111930e-08 
 9.77237221e+08  1.85308213e-08 
 1.00000000e+09  1.85469526e-08 
