 1.00000000e+00 -1.15934329e-04 
 1.25892541e+00 -1.45952673e-04 
 1.58489319e+00 -1.83743529e-04 
 1.99526231e+00 -2.31319398e-04 
 2.51188643e+00 -2.91213868e-04 
 3.16227766e+00 -3.66616539e-04 
 3.98107171e+00 -4.61542877e-04 
 5.01187234e+00 -5.81048057e-04 
 6.30957344e+00 -7.31496164e-04 
 7.94328235e+00 -9.20899110e-04 
 1.00000000e+01 -1.15934329e-03 
 1.25892541e+01 -1.45952673e-03 
 1.58489319e+01 -1.83743529e-03 
 1.99526231e+01 -2.31319398e-03 
 2.51188643e+01 -2.91213868e-03 
 3.16227766e+01 -3.66616538e-03 
 3.98107171e+01 -4.61542876e-03 
 5.01187234e+01 -5.81048055e-03 
 6.30957344e+01 -7.31496160e-03 
 7.94328235e+01 -9.20899102e-03 
 1.00000000e+02 -1.15934328e-02 
 1.25892541e+02 -1.45952670e-02 
 1.58489319e+02 -1.83743523e-02 
 1.99526231e+02 -2.31319385e-02 
 2.51188643e+02 -2.91213843e-02 
 3.16227766e+02 -3.66616489e-02 
 3.98107171e+02 -4.61542778e-02 
 5.01187234e+02 -5.81047858e-02 
 6.30957344e+02 -7.31495768e-02 
 7.94328235e+02 -9.20898319e-02 
 1.00000000e+03 -1.15934171e-01 
 1.25892541e+03 -1.45952358e-01 
 1.58489319e+03 -1.83742901e-01 
 1.99526231e+03 -2.31318144e-01 
 2.51188643e+03 -2.91211366e-01 
 3.16227766e+03 -3.66611547e-01 
 3.98107171e+03 -4.61532918e-01 
 5.01187234e+03 -5.81028186e-01 
 6.30957344e+03 -7.31456518e-01 
 7.94328235e+03 -9.20820010e-01 
 1.00000000e+04 -1.15918548e+00 
 1.25892541e+04 -1.45921190e+00 
 1.58489319e+04 -1.83680727e+00 
 1.99526231e+04 -2.31194136e+00 
 2.51188643e+04 -2.90964080e+00 
 3.16227766e+04 -3.66118596e+00 
 3.98107171e+04 -4.60550769e+00 
 5.01187234e+04 -5.79073005e+00 
 6.30957344e+04 -7.27569438e+00 
 7.94328235e+04 -9.13108119e+00 
 1.00000000e+05 -1.14393455e+01 
 1.25892541e+05 -1.42920199e+01 
 1.58489319e+05 -1.77820287e+01 
 1.99526231e+05 -2.19878866e+01 
 2.51188643e+05 -2.69473020e+01 
 3.16227766e+05 -3.26222041e+01 
 3.98107171e+05 -3.88672842e+01 
 5.01187234e+05 -4.54248688e+01 
 6.30957344e+05 -5.19652285e+01 
 7.94328235e+05 -5.81635638e+01 
 1.00000000e+06 -6.37743961e+01 
 1.25892541e+06 -6.86664227e+01 
 1.58489319e+06 -7.28131380e+01 
 1.99526231e+06 -7.62600084e+01 
 2.51188643e+06 -7.90901798e+01 
 3.16227766e+06 -8.13994267e+01 
 3.98107171e+06 -8.32815730e+01 
 5.01187234e+06 -8.48216918e+01 
 6.30957344e+06 -8.60940190e+01 
 7.94328235e+06 -8.71623430e+01 
 1.00000000e+07 -8.80815305e+01 
 1.25892541e+07 -8.88994737e+01 
 1.58489319e+07 -8.96591261e+01 
 1.99526231e+07 -9.04004927e+01 
 2.51188643e+07 -9.11625394e+01 
 3.16227766e+07 -9.19850147e+01 
 3.98107171e+07 -9.29101606e+01 
 5.01187234e+07 -9.39842102e+01 
 6.30957344e+07 -9.52584123e+01 
 7.94328235e+07 -9.67890187e+01 
 1.00000000e+08 -9.86351629e+01 
 1.25892541e+08 -1.00852817e+02 
 1.58489319e+08 -1.03482278e+02 
 1.99526231e+08 -1.06526839e+02 
 2.51188643e+08 -1.09923721e+02 
 3.16227766e+08 -1.13517878e+02 
 3.98107171e+08 -1.17063953e+02 
 5.01187234e+08 -1.20287636e+02 
 6.30957344e+08 -1.23010251e+02 
 7.94328235e+08 -1.25276462e+02 
 1.00000000e+09 -1.27381733e+02 
