 1.00000000e+00 -1.15613769e-04 
 1.25892541e+00 -1.45549111e-04 
 1.58489319e+00 -1.83235475e-04 
 1.99526231e+00 -2.30679796e-04 
 2.51188643e+00 -2.90408657e-04 
 3.16227766e+00 -3.65602838e-04 
 3.98107171e+00 -4.60266704e-04 
 5.01187234e+00 -5.79441449e-04 
 6.30957344e+00 -7.29473565e-04 
 7.94328235e+00 -9.18352809e-04 
 1.00000000e+01 -1.15613769e-03 
 1.25892541e+01 -1.45549111e-03 
 1.58489319e+01 -1.83235475e-03 
 1.99526231e+01 -2.30679796e-03 
 2.51188643e+01 -2.90408657e-03 
 3.16227766e+01 -3.65602838e-03 
 3.98107171e+01 -4.60266703e-03 
 5.01187234e+01 -5.79441448e-03 
 6.30957344e+01 -7.29473562e-03 
 7.94328235e+01 -9.18352801e-03 
 1.00000000e+02 -1.15613767e-02 
 1.25892541e+02 -1.45549108e-02 
 1.58489319e+02 -1.83235469e-02 
 1.99526231e+02 -2.30679784e-02 
 2.51188643e+02 -2.90408632e-02 
 3.16227766e+02 -3.65602789e-02 
 3.98107171e+02 -4.60266605e-02 
 5.01187234e+02 -5.79441252e-02 
 6.30957344e+02 -7.29473172e-02 
 7.94328235e+02 -9.18352024e-02 
 1.00000000e+03 -1.15613612e-01 
 1.25892541e+03 -1.45548799e-01 
 1.58489319e+03 -1.83234852e-01 
 1.99526231e+03 -2.30678552e-01 
 2.51188643e+03 -2.90406175e-01 
 3.16227766e+03 -3.65597886e-01 
 3.98107171e+03 -4.60256822e-01 
 5.01187234e+03 -5.79421734e-01 
 6.30957344e+03 -7.29434230e-01 
 7.94328235e+03 -9.18274328e-01 
 1.00000000e+04 -1.15598111e+00 
 1.25892541e+04 -1.45517875e+00 
 1.58489319e+04 -1.83173164e+00 
 1.99526231e+04 -2.30555514e+00 
 2.51188643e+04 -2.90160822e+00 
 3.16227766e+04 -3.65108786e+00 
 3.98107171e+04 -4.59282339e+00 
 5.01187234e+04 -5.77481790e+00 
 6.30957344e+04 -7.25577370e+00 
 7.94328235e+04 -9.10622172e+00 
 1.00000000e+05 -1.14084763e+01 
 1.25892541e+05 -1.42539787e+01 
 1.58489319e+05 -1.77356838e+01 
 1.99526231e+05 -2.19323677e+01 
 2.51188643e+05 -2.68823517e+01 
 3.16227766e+05 -3.25485811e+01 
 3.98107171e+05 -3.87870096e+01 
 5.01187234e+05 -4.53410312e+01 
 6.30957344e+05 -5.18812480e+01 
 7.94328235e+05 -5.80822175e+01 
 1.00000000e+06 -6.36971184e+01 
 1.25892541e+06 -6.85931431e+01 
 1.58489319e+06 -7.27425188e+01 
 1.99526231e+06 -7.61897969e+01 
 2.51188643e+06 -7.90174773e+01 
 3.16227766e+06 -8.13208134e+01 
 3.98107171e+06 -8.31931001e+01 
 5.01187234e+06 -8.47187728e+01 
 6.30957344e+06 -8.59712409e+01 
 7.94328235e+06 -8.70132108e+01 
 1.00000000e+07 -8.78981416e+01 
 1.25892541e+07 -8.86721165e+01 
 1.58489319e+07 -8.93757899e+01 
 1.99526231e+07 -9.00462757e+01 
 2.51188643e+07 -9.07189473e+01 
 3.16227766e+07 -9.14291575e+01 
 3.98107171e+07 -9.22138903e+01 
 5.01187234e+07 -9.31133241e+01 
 6.30957344e+07 -9.41721975e+01 
 7.94328235e+07 -9.54407052e+01 
 1.00000000e+08 -9.69743501e+01 
 1.25892541e+08 -9.88316824e+01 
 1.58489319e+08 -1.01068200e+02 
 1.99526231e+08 -1.03724178e+02 
 2.51188643e+08 -1.06804928e+02 
 3.16227766e+08 -1.10256105e+02 
 3.98107171e+08 -1.13945985e+02 
 5.01187234e+08 -1.17676962e+02 
 6.30957344e+08 -1.21244726e+02 
 7.94328235e+08 -1.24531513e+02 
 1.00000000e+09 -1.27579053e+02 
