 1.00000000e+00  3.74966517e+01 
 1.25892541e+00  3.74966517e+01 
 1.58489319e+00  3.74966517e+01 
 1.99526231e+00  3.74966517e+01 
 2.51188643e+00  3.74966516e+01 
 3.16227766e+00  3.74966516e+01 
 3.98107171e+00  3.74966516e+01 
 5.01187234e+00  3.74966515e+01 
 6.30957344e+00  3.74966514e+01 
 7.94328235e+00  3.74966513e+01 
 1.00000000e+01  3.74966511e+01 
 1.25892541e+01  3.74966507e+01 
 1.58489319e+01  3.74966502e+01 
 1.99526231e+01  3.74966493e+01 
 2.51188643e+01  3.74966478e+01 
 3.16227766e+01  3.74966456e+01 
 3.98107171e+01  3.74966420e+01 
 5.01187234e+01  3.74966364e+01 
 6.30957344e+01  3.74966275e+01 
 7.94328235e+01  3.74966133e+01 
 1.00000000e+02  3.74965908e+01 
 1.25892541e+02  3.74965552e+01 
 1.58489319e+02  3.74964988e+01 
 1.99526231e+02  3.74964094e+01 
 2.51188643e+02  3.74962677e+01 
 3.16227766e+02  3.74960431e+01 
 3.98107171e+02  3.74956872e+01 
 5.01187234e+02  3.74951232e+01 
 6.30957344e+02  3.74942295e+01 
 7.94328235e+02  3.74928134e+01 
 1.00000000e+03  3.74905699e+01 
 1.25892541e+03  3.74870167e+01 
 1.58489319e+03  3.74813911e+01 
 1.99526231e+03  3.74724901e+01 
 2.51188643e+03  3.74584202e+01 
 3.16227766e+03  3.74362138e+01 
 3.98107171e+03  3.74012501e+01 
 5.01187234e+03  3.73464065e+01 
 6.30957344e+03  3.72608795e+01 
 7.94328235e+03  3.71286868e+01 
 1.00000000e+04  3.69270846e+01 
 1.25892541e+04  3.66255813e+01 
 1.58489319e+04  3.61868652e+01 
 1.99526231e+04  3.55712781e+01 
 2.51188643e+04  3.47453832e+01 
 3.16227766e+04  3.36920762e+01 
 3.98107171e+04  3.24167332e+01 
 5.01187234e+04  3.09452087e+01 
 6.30957344e+04  2.93151051e+01 
 7.94328235e+04  2.75658208e+01 
 1.00000000e+05  2.57317985e+01 
 1.25892541e+05  2.38398840e+01 
 1.58489319e+05  2.19094917e+01 
 1.99526231e+05  1.99539918e+01 
 2.51188643e+05  1.79823052e+01 
 3.16227766e+05  1.60002642e+01 
 3.98107171e+05  1.40116321e+01 
 5.01187234e+05  1.20188173e+01 
 6.30957344e+05  1.00233527e+01 
 7.94328235e+05  8.02620981e+00 
 1.00000000e+06  6.02800254e+00 
 1.25892541e+06  4.02911665e+00 
 1.58489319e+06  2.02979219e+00 
 1.99526231e+06  3.01747716e-02 
 2.51188643e+06 -1.96965309e+00 
 3.16227766e+06 -3.96965427e+00 
 3.98107171e+06 -5.96982902e+00 
 5.01187234e+06 -7.97021509e+00 
 6.30957344e+06 -9.97089577e+00 
 7.94328235e+06 -1.19720180e+01 
 1.00000000e+07 -1.39738239e+01 
 1.25892541e+07 -1.59767030e+01 
 1.58489319e+07 -1.79812765e+01 
 1.99526231e+07 -1.99885304e+01 
 2.51188643e+07 -2.20000275e+01 
 3.16227766e+07 -2.40182421e+01 
 3.98107171e+07 -2.60470871e+01 
 5.01187234e+07 -2.80927411e+01 
 6.30957344e+07 -3.01649347e+01 
 7.94328235e+07 -3.22789268e+01 
 1.00000000e+08 -3.44584566e+01 
 1.25892541e+08 -3.67399134e+01 
 1.58489319e+08 -3.91774682e+01 
 1.99526231e+08 -4.18469907e+01 
 2.51188643e+08 -4.48407993e+01 
 3.16227766e+08 -4.82314405e+01 
 3.98107171e+08 -5.19615187e+01 
 5.01187234e+08 -5.56522410e+01 
 6.30957344e+08 -5.86683907e+01 
 7.94328235e+08 -6.08680808e+01 
 1.00000000e+09 -6.27731804e+01 
