 1.00000000e+00  3.74965882e+01 
 1.25892541e+00  3.74965882e+01 
 1.58489319e+00  3.74965882e+01 
 1.99526231e+00  3.74965882e+01 
 2.51188643e+00  3.74965882e+01 
 3.16227766e+00  3.74965882e+01 
 3.98107171e+00  3.74965881e+01 
 5.01187234e+00  3.74965881e+01 
 6.30957344e+00  3.74965880e+01 
 7.94328235e+00  3.74965878e+01 
 1.00000000e+01  3.74965876e+01 
 1.25892541e+01  3.74965873e+01 
 1.58489319e+01  3.74965867e+01 
 1.99526231e+01  3.74965858e+01 
 2.51188643e+01  3.74965844e+01 
 3.16227766e+01  3.74965821e+01 
 3.98107171e+01  3.74965786e+01 
 5.01187234e+01  3.74965729e+01 
 6.30957344e+01  3.74965639e+01 
 7.94328235e+01  3.74965497e+01 
 1.00000000e+02  3.74965272e+01 
 1.25892541e+02  3.74964915e+01 
 1.58489319e+02  3.74964349e+01 
 1.99526231e+02  3.74963451e+01 
 2.51188643e+02  3.74962030e+01 
 3.16227766e+02  3.74959777e+01 
 3.98107171e+02  3.74956206e+01 
 5.01187234e+02  3.74950547e+01 
 6.30957344e+02  3.74941580e+01 
 7.94328235e+02  3.74927372e+01 
 1.00000000e+03  3.74904863e+01 
 1.25892541e+03  3.74869214e+01 
 1.58489319e+03  3.74812772e+01 
 1.99526231e+03  3.74723469e+01 
 2.51188643e+03  3.74582307e+01 
 3.16227766e+03  3.74359517e+01 
 3.98107171e+03  3.74008743e+01 
 5.01187234e+03  3.73458542e+01 
 6.30957344e+03  3.72600565e+01 
 7.94328235e+03  3.71274557e+01 
 1.00000000e+04  3.69252545e+01 
 1.25892541e+04  3.66229060e+01 
 1.58489319e+04  3.61830605e+01 
 1.99526231e+04  3.55660696e+01 
 2.51188643e+04  3.47385789e+01 
 3.16227766e+04  3.36836316e+01 
 3.98107171e+04  3.24067684e+01 
 5.01187234e+04  3.09339643e+01 
 6.30957344e+04  2.93028680e+01 
 7.94328235e+04  2.75528612e+01 
 1.00000000e+05  2.57183372e+01 
 1.25892541e+05  2.38260855e+01 
 1.58489319e+05  2.18954714e+01 
 1.99526231e+05  1.99398277e+01 
 2.51188643e+05  1.79680484e+01 
 3.16227766e+05  1.59859477e+01 
 3.98107171e+05  1.39972769e+01 
 5.01187234e+05  1.20044363e+01 
 6.30957344e+05  1.00089531e+01 
 7.94328235e+05  8.01179504e+00 
 1.00000000e+06  6.01357275e+00 
 1.25892541e+06  4.01466878e+00 
 1.58489319e+06  2.01531923e+00 
 1.99526231e+06  1.56643171e-02 
 2.51188643e+06 -1.98422153e+00 
 3.16227766e+06 -3.98431372e+00 
 3.98107171e+06 -5.98463215e+00 
 5.01187234e+06 -7.98524557e+00 
 6.30957344e+06 -9.98628643e+00 
 7.94328235e+06 -1.19879795e+01 
 1.00000000e+07 -1.39906903e+01 
 1.25892541e+07 -1.59950046e+01 
 1.58489319e+07 -1.80018545e+01 
 1.99526231e+07 -2.00127217e+01 
 2.51188643e+07 -2.20299584e+01 
 3.16227766e+07 -2.40573021e+01 
 3.98107171e+07 -2.61006944e+01 
 5.01187234e+07 -2.81695914e+01 
 6.30957344e+07 -3.02790547e+01 
 7.94328235e+07 -3.24530501e+01 
 1.00000000e+08 -3.47294598e+01 
 1.25892541e+08 -3.71668649e+01 
 1.58489319e+08 -3.98505345e+01 
 1.99526231e+08 -4.28859086e+01 
 2.51188643e+08 -4.63462394e+01 
 3.16227766e+08 -5.01224293e+01 
 3.98107171e+08 -5.37410723e+01 
 5.01187234e+08 -5.66436016e+01 
 6.30957344e+08 -5.89213614e+01 
 7.94328235e+08 -6.10940886e+01 
 1.00000000e+09 -6.34896334e+01 
