 1.00000000e+00  2.52286925e-05 
 1.02329299e+00  2.49845828e-05 
 1.04712855e+00  2.47428396e-05 
 1.07151931e+00  2.45034401e-05 
 1.09647820e+00  2.42663613e-05 
 1.12201845e+00  2.40315808e-05 
 1.14815362e+00  2.37990763e-05 
 1.17489755e+00  2.35688255e-05 
 1.20226443e+00  2.33408066e-05 
 1.23026877e+00  2.31149979e-05 
 1.25892541e+00  2.28913779e-05 
 1.28824955e+00  2.26699253e-05 
 1.31825674e+00  2.24506192e-05 
 1.34896288e+00  2.22334386e-05 
 1.38038426e+00  2.20183628e-05 
 1.41253754e+00  2.18053715e-05 
 1.44543977e+00  2.15944444e-05 
 1.47910839e+00  2.13855614e-05 
 1.51356125e+00  2.11787026e-05 
 1.54881662e+00  2.09738485e-05 
 1.58489319e+00  2.07709794e-05 
 1.62181010e+00  2.05700762e-05 
 1.65958691e+00  2.03711198e-05 
 1.69824365e+00  2.01740912e-05 
 1.73780083e+00  1.99789716e-05 
 1.77827941e+00  1.97857427e-05 
 1.81970086e+00  1.95943859e-05 
 1.86208714e+00  1.94048832e-05 
 1.90546072e+00  1.92172164e-05 
 1.94984460e+00  1.90313679e-05 
 1.99526231e+00  1.88473198e-05 
 2.04173794e+00  1.86650548e-05 
 2.08929613e+00  1.84845556e-05 
 2.13796209e+00  1.83058048e-05 
 2.18776162e+00  1.81287857e-05 
 2.23872114e+00  1.79534814e-05 
 2.29086765e+00  1.77798752e-05 
 2.34422882e+00  1.76079506e-05 
 2.39883292e+00  1.74376914e-05 
 2.45470892e+00  1.72690813e-05 
 2.51188643e+00  1.71021043e-05 
 2.57039578e+00  1.69367446e-05 
 2.63026799e+00  1.67729865e-05 
 2.69153480e+00  1.66108144e-05 
 2.75422870e+00  1.64502130e-05 
 2.81838293e+00  1.62911670e-05 
 2.88403150e+00  1.61336612e-05 
 2.95120923e+00  1.59776808e-05 
 3.01995172e+00  1.58232109e-05 
 3.09029543e+00  1.56702369e-05 
 3.16227766e+00  1.55187443e-05 
 3.23593657e+00  1.53687186e-05 
 3.31131121e+00  1.52201457e-05 
 3.38844156e+00  1.50730114e-05 
 3.46736850e+00  1.49273018e-05 
 3.54813389e+00  1.47830031e-05 
 3.63078055e+00  1.46401015e-05 
 3.71535229e+00  1.44985836e-05 
 3.80189396e+00  1.43584358e-05 
 3.89045145e+00  1.42196449e-05 
 3.98107171e+00  1.40821977e-05 
 4.07380278e+00  1.39460813e-05 
 4.16869383e+00  1.38112826e-05 
 4.26579519e+00  1.36777888e-05 
 4.36515832e+00  1.35455874e-05 
 4.46683592e+00  1.34146659e-05 
 4.57088190e+00  1.32850116e-05 
 4.67735141e+00  1.31566125e-05 
 4.78630092e+00  1.30294563e-05 
 4.89778819e+00  1.29035309e-05 
 5.01187234e+00  1.27788244e-05 
 5.12861384e+00  1.26553250e-05 
 5.24807460e+00  1.25330210e-05 
 5.37031796e+00  1.24119008e-05 
 5.49540874e+00  1.22919529e-05 
 5.62341325e+00  1.21731659e-05 
 5.75439937e+00  1.20555286e-05 
 5.88843655e+00  1.19390298e-05 
 6.02559586e+00  1.18236585e-05 
 6.16595002e+00  1.17094037e-05 
 6.30957344e+00  1.15962547e-05 
 6.45654229e+00  1.14842007e-05 
 6.60693448e+00  1.13732310e-05 
 6.76082975e+00  1.12633352e-05 
 6.91830971e+00  1.11545029e-05 
 7.07945784e+00  1.10467237e-05 
 7.24435960e+00  1.09399875e-05 
 7.41310241e+00  1.08342840e-05 
 7.58577575e+00  1.07296034e-05 
 7.76247117e+00  1.06259356e-05 
 7.94328235e+00  1.05232710e-05 
 8.12830516e+00  1.04215996e-05 
 8.31763771e+00  1.03209120e-05 
 8.51138038e+00  1.02211986e-05 
 8.70963590e+00  1.01224499e-05 
 8.91250938e+00  1.00246566e-05 
 9.12010839e+00  9.92780939e-06 
 9.33254301e+00  9.83189915e-06 
 9.54992586e+00  9.73691678e-06 
 9.77237221e+00  9.64285328e-06 
 1.00000000e+01  9.54969976e-06 
 1.02329299e+01  9.45744739e-06 
 1.04712855e+01  9.36608744e-06 
 1.07151931e+01  9.27561125e-06 
 1.09647820e+01  9.18601027e-06 
 1.12201845e+01  9.09727601e-06 
 1.14815362e+01  9.00940007e-06 
 1.17489755e+01  8.92237414e-06 
 1.20226443e+01  8.83618997e-06 
 1.23026877e+01  8.75083941e-06 
 1.25892541e+01  8.66631439e-06 
 1.28824955e+01  8.58260690e-06 
 1.31825674e+01  8.49970903e-06 
 1.34896288e+01  8.41761292e-06 
 1.38038426e+01  8.33631081e-06 
 1.41253754e+01  8.25579500e-06 
 1.44543977e+01  8.17605789e-06 
 1.47910839e+01  8.09709192e-06 
 1.51356125e+01  8.01888962e-06 
 1.54881662e+01  7.94144360e-06 
 1.58489319e+01  7.86474652e-06 
 1.62181010e+01  7.78879114e-06 
 1.65958691e+01  7.71357027e-06 
 1.69824365e+01  7.63907678e-06 
 1.73780083e+01  7.56530365e-06 
 1.77827941e+01  7.49224388e-06 
 1.81970086e+01  7.41989057e-06 
 1.86208714e+01  7.34823688e-06 
 1.90546072e+01  7.27727603e-06 
 1.94984460e+01  7.20700131e-06 
 1.99526231e+01  7.13740607e-06 
 2.04173794e+01  7.06848373e-06 
 2.08929613e+01  7.00022778e-06 
 2.13796209e+01  6.93263176e-06 
 2.18776162e+01  6.86568928e-06 
 2.23872114e+01  6.79939402e-06 
 2.29086765e+01  6.73373969e-06 
 2.34422882e+01  6.66872011e-06 
 2.39883292e+01  6.60432911e-06 
 2.45470892e+01  6.54056062e-06 
 2.51188643e+01  6.47740861e-06 
 2.57039578e+01  6.41486710e-06 
 2.63026799e+01  6.35293018e-06 
 2.69153480e+01  6.29159201e-06 
 2.75422870e+01  6.23084678e-06 
 2.81838293e+01  6.17068875e-06 
 2.88403150e+01  6.11111224e-06 
 2.95120923e+01  6.05211161e-06 
 3.01995172e+01  5.99368130e-06 
 3.09029543e+01  5.93581578e-06 
 3.16227766e+01  5.87850958e-06 
 3.23593657e+01  5.82175729e-06 
 3.31131121e+01  5.76555354e-06 
 3.38844156e+01  5.70989303e-06 
 3.46736850e+01  5.65477050e-06 
 3.54813389e+01  5.60018073e-06 
 3.63078055e+01  5.54611857e-06 
 3.71535229e+01  5.49257892e-06 
 3.80189396e+01  5.43955672e-06 
 3.89045145e+01  5.38704695e-06 
 3.98107171e+01  5.33504467e-06 
 4.07380278e+01  5.28354495e-06 
 4.16869383e+01  5.23254293e-06 
 4.26579519e+01  5.18203379e-06 
 4.36515832e+01  5.13201278e-06 
 4.46683592e+01  5.08247515e-06 
 4.57088190e+01  5.03341623e-06 
 4.67735141e+01  4.98483140e-06 
 4.78630092e+01  4.93671605e-06 
 4.89778819e+01  4.88906566e-06 
 5.01187234e+01  4.84187571e-06 
 5.12861384e+01  4.79514176e-06 
 5.24807460e+01  4.74885939e-06 
 5.37031796e+01  4.70302423e-06 
 5.49540874e+01  4.65763195e-06 
 5.62341325e+01  4.61267827e-06 
 5.75439937e+01  4.56815894e-06 
 5.88843655e+01  4.52406977e-06 
 6.02559586e+01  4.48040659e-06 
 6.16595002e+01  4.43716527e-06 
 6.30957344e+01  4.39434174e-06 
 6.45654229e+01  4.35193195e-06 
 6.60693448e+01  4.30993191e-06 
 6.76082975e+01  4.26833764e-06 
 6.91830971e+01  4.22714522e-06 
 7.07945784e+01  4.18635077e-06 
 7.24435960e+01  4.14595043e-06 
 7.41310241e+01  4.10594039e-06 
 7.58577575e+01  4.06631687e-06 
 7.76247117e+01  4.02707615e-06 
 7.94328235e+01  3.98821450e-06 
 8.12830516e+01  3.94972828e-06 
 8.31763771e+01  3.91161383e-06 
 8.51138038e+01  3.87386758e-06 
 8.70963590e+01  3.83648596e-06 
 8.91250938e+01  3.79946543e-06 
 9.12010839e+01  3.76280251e-06 
 9.33254301e+01  3.72649374e-06 
 9.54992586e+01  3.69053570e-06 
 9.77237221e+01  3.65492499e-06 
 1.00000000e+02  3.61965825e-06 
 1.02329299e+02  3.58473215e-06 
 1.04712855e+02  3.55014341e-06 
 1.07151931e+02  3.51588875e-06 
 1.09647820e+02  3.48196495e-06 
 1.12201845e+02  3.44836882e-06 
 1.14815362e+02  3.41509717e-06 
 1.17489755e+02  3.38214687e-06 
 1.20226443e+02  3.34951481e-06 
 1.23026877e+02  3.31719792e-06 
 1.25892541e+02  3.28519316e-06 
 1.28824955e+02  3.25349749e-06 
 1.31825674e+02  3.22210793e-06 
 1.34896288e+02  3.19102153e-06 
 1.38038426e+02  3.16023534e-06 
 1.41253754e+02  3.12974648e-06 
 1.44543977e+02  3.09955206e-06 
 1.47910839e+02  3.06964923e-06 
 1.51356125e+02  3.04003518e-06 
 1.54881662e+02  3.01070712e-06 
 1.58489319e+02  2.98166227e-06 
 1.62181010e+02  2.95289791e-06 
 1.65958691e+02  2.92441132e-06 
 1.69824365e+02  2.89619982e-06 
 1.73780083e+02  2.86826074e-06 
 1.77827941e+02  2.84059145e-06 
 1.81970086e+02  2.81318934e-06 
 1.86208714e+02  2.78605184e-06 
 1.90546072e+02  2.75917638e-06 
 1.94984460e+02  2.73256043e-06 
 1.99526231e+02  2.70620148e-06 
 2.04173794e+02  2.68009705e-06 
 2.08929613e+02  2.65424467e-06 
 2.13796209e+02  2.62864192e-06 
 2.18776162e+02  2.60328637e-06 
 2.23872114e+02  2.57817565e-06 
 2.29086765e+02  2.55330737e-06 
 2.34422882e+02  2.52867920e-06 
 2.39883292e+02  2.50428883e-06 
 2.45470892e+02  2.48013394e-06 
 2.51188643e+02  2.45621226e-06 
 2.57039578e+02  2.43252155e-06 
 2.63026799e+02  2.40905956e-06 
 2.69153480e+02  2.38582409e-06 
 2.75422870e+02  2.36281295e-06 
 2.81838293e+02  2.34002397e-06 
 2.88403150e+02  2.31745500e-06 
 2.95120923e+02  2.29510392e-06 
 3.01995172e+02  2.27296862e-06 
 3.09029543e+02  2.25104702e-06 
 3.16227766e+02  2.22933705e-06 
 3.23593657e+02  2.20783666e-06 
 3.31131121e+02  2.18654384e-06 
 3.38844156e+02  2.16545657e-06 
 3.46736850e+02  2.14457287e-06 
 3.54813389e+02  2.12389078e-06 
 3.63078055e+02  2.10340834e-06 
 3.71535229e+02  2.08312362e-06 
 3.80189396e+02  2.06303472e-06 
 3.89045145e+02  2.04313974e-06 
 3.98107171e+02  2.02343682e-06 
 4.07380278e+02  2.00392408e-06 
 4.16869383e+02  1.98459970e-06 
 4.26579519e+02  1.96546186e-06 
 4.36515832e+02  1.94650876e-06 
 4.46683592e+02  1.92773860e-06 
 4.57088190e+02  1.90914963e-06 
 4.67735141e+02  1.89074008e-06 
 4.78630092e+02  1.87250824e-06 
 4.89778819e+02  1.85445238e-06 
 5.01187234e+02  1.83657080e-06 
 5.12861384e+02  1.81886182e-06 
 5.24807460e+02  1.80132377e-06 
 5.37031796e+02  1.78395500e-06 
 5.49540874e+02  1.76675388e-06 
 5.62341325e+02  1.74971878e-06 
 5.75439937e+02  1.73284811e-06 
 5.88843655e+02  1.71614026e-06 
 6.02559586e+02  1.69959368e-06 
 6.16595002e+02  1.68320681e-06 
 6.30957344e+02  1.66697809e-06 
 6.45654229e+02  1.65090601e-06 
 6.60693448e+02  1.63498905e-06 
 6.76082975e+02  1.61922571e-06 
 6.91830971e+02  1.60361451e-06 
 7.07945784e+02  1.58815397e-06 
 7.24435960e+02  1.57284266e-06 
 7.41310241e+02  1.55767911e-06 
 7.58577575e+02  1.54266192e-06 
 7.76247117e+02  1.52778965e-06 
 7.94328235e+02  1.51306092e-06 
 8.12830516e+02  1.49847434e-06 
 8.31763771e+02  1.48402853e-06 
 8.51138038e+02  1.46972214e-06 
 8.70963590e+02  1.45555382e-06 
 8.91250938e+02  1.44152223e-06 
 9.12010839e+02  1.42762606e-06 
 9.33254301e+02  1.41386400e-06 
 9.54992586e+02  1.40023475e-06 
 9.77237221e+02  1.38673703e-06 
 1.00000000e+03  1.37336957e-06 
 1.02329299e+03  1.36013111e-06 
 1.04712855e+03  1.34702041e-06 
 1.07151931e+03  1.33403624e-06 
 1.09647820e+03  1.32117737e-06 
 1.12201845e+03  1.30844259e-06 
 1.14815362e+03  1.29583071e-06 
 1.17489755e+03  1.28334053e-06 
 1.20226443e+03  1.27097089e-06 
 1.23026877e+03  1.25872062e-06 
 1.25892541e+03  1.24658856e-06 
 1.28824955e+03  1.23457359e-06 
 1.31825674e+03  1.22267455e-06 
 1.34896288e+03  1.21089035e-06 
 1.38038426e+03  1.19921986e-06 
 1.41253754e+03  1.18766200e-06 
 1.44543977e+03  1.17621566e-06 
 1.47910839e+03  1.16487979e-06 
 1.51356125e+03  1.15365330e-06 
 1.54881662e+03  1.14253515e-06 
 1.58489319e+03  1.13152429e-06 
 1.62181010e+03  1.12061969e-06 
 1.65958691e+03  1.10982031e-06 
 1.69824365e+03  1.09912515e-06 
 1.73780083e+03  1.08853319e-06 
 1.77827941e+03  1.07804344e-06 
 1.81970086e+03  1.06765492e-06 
 1.86208714e+03  1.05736664e-06 
 1.90546072e+03  1.04717765e-06 
 1.94984460e+03  1.03708698e-06 
 1.99526231e+03  1.02709368e-06 
 2.04173794e+03  1.01719681e-06 
 2.08929613e+03  1.00739545e-06 
 2.13796209e+03  9.97688667e-07 
 2.18776162e+03  9.88075555e-07 
 2.23872114e+03  9.78555207e-07 
 2.29086765e+03  9.69126730e-07 
 2.34422882e+03  9.59789236e-07 
 2.39883292e+03  9.50541847e-07 
 2.45470892e+03  9.41383695e-07 
 2.51188643e+03  9.32313918e-07 
 2.57039578e+03  9.23331664e-07 
 2.63026799e+03  9.14436087e-07 
 2.69153480e+03  9.05626353e-07 
 2.75422870e+03  8.96901633e-07 
 2.81838293e+03  8.88261106e-07 
 2.88403150e+03  8.79703960e-07 
 2.95120923e+03  8.71229392e-07 
 3.01995172e+03  8.62836604e-07 
 3.09029543e+03  8.54524808e-07 
 3.16227766e+03  8.46293222e-07 
 3.23593657e+03  8.38141072e-07 
 3.31131121e+03  8.30067593e-07 
 3.38844156e+03  8.22072025e-07 
 3.46736850e+03  8.14153618e-07 
 3.54813389e+03  8.06311626e-07 
 3.63078055e+03  7.98545313e-07 
 3.71535229e+03  7.90853949e-07 
 3.80189396e+03  7.83236812e-07 
 3.89045145e+03  7.75693184e-07 
 3.98107171e+03  7.68222358e-07 
 4.07380278e+03  7.60823630e-07 
 4.16869383e+03  7.53496307e-07 
 4.26579519e+03  7.46239699e-07 
 4.36515832e+03  7.39053125e-07 
 4.46683592e+03  7.31935909e-07 
 4.57088190e+03  7.24887382e-07 
 4.67735141e+03  7.17906882e-07 
 4.78630092e+03  7.10993753e-07 
 4.89778819e+03  7.04147345e-07 
 5.01187234e+03  6.97367016e-07 
 5.12861384e+03  6.90652128e-07 
 5.24807460e+03  6.84002050e-07 
 5.37031796e+03  6.77416157e-07 
 5.49540874e+03  6.70893832e-07 
 5.62341325e+03  6.64434459e-07 
 5.75439937e+03  6.58037434e-07 
 5.88843655e+03  6.51702155e-07 
 6.02559586e+03  6.45428026e-07 
 6.16595002e+03  6.39214459e-07 
 6.30957344e+03  6.33060869e-07 
 6.45654229e+03  6.26966679e-07 
 6.60693448e+03  6.20931315e-07 
 6.76082975e+03  6.14954212e-07 
 6.91830971e+03  6.09034807e-07 
 7.07945784e+03  6.03172544e-07 
 7.24435960e+03  5.97366874e-07 
 7.41310241e+03  5.91617249e-07 
 7.58577575e+03  5.85923131e-07 
 7.76247117e+03  5.80283984e-07 
 7.94328235e+03  5.74699279e-07 
 8.12830516e+03  5.69168491e-07 
 8.31763771e+03  5.63691101e-07 
 8.51138038e+03  5.58266594e-07 
 8.70963590e+03  5.52894461e-07 
 8.91250938e+03  5.47574196e-07 
 9.12010839e+03  5.42305301e-07 
 9.33254301e+03  5.37087281e-07 
 9.54992586e+03  5.31919645e-07 
 9.77237221e+03  5.26801908e-07 
 1.00000000e+04  5.21733590e-07 
 1.02329299e+04  5.16714214e-07 
 1.04712855e+04  5.11743310e-07 
 1.07151931e+04  5.06820409e-07 
 1.09647820e+04  5.01945051e-07 
 1.12201845e+04  4.97116776e-07 
 1.14815362e+04  4.92335133e-07 
 1.17489755e+04  4.87599671e-07 
 1.20226443e+04  4.82909946e-07 
 1.23026877e+04  4.78265517e-07 
 1.25892541e+04  4.73665949e-07 
 1.28824955e+04  4.69110810e-07 
 1.31825674e+04  4.64599671e-07 
 1.34896288e+04  4.60132110e-07 
 1.38038426e+04  4.55707706e-07 
 1.41253754e+04  4.51326045e-07 
 1.44543977e+04  4.46986714e-07 
 1.47910839e+04  4.42689307e-07 
 1.51356125e+04  4.38433420e-07 
 1.54881662e+04  4.34218653e-07 
 1.58489319e+04  4.30044610e-07 
 1.62181010e+04  4.25910901e-07 
 1.65958691e+04  4.21817136e-07 
 1.69824365e+04  4.17762931e-07 
 1.73780083e+04  4.13747906e-07 
 1.77827941e+04  4.09771684e-07 
 1.81970086e+04  4.05833890e-07 
 1.86208714e+04  4.01934157e-07 
 1.90546072e+04  3.98072117e-07 
 1.94984460e+04  3.94247408e-07 
 1.99526231e+04  3.90459671e-07 
 2.04173794e+04  3.86708551e-07 
 2.08929613e+04  3.82993695e-07 
 2.13796209e+04  3.79314754e-07 
 2.18776162e+04  3.75671383e-07 
 2.23872114e+04  3.72063241e-07 
 2.29086765e+04  3.68489988e-07 
 2.34422882e+04  3.64951288e-07 
 2.39883292e+04  3.61446811e-07 
 2.45470892e+04  3.57976227e-07 
 2.51188643e+04  3.54539209e-07 
 2.57039578e+04  3.51135437e-07 
 2.63026799e+04  3.47764589e-07 
 2.69153480e+04  3.44426350e-07 
 2.75422870e+04  3.41120405e-07 
 2.81838293e+04  3.37846446e-07 
 2.88403150e+04  3.34604165e-07 
 2.95120923e+04  3.31393257e-07 
 3.01995172e+04  3.28213421e-07 
 3.09029543e+04  3.25064358e-07 
 3.16227766e+04  3.21945773e-07 
 3.23593657e+04  3.18857374e-07 
 3.31131121e+04  3.15798870e-07 
 3.38844156e+04  3.12769974e-07 
 3.46736850e+04  3.09770403e-07 
 3.54813389e+04  3.06799874e-07 
 3.63078055e+04  3.03858108e-07 
 3.71535229e+04  3.00944831e-07 
 3.80189396e+04  2.98059767e-07 
 3.89045145e+04  2.95202648e-07 
 3.98107171e+04  2.92373203e-07 
 4.07380278e+04  2.89571169e-07 
 4.16869383e+04  2.86796281e-07 
 4.26579519e+04  2.84048280e-07 
 4.36515832e+04  2.81326907e-07 
 4.46683592e+04  2.78631908e-07 
 4.57088190e+04  2.75963029e-07 
 4.67735141e+04  2.73320020e-07 
 4.78630092e+04  2.70702633e-07 
 4.89778819e+04  2.68110622e-07 
 5.01187234e+04  2.65543744e-07 
 5.12861384e+04  2.63001758e-07 
 5.24807460e+04  2.60484425e-07 
 5.37031796e+04  2.57991510e-07 
 5.49540874e+04  2.55522779e-07 
 5.62341325e+04  2.53077999e-07 
 5.75439937e+04  2.50656942e-07 
 5.88843655e+04  2.48259380e-07 
 6.02559586e+04  2.45885088e-07 
 6.16595002e+04  2.43533843e-07 
 6.30957344e+04  2.41205426e-07 
 6.45654229e+04  2.38899616e-07 
 6.60693448e+04  2.36616199e-07 
 6.76082975e+04  2.34354959e-07 
 6.91830971e+04  2.32115685e-07 
 7.07945784e+04  2.29898167e-07 
 7.24435960e+04  2.27702195e-07 
 7.41310241e+04  2.25527565e-07 
 7.58577575e+04  2.23374073e-07 
 7.76247117e+04  2.21241515e-07 
 7.94328235e+04  2.19129693e-07 
 8.12830516e+04  2.17038407e-07 
 8.31763771e+04  2.14967462e-07 
 8.51138038e+04  2.12916664e-07 
 8.70963590e+04  2.10885819e-07 
 8.91250938e+04  2.08874738e-07 
 9.12010839e+04  2.06883232e-07 
 9.33254301e+04  2.04911114e-07 
 9.54992586e+04  2.02958198e-07 
 9.77237221e+04  2.01024302e-07 
 1.00000000e+05  1.99109244e-07 
 1.02329299e+05  1.97212844e-07 
 1.04712855e+05  1.95334925e-07 
 1.07151931e+05  1.93475310e-07 
 1.09647820e+05  1.91633825e-07 
 1.12201845e+05  1.89810297e-07 
 1.14815362e+05  1.88004555e-07 
 1.17489755e+05  1.86216429e-07 
 1.20226443e+05  1.84445752e-07 
 1.23026877e+05  1.82692358e-07 
 1.25892541e+05  1.80956081e-07 
 1.28824955e+05  1.79236760e-07 
 1.31825674e+05  1.77534232e-07 
 1.34896288e+05  1.75848338e-07 
 1.38038426e+05  1.74178919e-07 
 1.41253754e+05  1.72525820e-07 
 1.44543977e+05  1.70888885e-07 
 1.47910839e+05  1.69267960e-07 
 1.51356125e+05  1.67662893e-07 
 1.54881662e+05  1.66073534e-07 
 1.58489319e+05  1.64499733e-07 
 1.62181010e+05  1.62941343e-07 
 1.65958691e+05  1.61398218e-07 
 1.69824365e+05  1.59870212e-07 
 1.73780083e+05  1.58357182e-07 
 1.77827941e+05  1.56858986e-07 
 1.81970086e+05  1.55375484e-07 
 1.86208714e+05  1.53906536e-07 
 1.90546072e+05  1.52452005e-07 
 1.94984460e+05  1.51011753e-07 
 1.99526231e+05  1.49585646e-07 
 2.04173794e+05  1.48173550e-07 
 2.08929613e+05  1.46775333e-07 
 2.13796209e+05  1.45390862e-07 
 2.18776162e+05  1.44020008e-07 
 2.23872114e+05  1.42662643e-07 
 2.29086765e+05  1.41318638e-07 
 2.34422882e+05  1.39987868e-07 
 2.39883292e+05  1.38670207e-07 
 2.45470892e+05  1.37365533e-07 
 2.51188643e+05  1.36073722e-07 
 2.57039578e+05  1.34794653e-07 
 2.63026799e+05  1.33528205e-07 
 2.69153480e+05  1.32274261e-07 
 2.75422870e+05  1.31032702e-07 
 2.81838293e+05  1.29803412e-07 
 2.88403150e+05  1.28586275e-07 
 2.95120923e+05  1.27381176e-07 
 3.01995172e+05  1.26188003e-07 
 3.09029543e+05  1.25006644e-07 
 3.16227766e+05  1.23836986e-07 
 3.23593657e+05  1.22678921e-07 
 3.31131121e+05  1.21532340e-07 
 3.38844156e+05  1.20397135e-07 
 3.46736850e+05  1.19273198e-07 
 3.54813389e+05  1.18160425e-07 
 3.63078055e+05  1.17058711e-07 
 3.71535229e+05  1.15967953e-07 
 3.80189396e+05  1.14888046e-07 
 3.89045145e+05  1.13818891e-07 
 3.98107171e+05  1.12760387e-07 
 4.07380278e+05  1.11712433e-07 
 4.16869383e+05  1.10674932e-07 
 4.26579519e+05  1.09647785e-07 
 4.36515832e+05  1.08630896e-07 
 4.46683592e+05  1.07624170e-07 
 4.57088190e+05  1.06627511e-07 
 4.67735141e+05  1.05640826e-07 
 4.78630092e+05  1.04664022e-07 
 4.89778819e+05  1.03697006e-07 
 5.01187234e+05  1.02739688e-07 
 5.12861384e+05  1.01791978e-07 
 5.24807460e+05  1.00853786e-07 
 5.37031796e+05  9.99250233e-08 
 5.49540874e+05  9.90056031e-08 
 5.62341325e+05  9.80954384e-08 
 5.75439937e+05  9.71944435e-08 
 5.88843655e+05  9.63025332e-08 
 6.02559586e+05  9.54196234e-08 
 6.16595002e+05  9.45456309e-08 
 6.30957344e+05  9.36804730e-08 
 6.45654229e+05  9.28240682e-08 
 6.60693448e+05  9.19763355e-08 
 6.76082975e+05  9.11371948e-08 
 6.91830971e+05  9.03065669e-08 
 7.07945784e+05  8.94843733e-08 
 7.24435960e+05  8.86705361e-08 
 7.41310241e+05  8.78649784e-08 
 7.58577575e+05  8.70676240e-08 
 7.76247117e+05  8.62783974e-08 
 7.94328235e+05  8.54972239e-08 
 8.12830516e+05  8.47240295e-08 
 8.31763771e+05  8.39587409e-08 
 8.51138038e+05  8.32012856e-08 
 8.70963590e+05  8.24515917e-08 
 8.91250938e+05  8.17095882e-08 
 9.12010839e+05  8.09752046e-08 
 9.33254301e+05  8.02483712e-08 
 9.54992586e+05  7.95290189e-08 
 9.77237221e+05  7.88170794e-08 
 1.00000000e+06  7.81124849e-08 
 1.02329299e+06  7.74151684e-08 
 1.04712855e+06  7.67250636e-08 
 1.07151931e+06  7.60421046e-08 
 1.09647820e+06  7.53662265e-08 
 1.12201845e+06  7.46973648e-08 
 1.14815362e+06  7.40354556e-08 
 1.17489755e+06  7.33804358e-08 
 1.20226443e+06  7.27322427e-08 
 1.23026877e+06  7.20908144e-08 
 1.25892541e+06  7.14560896e-08 
 1.28824955e+06  7.08280075e-08 
 1.31825674e+06  7.02065078e-08 
 1.34896288e+06  6.95915311e-08 
 1.38038426e+06  6.89830182e-08 
 1.41253754e+06  6.83809108e-08 
 1.44543977e+06  6.77851509e-08 
 1.47910839e+06  6.71956813e-08 
 1.51356125e+06  6.66124452e-08 
 1.54881662e+06  6.60353864e-08 
 1.58489319e+06  6.54644491e-08 
 1.62181010e+06  6.48995783e-08 
 1.65958691e+06  6.43407193e-08 
 1.69824365e+06  6.37878182e-08 
 1.73780083e+06  6.32408212e-08 
 1.77827941e+06  6.26996753e-08 
 1.81970086e+06  6.21643280e-08 
 1.86208714e+06  6.16347273e-08 
 1.90546072e+06  6.11108216e-08 
 1.94984460e+06  6.05925598e-08 
 1.99526231e+06  6.00798914e-08 
 2.04173794e+06  5.95727662e-08 
 2.08929613e+06  5.90711346e-08 
 2.13796209e+06  5.85749474e-08 
 2.18776162e+06  5.80841561e-08 
 2.23872114e+06  5.75987122e-08 
 2.29086765e+06  5.71185681e-08 
 2.34422882e+06  5.66436763e-08 
 2.39883292e+06  5.61739900e-08 
 2.45470892e+06  5.57094626e-08 
 2.51188643e+06  5.52500482e-08 
 2.57039578e+06  5.47957012e-08 
 2.63026799e+06  5.43463763e-08 
 2.69153480e+06  5.39020287e-08 
 2.75422870e+06  5.34626141e-08 
 2.81838293e+06  5.30280885e-08 
 2.88403150e+06  5.25984084e-08 
 2.95120923e+06  5.21735305e-08 
 3.01995172e+06  5.17534121e-08 
 3.09029543e+06  5.13380108e-08 
 3.16227766e+06  5.09272845e-08 
 3.23593657e+06  5.05211917e-08 
 3.31131121e+06  5.01196910e-08 
 3.38844156e+06  4.97227415e-08 
 3.46736850e+06  4.93303028e-08 
 3.54813389e+06  4.89423345e-08 
 3.63078055e+06  4.85587970e-08 
 3.71535229e+06  4.81796506e-08 
 3.80189396e+06  4.78048562e-08 
 3.89045145e+06  4.74343752e-08 
 3.98107171e+06  4.70681689e-08 
 4.07380278e+06  4.67061992e-08 
 4.16869383e+06  4.63484284e-08 
 4.26579519e+06  4.59948190e-08 
 4.36515832e+06  4.56453337e-08 
 4.46683592e+06  4.52999358e-08 
 4.57088190e+06  4.49585887e-08 
 4.67735141e+06  4.46212562e-08 
 4.78630092e+06  4.42879023e-08 
 4.89778819e+06  4.39584915e-08 
 5.01187234e+06  4.36329884e-08 
 5.12861384e+06  4.33113579e-08 
 5.24807460e+06  4.29935654e-08 
 5.37031796e+06  4.26795763e-08 
 5.49540874e+06  4.23693565e-08 
 5.62341325e+06  4.20628722e-08 
 5.75439937e+06  4.17600895e-08 
 5.88843655e+06  4.14609754e-08 
 6.02559586e+06  4.11654965e-08 
 6.16595002e+06  4.08736203e-08 
 6.30957344e+06  4.05853140e-08 
 6.45654229e+06  4.03005455e-08 
 6.60693448e+06  4.00192827e-08 
 6.76082975e+06  3.97414938e-08 
 6.91830971e+06  3.94671474e-08 
 7.07945784e+06  3.91962122e-08 
 7.24435960e+06  3.89286572e-08 
 7.41310241e+06  3.86644517e-08 
 7.58577575e+06  3.84035651e-08 
 7.76247117e+06  3.81459672e-08 
 7.94328235e+06  3.78916279e-08 
 8.12830516e+06  3.76405176e-08 
 8.31763771e+06  3.73926066e-08 
 8.51138038e+06  3.71478657e-08 
 8.70963590e+06  3.69062659e-08 
 8.91250938e+06  3.66677782e-08 
 9.12010839e+06  3.64323742e-08 
 9.33254301e+06  3.62000255e-08 
 9.54992586e+06  3.59707040e-08 
 9.77237221e+06  3.57443817e-08 
 1.00000000e+07  3.55210312e-08 
 1.02329299e+07  3.53006249e-08 
 1.04712855e+07  3.50831358e-08 
 1.07151931e+07  3.48685368e-08 
 1.09647820e+07  3.46568013e-08 
 1.12201845e+07  3.44479028e-08 
 1.14815362e+07  3.42418152e-08 
 1.17489755e+07  3.40385123e-08 
 1.20226443e+07  3.38379686e-08 
 1.23026877e+07  3.36401584e-08 
 1.25892541e+07  3.34450566e-08 
 1.28824955e+07  3.32526382e-08 
 1.31825674e+07  3.30628782e-08 
 1.34896288e+07  3.28757524e-08 
 1.38038426e+07  3.26912363e-08 
 1.41253754e+07  3.25093061e-08 
 1.44543977e+07  3.23299379e-08 
 1.47910839e+07  3.21531083e-08 
 1.51356125e+07  3.19787940e-08 
 1.54881662e+07  3.18069722e-08 
 1.58489319e+07  3.16376201e-08 
 1.62181010e+07  3.14707154e-08 
 1.65958691e+07  3.13062359e-08 
 1.69824365e+07  3.11441599e-08 
 1.73780083e+07  3.09844658e-08 
 1.77827941e+07  3.08271325e-08 
 1.81970086e+07  3.06721389e-08 
 1.86208714e+07  3.05194646e-08 
 1.90546072e+07  3.03690892e-08 
 1.94984460e+07  3.02209929e-08 
 1.99526231e+07  3.00751559e-08 
 2.04173794e+07  2.99315591e-08 
 2.08929613e+07  2.97901835e-08 
 2.13796209e+07  2.96510107e-08 
 2.18776162e+07  2.95140224e-08 
 2.23872114e+07  2.93792009e-08 
 2.29086765e+07  2.92465288e-08 
 2.34422882e+07  2.91159891e-08 
 2.39883292e+07  2.89875652e-08 
 2.45470892e+07  2.88612412e-08 
 2.51188643e+07  2.87370012e-08 
 2.57039578e+07  2.86148300e-08 
 2.63026799e+07  2.84947130e-08 
 2.69153480e+07  2.83766358e-08 
 2.75422870e+07  2.82605848e-08 
 2.81838293e+07  2.81465466e-08 
 2.88403150e+07  2.80345087e-08 
 2.95120923e+07  2.79244589e-08 
 3.01995172e+07  2.78163856e-08 
 3.09029543e+07  2.77102779e-08 
 3.16227766e+07  2.76061255e-08 
 3.23593657e+07  2.75039187e-08 
 3.31131121e+07  2.74036485e-08 
 3.38844156e+07  2.73053066e-08 
 3.46736850e+07  2.72088853e-08 
 3.54813389e+07  2.71143778e-08 
 3.63078055e+07  2.70217780e-08 
 3.71535229e+07  2.69310806e-08 
 3.80189396e+07  2.68422812e-08 
 3.89045145e+07  2.67553761e-08 
 3.98107171e+07  2.66703627e-08 
 4.07380278e+07  2.65872393e-08 
 4.16869383e+07  2.65060050e-08 
 4.26579519e+07  2.64266600e-08 
 4.36515832e+07  2.63492057e-08 
 4.46683592e+07  2.62736444e-08 
 4.57088190e+07  2.61999797e-08 
 4.67735141e+07  2.61282163e-08 
 4.78630092e+07  2.60583600e-08 
 4.89778819e+07  2.59904183e-08 
 5.01187234e+07  2.59243996e-08 
 5.12861384e+07  2.58603139e-08 
 5.24807460e+07  2.57981727e-08 
 5.37031796e+07  2.57379891e-08 
 5.49540874e+07  2.56797775e-08 
 5.62341325e+07  2.56235542e-08 
 5.75439937e+07  2.55693372e-08 
 5.88843655e+07  2.55171463e-08 
 6.02559586e+07  2.54670031e-08 
 6.16595002e+07  2.54189315e-08 
 6.30957344e+07  2.53729570e-08 
 6.45654229e+07  2.53291077e-08 
 6.60693448e+07  2.52874136e-08 
 6.76082975e+07  2.52479074e-08 
 6.91830971e+07  2.52106240e-08 
 7.07945784e+07  2.51756010e-08 
 7.24435960e+07  2.51428788e-08 
 7.41310241e+07  2.51125005e-08 
 7.58577575e+07  2.50845123e-08 
 7.76247117e+07  2.50589633e-08 
 7.94328235e+07  2.50359061e-08 
 8.12830516e+07  2.50153965e-08 
 8.31763771e+07  2.49974941e-08 
 8.51138038e+07  2.49822621e-08 
 8.70963590e+07  2.49697677e-08 
 8.91250938e+07  2.49600822e-08 
 9.12010839e+07  2.49532811e-08 
 9.33254301e+07  2.49494446e-08 
 9.54992586e+07  2.49486576e-08 
 9.77237221e+07  2.49510101e-08 
 1.00000000e+08  2.49565970e-08 
 1.02329299e+08  2.49655190e-08 
 1.04712855e+08  2.49778825e-08 
 1.07151931e+08  2.49937999e-08 
 1.09647820e+08  2.50133900e-08 
 1.12201845e+08  2.50367780e-08 
 1.14815362e+08  2.50640965e-08 
 1.17489755e+08  2.50954850e-08 
 1.20226443e+08  2.51310912e-08 
 1.23026877e+08  2.51710703e-08 
 1.25892541e+08  2.52155863e-08 
 1.28824955e+08  2.52648121e-08 
 1.31825674e+08  2.53189297e-08 
 1.34896288e+08  2.53781311e-08 
 1.38038426e+08  2.54426181e-08 
 1.41253754e+08  2.55126037e-08 
 1.44543977e+08  2.55883117e-08 
 1.47910839e+08  2.56699778e-08 
 1.51356125e+08  2.57578498e-08 
 1.54881662e+08  2.58521885e-08 
 1.58489319e+08  2.59532676e-08 
 1.62181010e+08  2.60613749e-08 
 1.65958691e+08  2.61768128e-08 
 1.69824365e+08  2.62998982e-08 
 1.73780083e+08  2.64309638e-08 
 1.77827941e+08  2.65703582e-08 
 1.81970086e+08  2.67184465e-08 
 1.86208714e+08  2.68756109e-08 
 1.90546072e+08  2.70422506e-08 
 1.94984460e+08  2.72187828e-08 
 1.99526231e+08  2.74056424e-08 
 2.04173794e+08  2.76032826e-08 
 2.08929613e+08  2.78121742e-08 
 2.13796209e+08  2.80328061e-08 
 2.18776162e+08  2.82656848e-08 
 2.23872114e+08  2.85113332e-08 
 2.29086765e+08  2.87702902e-08 
 2.34422882e+08  2.90431093e-08 
 2.39883292e+08  2.93303567e-08 
 2.45470892e+08  2.96326089e-08 
 2.51188643e+08  2.99504502e-08 
 2.57039578e+08  3.02844689e-08 
 2.63026799e+08  3.06352529e-08 
 2.69153480e+08  3.10033846e-08 
 2.75422870e+08  3.13894341e-08 
 2.81838293e+08  3.17939520e-08 
 2.88403150e+08  3.22174602e-08 
 2.95120923e+08  3.26604414e-08 
 3.01995172e+08  3.31233267e-08 
 3.09029543e+08  3.36064816e-08 
 3.16227766e+08  3.41101899e-08 
 3.23593657e+08  3.46346354e-08 
 3.31131121e+08  3.51798813e-08 
 3.38844156e+08  3.57458474e-08 
 3.46736850e+08  3.63322857e-08 
 3.54813389e+08  3.69387532e-08 
 3.63078055e+08  3.75645840e-08 
 3.71535229e+08  3.82088596e-08 
 3.80189396e+08  3.88703800e-08 
 3.89045145e+08  3.95476346e-08 
 3.98107171e+08  4.02387765e-08 
 4.07380278e+08  4.09415996e-08 
 4.16869383e+08  4.16535227e-08 
 4.26579519e+08  4.23715809e-08 
 4.36515832e+08  4.30924280e-08 
 4.46683592e+08  4.38123519e-08 
 4.57088190e+08  4.45273043e-08 
 4.67735141e+08  4.52329487e-08 
 4.78630092e+08  4.59247254e-08 
 4.89778819e+08  4.65979342e-08 
 5.01187234e+08  4.72478355e-08 
 5.12861384e+08  4.78697636e-08 
 5.24807460e+08  4.84592514e-08 
 5.37031796e+08  4.90121589e-08 
 5.49540874e+08  4.95247994e-08 
 5.62341325e+08  4.99940567e-08 
 5.75439937e+08  5.04174857e-08 
 5.88843655e+08  5.07933890e-08 
 6.02559586e+08  5.11208676e-08 
 6.16595002e+08  5.13998387e-08 
 6.30957344e+08  5.16310239e-08 
 6.45654229e+08  5.18159063e-08 
 6.60693448e+08  5.19566619e-08 
 6.76082975e+08  5.20560709e-08 
 6.91830971e+08  5.21174135e-08 
 7.07945784e+08  5.21443584e-08 
 7.24435960e+08  5.21408501e-08 
 7.41310241e+08  5.21109999e-08 
 7.58577575e+08  5.20589853e-08 
 7.76247117e+08  5.19889616e-08 
 7.94328235e+08  5.19049868e-08 
 8.12830516e+08  5.18109616e-08 
 8.31763771e+08  5.17105823e-08 
 8.51138038e+08  5.16073093e-08 
 8.70963590e+08  5.15043453e-08 
 8.91250938e+08  5.14046258e-08 
 9.12010839e+08  5.13108169e-08 
 9.33254301e+08  5.12253209e-08 
 9.54992586e+08  5.11502861e-08 
 9.77237221e+08  5.10876214e-08 
 1.00000000e+09  5.10390125e-08 
