 1.00000000e+00  2.52286757e-05 
 1.02329299e+00  2.49845661e-05 
 1.04712855e+00  2.47428232e-05 
 1.07151931e+00  2.45034238e-05 
 1.09647820e+00  2.42663453e-05 
 1.12201845e+00  2.40315650e-05 
 1.14815362e+00  2.37990605e-05 
 1.17489755e+00  2.35688099e-05 
 1.20226443e+00  2.33407912e-05 
 1.23026877e+00  2.31149827e-05 
 1.25892541e+00  2.28913629e-05 
 1.28824955e+00  2.26699105e-05 
 1.31825674e+00  2.24506045e-05 
 1.34896288e+00  2.22334241e-05 
 1.38038426e+00  2.20183485e-05 
 1.41253754e+00  2.18053574e-05 
 1.44543977e+00  2.15944304e-05 
 1.47910839e+00  2.13855475e-05 
 1.51356125e+00  2.11786889e-05 
 1.54881662e+00  2.09738349e-05 
 1.58489319e+00  2.07709661e-05 
 1.62181010e+00  2.05700630e-05 
 1.65958691e+00  2.03711067e-05 
 1.69824365e+00  2.01740782e-05 
 1.73780083e+00  1.99789589e-05 
 1.77827941e+00  1.97857301e-05 
 1.81970086e+00  1.95943734e-05 
 1.86208714e+00  1.94048708e-05 
 1.90546072e+00  1.92172042e-05 
 1.94984460e+00  1.90313558e-05 
 1.99526231e+00  1.88473079e-05 
 2.04173794e+00  1.86650431e-05 
 2.08929613e+00  1.84845439e-05 
 2.13796209e+00  1.83057933e-05 
 2.18776162e+00  1.81287743e-05 
 2.23872114e+00  1.79534701e-05 
 2.29086765e+00  1.77798641e-05 
 2.34422882e+00  1.76079396e-05 
 2.39883292e+00  1.74376805e-05 
 2.45470892e+00  1.72690705e-05 
 2.51188643e+00  1.71020937e-05 
 2.57039578e+00  1.69367341e-05 
 2.63026799e+00  1.67729761e-05 
 2.69153480e+00  1.66108042e-05 
 2.75422870e+00  1.64502029e-05 
 2.81838293e+00  1.62911569e-05 
 2.88403150e+00  1.61336513e-05 
 2.95120923e+00  1.59776710e-05 
 3.01995172e+00  1.58232012e-05 
 3.09029543e+00  1.56702273e-05 
 3.16227766e+00  1.55187348e-05 
 3.23593657e+00  1.53687093e-05 
 3.31131121e+00  1.52201364e-05 
 3.38844156e+00  1.50730023e-05 
 3.46736850e+00  1.49272928e-05 
 3.54813389e+00  1.47829941e-05 
 3.63078055e+00  1.46400927e-05 
 3.71535229e+00  1.44985748e-05 
 3.80189396e+00  1.43584271e-05 
 3.89045145e+00  1.42196363e-05 
 3.98107171e+00  1.40821893e-05 
 4.07380278e+00  1.39460729e-05 
 4.16869383e+00  1.38112743e-05 
 4.26579519e+00  1.36777807e-05 
 4.36515832e+00  1.35455794e-05 
 4.46683592e+00  1.34146579e-05 
 4.57088190e+00  1.32850037e-05 
 4.67735141e+00  1.31566047e-05 
 4.78630092e+00  1.30294485e-05 
 4.89778819e+00  1.29035232e-05 
 5.01187234e+00  1.27788169e-05 
 5.12861384e+00  1.26553176e-05 
 5.24807460e+00  1.25330136e-05 
 5.37031796e+00  1.24118935e-05 
 5.49540874e+00  1.22919457e-05 
 5.62341325e+00  1.21731588e-05 
 5.75439937e+00  1.20555215e-05 
 5.88843655e+00  1.19390228e-05 
 6.02559586e+00  1.18236516e-05 
 6.16595002e+00  1.17093969e-05 
 6.30957344e+00  1.15962480e-05 
 6.45654229e+00  1.14841940e-05 
 6.60693448e+00  1.13732244e-05 
 6.76082975e+00  1.12633287e-05 
 6.91830971e+00  1.11544965e-05 
 7.07945784e+00  1.10467174e-05 
 7.24435960e+00  1.09399812e-05 
 7.41310241e+00  1.08342778e-05 
 7.58577575e+00  1.07295972e-05 
 7.76247117e+00  1.06259296e-05 
 7.94328235e+00  1.05232650e-05 
 8.12830516e+00  1.04215937e-05 
 8.31763771e+00  1.03209061e-05 
 8.51138038e+00  1.02211928e-05 
 8.70963590e+00  1.01224441e-05 
 8.91250938e+00  1.00246509e-05 
 9.12010839e+00  9.92780376e-06 
 9.33254301e+00  9.83189358e-06 
 9.54992586e+00  9.73691127e-06 
 9.77237221e+00  9.64284784e-06 
 1.00000000e+01  9.54969438e-06 
 1.02329299e+01  9.45744207e-06 
 1.04712855e+01  9.36608218e-06 
 1.07151931e+01  9.27560605e-06 
 1.09647820e+01  9.18600513e-06 
 1.12201845e+01  9.09727092e-06 
 1.14815362e+01  9.00939504e-06 
 1.17489755e+01  8.92236916e-06 
 1.20226443e+01  8.83618505e-06 
 1.23026877e+01  8.75083455e-06 
 1.25892541e+01  8.66630958e-06 
 1.28824955e+01  8.58260215e-06 
 1.31825674e+01  8.49970432e-06 
 1.34896288e+01  8.41760827e-06 
 1.38038426e+01  8.33630621e-06 
 1.41253754e+01  8.25579046e-06 
 1.44543977e+01  8.17605339e-06 
 1.47910839e+01  8.09708747e-06 
 1.51356125e+01  8.01888522e-06 
 1.54881662e+01  7.94143925e-06 
 1.58489319e+01  7.86474222e-06 
 1.62181010e+01  7.78878689e-06 
 1.65958691e+01  7.71356606e-06 
 1.69824365e+01  7.63907263e-06 
 1.73780083e+01  7.56529954e-06 
 1.77827941e+01  7.49223982e-06 
 1.81970086e+01  7.41988655e-06 
 1.86208714e+01  7.34823291e-06 
 1.90546072e+01  7.27727210e-06 
 1.94984460e+01  7.20699742e-06 
 1.99526231e+01  7.13740222e-06 
 2.04173794e+01  7.06847993e-06 
 2.08929613e+01  7.00022402e-06 
 2.13796209e+01  6.93262804e-06 
 2.18776162e+01  6.86568561e-06 
 2.23872114e+01  6.79939038e-06 
 2.29086765e+01  6.73373610e-06 
 2.34422882e+01  6.66871655e-06 
 2.39883292e+01  6.60432560e-06 
 2.45470892e+01  6.54055714e-06 
 2.51188643e+01  6.47740517e-06 
 2.57039578e+01  6.41486369e-06 
 2.63026799e+01  6.35292682e-06 
 2.69153480e+01  6.29158868e-06 
 2.75422870e+01  6.23084349e-06 
 2.81838293e+01  6.17068549e-06 
 2.88403150e+01  6.11110902e-06 
 2.95120923e+01  6.05210843e-06 
 3.01995172e+01  5.99367815e-06 
 3.09029543e+01  5.93581267e-06 
 3.16227766e+01  5.87850650e-06 
 3.23593657e+01  5.82175424e-06 
 3.31131121e+01  5.76555053e-06 
 3.38844156e+01  5.70989005e-06 
 3.46736850e+01  5.65476755e-06 
 3.54813389e+01  5.60017782e-06 
 3.63078055e+01  5.54611569e-06 
 3.71535229e+01  5.49257607e-06 
 3.80189396e+01  5.43955390e-06 
 3.89045145e+01  5.38704417e-06 
 3.98107171e+01  5.33504191e-06 
 4.07380278e+01  5.28354222e-06 
 4.16869383e+01  5.23254023e-06 
 4.26579519e+01  5.18203113e-06 
 4.36515832e+01  5.13201014e-06 
 4.46683592e+01  5.08247254e-06 
 4.57088190e+01  5.03341365e-06 
 4.67735141e+01  4.98482885e-06 
 4.78630092e+01  4.93671353e-06 
 4.89778819e+01  4.88906316e-06 
 5.01187234e+01  4.84187324e-06 
 5.12861384e+01  4.79513932e-06 
 5.24807460e+01  4.74885697e-06 
 5.37031796e+01  4.70302184e-06 
 5.49540874e+01  4.65762959e-06 
 5.62341325e+01  4.61267593e-06 
 5.75439937e+01  4.56815663e-06 
 5.88843655e+01  4.52406748e-06 
 6.02559586e+01  4.48040432e-06 
 6.16595002e+01  4.43716303e-06 
 6.30957344e+01  4.39433952e-06 
 6.45654229e+01  4.35192976e-06 
 6.60693448e+01  4.30992974e-06 
 6.76082975e+01  4.26833550e-06 
 6.91830971e+01  4.22714310e-06 
 7.07945784e+01  4.18634867e-06 
 7.24435960e+01  4.14594835e-06 
 7.41310241e+01  4.10593834e-06 
 7.58577575e+01  4.06631485e-06 
 7.76247117e+01  4.02707414e-06 
 7.94328235e+01  3.98821252e-06 
 8.12830516e+01  3.94972631e-06 
 8.31763771e+01  3.91161189e-06 
 8.51138038e+01  3.87386566e-06 
 8.70963590e+01  3.83648406e-06 
 8.91250938e+01  3.79946355e-06 
 9.12010839e+01  3.76280065e-06 
 9.33254301e+01  3.72649191e-06 
 9.54992586e+01  3.69053388e-06 
 9.77237221e+01  3.65492319e-06 
 1.00000000e+02  3.61965647e-06 
 1.02329299e+02  3.58473039e-06 
 1.04712855e+02  3.55014167e-06 
 1.07151931e+02  3.51588703e-06 
 1.09647820e+02  3.48196325e-06 
 1.12201845e+02  3.44836713e-06 
 1.14815362e+02  3.41509550e-06 
 1.17489755e+02  3.38214522e-06 
 1.20226443e+02  3.34951318e-06 
 1.23026877e+02  3.31719631e-06 
 1.25892541e+02  3.28519156e-06 
 1.28824955e+02  3.25349591e-06 
 1.31825674e+02  3.22210637e-06 
 1.34896288e+02  3.19101998e-06 
 1.38038426e+02  3.16023381e-06 
 1.41253754e+02  3.12974497e-06 
 1.44543977e+02  3.09955056e-06 
 1.47910839e+02  3.06964775e-06 
 1.51356125e+02  3.04003372e-06 
 1.54881662e+02  3.01070567e-06 
 1.58489319e+02  2.98166084e-06 
 1.62181010e+02  2.95289650e-06 
 1.65958691e+02  2.92440992e-06 
 1.69824365e+02  2.89619843e-06 
 1.73780083e+02  2.86825936e-06 
 1.77827941e+02  2.84059009e-06 
 1.81970086e+02  2.81318800e-06 
 1.86208714e+02  2.78605051e-06 
 1.90546072e+02  2.75917506e-06 
 1.94984460e+02  2.73255913e-06 
 1.99526231e+02  2.70620019e-06 
 2.04173794e+02  2.68009577e-06 
 2.08929613e+02  2.65424341e-06 
 2.13796209e+02  2.62864067e-06 
 2.18776162e+02  2.60328514e-06 
 2.23872114e+02  2.57817443e-06 
 2.29086765e+02  2.55330616e-06 
 2.34422882e+02  2.52867801e-06 
 2.39883292e+02  2.50428764e-06 
 2.45470892e+02  2.48013277e-06 
 2.51188643e+02  2.45621111e-06 
 2.57039578e+02  2.43252040e-06 
 2.63026799e+02  2.40905843e-06 
 2.69153480e+02  2.38582297e-06 
 2.75422870e+02  2.36281184e-06 
 2.81838293e+02  2.34002287e-06 
 2.88403150e+02  2.31745392e-06 
 2.95120923e+02  2.29510285e-06 
 3.01995172e+02  2.27296756e-06 
 3.09029543e+02  2.25104597e-06 
 3.16227766e+02  2.22933601e-06 
 3.23593657e+02  2.20783563e-06 
 3.31131121e+02  2.18654282e-06 
 3.38844156e+02  2.16545557e-06 
 3.46736850e+02  2.14457188e-06 
 3.54813389e+02  2.12388979e-06 
 3.63078055e+02  2.10340736e-06 
 3.71535229e+02  2.08312266e-06 
 3.80189396e+02  2.06303377e-06 
 3.89045145e+02  2.04313880e-06 
 3.98107171e+02  2.02343588e-06 
 4.07380278e+02  2.00392316e-06 
 4.16869383e+02  1.98459879e-06 
 4.26579519e+02  1.96546096e-06 
 4.36515832e+02  1.94650786e-06 
 4.46683592e+02  1.92773771e-06 
 4.57088190e+02  1.90914875e-06 
 4.67735141e+02  1.89073921e-06 
 4.78630092e+02  1.87250738e-06 
 4.89778819e+02  1.85445153e-06 
 5.01187234e+02  1.83656996e-06 
 5.12861384e+02  1.81886099e-06 
 5.24807460e+02  1.80132295e-06 
 5.37031796e+02  1.78395419e-06 
 5.49540874e+02  1.76675307e-06 
 5.62341325e+02  1.74971798e-06 
 5.75439937e+02  1.73284731e-06 
 5.88843655e+02  1.71613948e-06 
 6.02559586e+02  1.69959291e-06 
 6.16595002e+02  1.68320604e-06 
 6.30957344e+02  1.66697733e-06 
 6.45654229e+02  1.65090526e-06 
 6.60693448e+02  1.63498830e-06 
 6.76082975e+02  1.61922497e-06 
 6.91830971e+02  1.60361378e-06 
 7.07945784e+02  1.58815325e-06 
 7.24435960e+02  1.57284194e-06 
 7.41310241e+02  1.55767841e-06 
 7.58577575e+02  1.54266122e-06 
 7.76247117e+02  1.52778896e-06 
 7.94328235e+02  1.51306024e-06 
 8.12830516e+02  1.49847366e-06 
 8.31763771e+02  1.48402786e-06 
 8.51138038e+02  1.46972148e-06 
 8.70963590e+02  1.45555316e-06 
 8.91250938e+02  1.44152158e-06 
 9.12010839e+02  1.42762541e-06 
 9.33254301e+02  1.41386336e-06 
 9.54992586e+02  1.40023411e-06 
 9.77237221e+02  1.38673640e-06 
 1.00000000e+03  1.37336895e-06 
 1.02329299e+03  1.36013050e-06 
 1.04712855e+03  1.34701981e-06 
 1.07151931e+03  1.33403564e-06 
 1.09647820e+03  1.32117677e-06 
 1.12201845e+03  1.30844200e-06 
 1.14815362e+03  1.29583012e-06 
 1.17489755e+03  1.28333995e-06 
 1.20226443e+03  1.27097032e-06 
 1.23026877e+03  1.25872005e-06 
 1.25892541e+03  1.24658800e-06 
 1.28824955e+03  1.23457303e-06 
 1.31825674e+03  1.22267400e-06 
 1.34896288e+03  1.21088980e-06 
 1.38038426e+03  1.19921932e-06 
 1.41253754e+03  1.18766146e-06 
 1.44543977e+03  1.17621514e-06 
 1.47910839e+03  1.16487927e-06 
 1.51356125e+03  1.15365279e-06 
 1.54881662e+03  1.14253464e-06 
 1.58489319e+03  1.13152379e-06 
 1.62181010e+03  1.12061919e-06 
 1.65958691e+03  1.10981981e-06 
 1.69824365e+03  1.09912465e-06 
 1.73780083e+03  1.08853270e-06 
 1.77827941e+03  1.07804296e-06 
 1.81970086e+03  1.06765444e-06 
 1.86208714e+03  1.05736617e-06 
 1.90546072e+03  1.04717718e-06 
 1.94984460e+03  1.03708651e-06 
 1.99526231e+03  1.02709322e-06 
 2.04173794e+03  1.01719635e-06 
 2.08929613e+03  1.00739500e-06 
 2.13796209e+03  9.97688219e-07 
 2.18776162e+03  9.88075111e-07 
 2.23872114e+03  9.78554768e-07 
 2.29086765e+03  9.69126295e-07 
 2.34422882e+03  9.59788805e-07 
 2.39883292e+03  9.50541420e-07 
 2.45470892e+03  9.41383272e-07 
 2.51188643e+03  9.32313499e-07 
 2.57039578e+03  9.23331248e-07 
 2.63026799e+03  9.14435676e-07 
 2.69153480e+03  9.05625945e-07 
 2.75422870e+03  8.96901229e-07 
 2.81838293e+03  8.88260706e-07 
 2.88403150e+03  8.79703564e-07 
 2.95120923e+03  8.71228999e-07 
 3.01995172e+03  8.62836215e-07 
 3.09029543e+03  8.54524422e-07 
 3.16227766e+03  8.46292839e-07 
 3.23593657e+03  8.38140693e-07 
 3.31131121e+03  8.30067217e-07 
 3.38844156e+03  8.22071653e-07 
 3.46736850e+03  8.14153249e-07 
 3.54813389e+03  8.06311261e-07 
 3.63078055e+03  7.98544951e-07 
 3.71535229e+03  7.90853590e-07 
 3.80189396e+03  7.83236456e-07 
 3.89045145e+03  7.75692831e-07 
 3.98107171e+03  7.68222008e-07 
 4.07380278e+03  7.60823284e-07 
 4.16869383e+03  7.53495963e-07 
 4.26579519e+03  7.46239359e-07 
 4.36515832e+03  7.39052787e-07 
 4.46683592e+03  7.31935574e-07 
 4.57088190e+03  7.24887049e-07 
 4.67735141e+03  7.17906552e-07 
 4.78630092e+03  7.10993426e-07 
 4.89778819e+03  7.04147021e-07 
 5.01187234e+03  6.97366695e-07 
 5.12861384e+03  6.90651809e-07 
 5.24807460e+03  6.84001734e-07 
 5.37031796e+03  6.77415844e-07 
 5.49540874e+03  6.70893521e-07 
 5.62341325e+03  6.64434151e-07 
 5.75439937e+03  6.58037128e-07 
 5.88843655e+03  6.51701852e-07 
 6.02559586e+03  6.45427725e-07 
 6.16595002e+03  6.39214161e-07 
 6.30957344e+03  6.33060573e-07 
 6.45654229e+03  6.26966385e-07 
 6.60693448e+03  6.20931024e-07 
 6.76082975e+03  6.14953923e-07 
 6.91830971e+03  6.09034520e-07 
 7.07945784e+03  6.03172260e-07 
 7.24435960e+03  5.97366591e-07 
 7.41310241e+03  5.91616969e-07 
 7.58577575e+03  5.85922853e-07 
 7.76247117e+03  5.80283708e-07 
 7.94328235e+03  5.74699005e-07 
 8.12830516e+03  5.69168219e-07 
 8.31763771e+03  5.63690831e-07 
 8.51138038e+03  5.58266326e-07 
 8.70963590e+03  5.52894194e-07 
 8.91250938e+03  5.47573932e-07 
 9.12010839e+03  5.42305039e-07 
 9.33254301e+03  5.37087020e-07 
 9.54992586e+03  5.31919386e-07 
 9.77237221e+03  5.26801651e-07 
 1.00000000e+04  5.21733335e-07 
 1.02329299e+04  5.16713961e-07 
 1.04712855e+04  5.11743058e-07 
 1.07151931e+04  5.06820159e-07 
 1.09647820e+04  5.01944802e-07 
 1.12201845e+04  4.97116530e-07 
 1.14815362e+04  4.92334888e-07 
 1.17489755e+04  4.87599427e-07 
 1.20226443e+04  4.82909704e-07 
 1.23026877e+04  4.78265277e-07 
 1.25892541e+04  4.73665710e-07 
 1.28824955e+04  4.69110572e-07 
 1.31825674e+04  4.64599435e-07 
 1.34896288e+04  4.60131875e-07 
 1.38038426e+04  4.55707473e-07 
 1.41253754e+04  4.51325813e-07 
 1.44543977e+04  4.46986484e-07 
 1.47910839e+04  4.42689078e-07 
 1.51356125e+04  4.38433192e-07 
 1.54881662e+04  4.34218426e-07 
 1.58489319e+04  4.30044385e-07 
 1.62181010e+04  4.25910677e-07 
 1.65958691e+04  4.21816913e-07 
 1.69824365e+04  4.17762710e-07 
 1.73780083e+04  4.13747686e-07 
 1.77827941e+04  4.09771464e-07 
 1.81970086e+04  4.05833672e-07 
 1.86208714e+04  4.01933940e-07 
 1.90546072e+04  3.98071901e-07 
 1.94984460e+04  3.94247193e-07 
 1.99526231e+04  3.90459458e-07 
 2.04173794e+04  3.86708338e-07 
 2.08929613e+04  3.82993483e-07 
 2.13796209e+04  3.79314543e-07 
 2.18776162e+04  3.75671173e-07 
 2.23872114e+04  3.72063032e-07 
 2.29086765e+04  3.68489779e-07 
 2.34422882e+04  3.64951081e-07 
 2.39883292e+04  3.61446605e-07 
 2.45470892e+04  3.57976021e-07 
 2.51188643e+04  3.54539005e-07 
 2.57039578e+04  3.51135233e-07 
 2.63026799e+04  3.47764386e-07 
 2.69153480e+04  3.44426147e-07 
 2.75422870e+04  3.41120204e-07 
 2.81838293e+04  3.37846246e-07 
 2.88403150e+04  3.34603965e-07 
 2.95120923e+04  3.31393057e-07 
 3.01995172e+04  3.28213222e-07 
 3.09029543e+04  3.25064160e-07 
 3.16227766e+04  3.21945576e-07 
 3.23593657e+04  3.18857177e-07 
 3.31131121e+04  3.15798674e-07 
 3.38844156e+04  3.12769779e-07 
 3.46736850e+04  3.09770207e-07 
 3.54813389e+04  3.06799679e-07 
 3.63078055e+04  3.03857914e-07 
 3.71535229e+04  3.00944637e-07 
 3.80189396e+04  2.98059574e-07 
 3.89045145e+04  2.95202455e-07 
 3.98107171e+04  2.92373011e-07 
 4.07380278e+04  2.89570977e-07 
 4.16869383e+04  2.86796090e-07 
 4.26579519e+04  2.84048089e-07 
 4.36515832e+04  2.81326717e-07 
 4.46683592e+04  2.78631718e-07 
 4.57088190e+04  2.75962839e-07 
 4.67735141e+04  2.73319830e-07 
 4.78630092e+04  2.70702443e-07 
 4.89778819e+04  2.68110433e-07 
 5.01187234e+04  2.65543555e-07 
 5.12861384e+04  2.63001569e-07 
 5.24807460e+04  2.60484237e-07 
 5.37031796e+04  2.57991322e-07 
 5.49540874e+04  2.55522591e-07 
 5.62341325e+04  2.53077811e-07 
 5.75439937e+04  2.50656754e-07 
 5.88843655e+04  2.48259192e-07 
 6.02559586e+04  2.45884901e-07 
 6.16595002e+04  2.43533656e-07 
 6.30957344e+04  2.41205239e-07 
 6.45654229e+04  2.38899429e-07 
 6.60693448e+04  2.36616012e-07 
 6.76082975e+04  2.34354773e-07 
 6.91830971e+04  2.32115499e-07 
 7.07945784e+04  2.29897980e-07 
 7.24435960e+04  2.27702009e-07 
 7.41310241e+04  2.25527379e-07 
 7.58577575e+04  2.23373886e-07 
 7.76247117e+04  2.21241328e-07 
 7.94328235e+04  2.19129506e-07 
 8.12830516e+04  2.17038220e-07 
 8.31763771e+04  2.14967275e-07 
 8.51138038e+04  2.12916477e-07 
 8.70963590e+04  2.10885633e-07 
 8.91250938e+04  2.08874551e-07 
 9.12010839e+04  2.06883045e-07 
 9.33254301e+04  2.04910926e-07 
 9.54992586e+04  2.02958011e-07 
 9.77237221e+04  2.01024114e-07 
 1.00000000e+05  1.99109056e-07 
 1.02329299e+05  1.97212657e-07 
 1.04712855e+05  1.95334737e-07 
 1.07151931e+05  1.93475122e-07 
 1.09647820e+05  1.91633637e-07 
 1.12201845e+05  1.89810109e-07 
 1.14815362e+05  1.88004367e-07 
 1.17489755e+05  1.86216241e-07 
 1.20226443e+05  1.84445563e-07 
 1.23026877e+05  1.82692169e-07 
 1.25892541e+05  1.80955892e-07 
 1.28824955e+05  1.79236570e-07 
 1.31825674e+05  1.77534042e-07 
 1.34896288e+05  1.75848148e-07 
 1.38038426e+05  1.74178729e-07 
 1.41253754e+05  1.72525630e-07 
 1.44543977e+05  1.70888694e-07 
 1.47910839e+05  1.69267769e-07 
 1.51356125e+05  1.67662702e-07 
 1.54881662e+05  1.66073342e-07 
 1.58489319e+05  1.64499541e-07 
 1.62181010e+05  1.62941151e-07 
 1.65958691e+05  1.61398025e-07 
 1.69824365e+05  1.59870019e-07 
 1.73780083e+05  1.58356989e-07 
 1.77827941e+05  1.56858793e-07 
 1.81970086e+05  1.55375290e-07 
 1.86208714e+05  1.53906342e-07 
 1.90546072e+05  1.52451811e-07 
 1.94984460e+05  1.51011559e-07 
 1.99526231e+05  1.49585452e-07 
 2.04173794e+05  1.48173355e-07 
 2.08929613e+05  1.46775137e-07 
 2.13796209e+05  1.45390666e-07 
 2.18776162e+05  1.44019812e-07 
 2.23872114e+05  1.42662446e-07 
 2.29086765e+05  1.41318442e-07 
 2.34422882e+05  1.39987671e-07 
 2.39883292e+05  1.38670011e-07 
 2.45470892e+05  1.37365336e-07 
 2.51188643e+05  1.36073525e-07 
 2.57039578e+05  1.34794455e-07 
 2.63026799e+05  1.33528008e-07 
 2.69153480e+05  1.32274064e-07 
 2.75422870e+05  1.31032505e-07 
 2.81838293e+05  1.29803214e-07 
 2.88403150e+05  1.28586077e-07 
 2.95120923e+05  1.27380979e-07 
 3.01995172e+05  1.26187806e-07 
 3.09029543e+05  1.25006446e-07 
 3.16227766e+05  1.23836789e-07 
 3.23593657e+05  1.22678724e-07 
 3.31131121e+05  1.21532143e-07 
 3.38844156e+05  1.20396937e-07 
 3.46736850e+05  1.19273001e-07 
 3.54813389e+05  1.18160229e-07 
 3.63078055e+05  1.17058515e-07 
 3.71535229e+05  1.15967756e-07 
 3.80189396e+05  1.14887851e-07 
 3.89045145e+05  1.13818696e-07 
 3.98107171e+05  1.12760192e-07 
 4.07380278e+05  1.11712238e-07 
 4.16869383e+05  1.10674738e-07 
 4.26579519e+05  1.09647592e-07 
 4.36515832e+05  1.08630704e-07 
 4.46683592e+05  1.07623978e-07 
 4.57088190e+05  1.06627320e-07 
 4.67735141e+05  1.05640636e-07 
 4.78630092e+05  1.04663832e-07 
 4.89778819e+05  1.03696818e-07 
 5.01187234e+05  1.02739501e-07 
 5.12861384e+05  1.01791792e-07 
 5.24807460e+05  1.00853601e-07 
 5.37031796e+05  9.99248402e-08 
 5.49540874e+05  9.90054215e-08 
 5.62341325e+05  9.80952584e-08 
 5.75439937e+05  9.71942651e-08 
 5.88843655e+05  9.63023567e-08 
 6.02559586e+05  9.54194488e-08 
 6.16595002e+05  9.45454583e-08 
 6.30957344e+05  9.36803027e-08 
 6.45654229e+05  9.28239002e-08 
 6.60693448e+05  9.19761699e-08 
 6.76082975e+05  9.11370319e-08 
 6.91830971e+05  9.03064068e-08 
 7.07945784e+05  8.94842160e-08 
 7.24435960e+05  8.86703819e-08 
 7.41310241e+05  8.78648274e-08 
 7.58577575e+05  8.70674765e-08 
 7.76247117e+05  8.62782535e-08 
 7.94328235e+05  8.54970838e-08 
 8.12830516e+05  8.47238934e-08 
 8.31763771e+05  8.39586090e-08 
 8.51138038e+05  8.32011582e-08 
 8.70963590e+05  8.24514690e-08 
 8.91250938e+05  8.17094704e-08 
 9.12010839e+05  8.09750920e-08 
 9.33254301e+05  8.02482640e-08 
 9.54992586e+05  7.95289174e-08 
 9.77237221e+05  7.88169838e-08 
 1.00000000e+06  7.81123956e-08 
 1.02329299e+06  7.74150857e-08 
 1.04712855e+06  7.67249878e-08 
 1.07151931e+06  7.60420360e-08 
 1.09647820e+06  7.53661655e-08 
 1.12201845e+06  7.46973117e-08 
 1.14815362e+06  7.40354108e-08 
 1.17489755e+06  7.33803997e-08 
 1.20226443e+06  7.27322157e-08 
 1.23026877e+06  7.20907969e-08 
 1.25892541e+06  7.14560821e-08 
 1.28824955e+06  7.08280103e-08 
 1.31825674e+06  7.02065215e-08 
 1.34896288e+06  6.95915562e-08 
 1.38038426e+06  6.89830552e-08 
 1.41253754e+06  6.83809601e-08 
 1.44543977e+06  6.77852132e-08 
 1.47910839e+06  6.71957572e-08 
 1.51356125e+06  6.66125352e-08 
 1.54881662e+06  6.60354911e-08 
 1.58489319e+06  6.54645692e-08 
 1.62181010e+06  6.48997145e-08 
 1.65958691e+06  6.43408723e-08 
 1.69824365e+06  6.37879886e-08 
 1.73780083e+06  6.32410098e-08 
 1.77827941e+06  6.26998830e-08 
 1.81970086e+06  6.21645556e-08 
 1.86208714e+06  6.16349756e-08 
 1.90546072e+06  6.11110914e-08 
 1.94984460e+06  6.05928522e-08 
 1.99526231e+06  6.00802072e-08 
 2.04173794e+06  5.95731064e-08 
 2.08929613e+06  5.90715003e-08 
 2.13796209e+06  5.85753397e-08 
 2.18776162e+06  5.80845760e-08 
 2.23872114e+06  5.75991610e-08 
 2.29086765e+06  5.71190469e-08 
 2.34422882e+06  5.66441864e-08 
 2.39883292e+06  5.61745327e-08 
 2.45470892e+06  5.57100393e-08 
 2.51188643e+06  5.52506603e-08 
 2.57039578e+06  5.47963501e-08 
 2.63026799e+06  5.43470635e-08 
 2.69153480e+06  5.39027559e-08 
 2.75422870e+06  5.34633829e-08 
 2.81838293e+06  5.30289006e-08 
 2.88403150e+06  5.25992655e-08 
 2.95120923e+06  5.21744345e-08 
 3.01995172e+06  5.17543650e-08 
 3.09029543e+06  5.13390145e-08 
 3.16227766e+06  5.09283412e-08 
 3.23593657e+06  5.05223035e-08 
 3.31131121e+06  5.01208601e-08 
 3.38844156e+06  4.97239704e-08 
 3.46736850e+06  4.93315937e-08 
 3.54813389e+06  4.89436901e-08 
 3.63078055e+06  4.85602199e-08 
 3.71535229e+06  4.81811435e-08 
 3.80189396e+06  4.78064220e-08 
 3.89045145e+06  4.74360168e-08 
 3.98107171e+06  4.70698894e-08 
 4.07380278e+06  4.67080019e-08 
 4.16869383e+06  4.63503165e-08 
 4.26579519e+06  4.59967960e-08 
 4.36515832e+06  4.56474032e-08 
 4.46683592e+06  4.53021016e-08 
 4.57088190e+06  4.49608547e-08 
 4.67735141e+06  4.46236264e-08 
 4.78630092e+06  4.42903809e-08 
 4.89778819e+06  4.39610829e-08 
 5.01187234e+06  4.36356972e-08 
 5.12861384e+06  4.33141889e-08 
 5.24807460e+06  4.29965235e-08 
 5.37031796e+06  4.26826666e-08 
 5.49540874e+06  4.23725844e-08 
 5.62341325e+06  4.20662432e-08 
 5.75439937e+06  4.17636095e-08 
 5.88843655e+06  4.14646503e-08 
 6.02559586e+06  4.11693328e-08 
 6.16595002e+06  4.08776243e-08 
 6.30957344e+06  4.05894926e-08 
 6.45654229e+06  4.03049057e-08 
 6.60693448e+06  4.00238319e-08 
 6.76082975e+06  3.97462398e-08 
 6.91830971e+06  3.94720980e-08 
 7.07945784e+06  3.92013758e-08 
 7.24435960e+06  3.89340424e-08 
 7.41310241e+06  3.86700675e-08 
 7.58577575e+06  3.84094209e-08 
 7.76247117e+06  3.81520727e-08 
 7.94328235e+06  3.78979933e-08 
 8.12830516e+06  3.76471535e-08 
 8.31763771e+06  3.73995240e-08 
 8.51138038e+06  3.71550761e-08 
 8.70963590e+06  3.69137811e-08 
 8.91250938e+06  3.66756108e-08 
 9.12010839e+06  3.64405371e-08 
 9.33254301e+06  3.62085322e-08 
 9.54992586e+06  3.59795685e-08 
 9.77237221e+06  3.57536188e-08 
 1.00000000e+07  3.55306560e-08 
 1.02329299e+07  3.53106534e-08 
 1.04712855e+07  3.50935844e-08 
 1.07151931e+07  3.48794229e-08 
 1.09647820e+07  3.46681429e-08 
 1.12201845e+07  3.44597186e-08 
 1.14815362e+07  3.42541246e-08 
 1.17489755e+07  3.40513359e-08 
 1.20226443e+07  3.38513274e-08 
 1.23026877e+07  3.36540746e-08 
 1.25892541e+07  3.34595532e-08 
 1.28824955e+07  3.32677391e-08 
 1.31825674e+07  3.30786086e-08 
 1.34896288e+07  3.28921383e-08 
 1.38038426e+07  3.27083050e-08 
 1.41253754e+07  3.25270859e-08 
 1.44543977e+07  3.23484583e-08 
 1.47910839e+07  3.21724003e-08 
 1.51356125e+07  3.19988897e-08 
 1.54881662e+07  3.18279051e-08 
 1.58489319e+07  3.16594253e-08 
 1.62181010e+07  3.14934293e-08 
 1.65958691e+07  3.13298967e-08 
 1.69824365e+07  3.11688073e-08 
 1.73780083e+07  3.10101412e-08 
 1.77827941e+07  3.08538791e-08 
 1.81970086e+07  3.07000019e-08 
 1.86208714e+07  3.05484910e-08 
 1.90546072e+07  3.03993281e-08 
 1.94984460e+07  3.02524955e-08 
 1.99526231e+07  3.01079759e-08 
 2.04173794e+07  2.99657522e-08 
 2.08929613e+07  2.98258081e-08 
 2.13796209e+07  2.96881275e-08 
 2.18776162e+07  2.95526951e-08 
 2.23872114e+07  2.94194958e-08 
 2.29086765e+07  2.92885151e-08 
 2.34422882e+07  2.91597392e-08 
 2.39883292e+07  2.90331547e-08 
 2.45470892e+07  2.89087489e-08 
 2.51188643e+07  2.87865090e-08 
 2.57039578e+07  2.86664246e-08 
 2.63026799e+07  2.85484841e-08 
 2.69153480e+07  2.84326776e-08 
 2.75422870e+07  2.83189954e-08 
 2.81838293e+07  2.82074286e-08 
 2.88403150e+07  2.80979693e-08 
 2.95120923e+07  2.79906102e-08 
 3.01995172e+07  2.78853447e-08 
 3.09029543e+07  2.77821673e-08 
 3.16227766e+07  2.76810732e-08 
 3.23593657e+07  2.75820585e-08 
 3.31131121e+07  2.74851203e-08 
 3.38844156e+07  2.73902567e-08 
 3.46736850e+07  2.72974669e-08 
 3.54813389e+07  2.72067510e-08 
 3.63078055e+07  2.71181102e-08 
 3.71535229e+07  2.70315471e-08 
 3.80189396e+07  2.69470652e-08 
 3.89045145e+07  2.68646697e-08 
 3.98107171e+07  2.67843666e-08 
 4.07380278e+07  2.67061635e-08 
 4.16869383e+07  2.66300697e-08 
 4.26579519e+07  2.65560957e-08 
 4.36515832e+07  2.64842534e-08 
 4.46683592e+07  2.64145568e-08 
 4.57088190e+07  2.63470213e-08 
 4.67735141e+07  2.62816643e-08 
 4.78630092e+07  2.62185049e-08 
 4.89778819e+07  2.61575642e-08 
 5.01187234e+07  2.60988655e-08 
 5.12861384e+07  2.60424339e-08 
 5.24807460e+07  2.59882973e-08 
 5.37031796e+07  2.59364855e-08 
 5.49540874e+07  2.58870309e-08 
 5.62341325e+07  2.58399686e-08 
 5.75439937e+07  2.57953362e-08 
 5.88843655e+07  2.57531746e-08 
 6.02559586e+07  2.57135273e-08 
 6.16595002e+07  2.56764410e-08 
 6.30957344e+07  2.56419657e-08 
 6.45654229e+07  2.56101551e-08 
 6.60693448e+07  2.55810664e-08 
 6.76082975e+07  2.55547604e-08 
 6.91830971e+07  2.55313021e-08 
 7.07945784e+07  2.55107608e-08 
 7.24435960e+07  2.54932103e-08 
 7.41310241e+07  2.54787289e-08 
 7.58577575e+07  2.54673995e-08 
 7.76247117e+07  2.54593107e-08 
 7.94328235e+07  2.54545562e-08 
 8.12830516e+07  2.54532356e-08 
 8.31763771e+07  2.54554542e-08 
 8.51138038e+07  2.54613243e-08 
 8.70963590e+07  2.54709631e-08 
 8.91250938e+07  2.54844975e-08 
 9.12010839e+07  2.55020597e-08 
 9.33254301e+07  2.55237899e-08 
 9.54992586e+07  2.55498367e-08 
 9.77237221e+07  2.55803570e-08 
 1.00000000e+08  2.56155169e-08 
 1.02329299e+08  2.56554916e-08 
 1.04712855e+08  2.57004664e-08 
 1.07151931e+08  2.57506368e-08 
 1.09647820e+08  2.58062090e-08 
 1.12201845e+08  2.58674006e-08 
 1.14815362e+08  2.59344413e-08 
 1.17489755e+08  2.60075725e-08 
 1.20226443e+08  2.60870493e-08 
 1.23026877e+08  2.61731413e-08 
 1.25892541e+08  2.62661303e-08 
 1.28824955e+08  2.63663118e-08 
 1.31825674e+08  2.64739988e-08 
 1.34896288e+08  2.65895187e-08 
 1.38038426e+08  2.67132153e-08 
 1.41253754e+08  2.68454483e-08 
 1.44543977e+08  2.69865941e-08 
 1.47910839e+08  2.71370464e-08 
 1.51356125e+08  2.72972151e-08 
 1.54881662e+08  2.74675323e-08 
 1.58489319e+08  2.76484379e-08 
 1.62181010e+08  2.78403969e-08 
 1.65958691e+08  2.80438866e-08 
 1.69824365e+08  2.82594004e-08 
 1.73780083e+08  2.84874434e-08 
 1.77827941e+08  2.87285389e-08 
 1.81970086e+08  2.89832119e-08 
 1.86208714e+08  2.92520028e-08 
 1.90546072e+08  2.95354501e-08 
 1.94984460e+08  2.98340964e-08 
 1.99526231e+08  3.01484828e-08 
 2.04173794e+08  3.04791293e-08 
 2.08929613e+08  3.08265456e-08 
 2.13796209e+08  3.11912108e-08 
 2.18776162e+08  3.15735708e-08 
 2.23872114e+08  3.19740278e-08 
 2.29086765e+08  3.23929126e-08 
 2.34422882e+08  3.28304951e-08 
 2.39883292e+08  3.32869377e-08 
 2.45470892e+08  3.37623003e-08 
 2.51188643e+08  3.42565202e-08 
 2.57039578e+08  3.47693679e-08 
 2.63026799e+08  3.53004441e-08 
 2.69153480e+08  3.58491444e-08 
 2.75422870e+08  3.64146457e-08 
 2.81838293e+08  3.69958679e-08 
 2.88403150e+08  3.75914498e-08 
 2.95120923e+08  3.81997495e-08 
 3.01995172e+08  3.88187953e-08 
 3.09029543e+08  3.94462916e-08 
 3.16227766e+08  4.00796229e-08 
 3.23593657e+08  4.07158304e-08 
 3.31131121e+08  4.13516719e-08 
 3.38844156e+08  4.19835977e-08 
 3.46736850e+08  4.26078384e-08 
 3.54813389e+08  4.32204553e-08 
 3.63078055e+08  4.38173841e-08 
 3.71535229e+08  4.43945651e-08 
 3.80189396e+08  4.49480180e-08 
 3.89045145e+08  4.54739362e-08 
 3.98107171e+08  4.59688262e-08 
 4.07380278e+08  4.64295696e-08 
 4.16869383e+08  4.68535641e-08 
 4.26579519e+08  4.72387649e-08 
 4.36515832e+08  4.75837661e-08 
 4.46683592e+08  4.78878291e-08 
 4.57088190e+08  4.81509012e-08 
 4.67735141e+08  4.83736167e-08 
 4.78630092e+08  4.85572255e-08 
 4.89778819e+08  4.87035580e-08 
 5.01187234e+08  4.88149577e-08 
 5.12861384e+08  4.88941766e-08 
 5.24807460e+08  4.89443126e-08 
 5.37031796e+08  4.89686776e-08 
 5.49540874e+08  4.89707423e-08 
 5.62341325e+08  4.89540465e-08 
 5.75439937e+08  4.89221164e-08 
 5.88843655e+08  4.88784113e-08 
 6.02559586e+08  4.88262702e-08 
 6.16595002e+08  4.87688717e-08 
 6.30957344e+08  4.87092107e-08 
 6.45654229e+08  4.86500825e-08 
 6.60693448e+08  4.85940542e-08 
 6.76082975e+08  4.85434902e-08 
 6.91830971e+08  4.85005334e-08 
 7.07945784e+08  4.84671225e-08 
 7.24435960e+08  4.84449968e-08 
 7.41310241e+08  4.84357163e-08 
 7.58577575e+08  4.84406672e-08 
 7.76247117e+08  4.84610875e-08 
 7.94328235e+08  4.84980704e-08 
 8.12830516e+08  4.85525880e-08 
 8.31763771e+08  4.86255000e-08 
 8.51138038e+08  4.87175716e-08 
 8.70963590e+08  4.88294796e-08 
 8.91250938e+08  4.89618321e-08 
 9.12010839e+08  4.91151710e-08 
 9.33254301e+08  4.92899873e-08 
 9.54992586e+08  4.94867235e-08 
 9.77237221e+08  4.97057904e-08 
 1.00000000e+09  4.99475608e-08 
