 1.00000000e+00 -2.14504650e-03 
 1.25892541e+00 -2.70045355e-03 
 1.58489319e+00 -3.39966959e-03 
 1.99526231e+00 -4.27993044e-03 
 2.51188643e+00 -5.38811319e-03 
 3.16227766e+00 -6.78323260e-03 
 3.98107171e+00 -8.53958387e-03 
 5.01187234e+00 -1.07506991e-02 
 6.30957344e+00 -1.35343282e-02 
 7.94328235e+00 -1.70387095e-02 
 1.00000000e+01 -2.14504640e-02 
 1.25892541e+01 -2.70045335e-02 
 1.58489319e+01 -3.39966920e-02 
 1.99526231e+01 -4.27992965e-02 
 2.51188643e+01 -5.38811161e-02 
 3.16227766e+01 -6.78322946e-02 
 3.98107171e+01 -8.53957761e-02 
 5.01187234e+01 -1.07506866e-01 
 6.30957344e+01 -1.35343033e-01 
 7.94328235e+01 -1.70386598e-01 
 1.00000000e+02 -2.14503648e-01 
 1.25892541e+02 -2.70043356e-01 
 1.58489319e+02 -3.39962971e-01 
 1.99526231e+02 -4.27985087e-01 
 2.51188643e+02 -5.38795442e-01 
 3.16227766e+02 -6.78291583e-01 
 3.98107171e+02 -8.53895185e-01 
 5.01187234e+02 -1.07494382e+00 
 6.30957344e+02 -1.35318126e+00 
 7.94328235e+02 -1.70336912e+00 
 1.00000000e+03 -2.14404544e+00 
 1.25892541e+03 -2.69845714e+00 
 1.58489319e+03 -3.39568934e+00 
 1.99526231e+03 -4.27199857e+00 
 2.51188643e+03 -5.37231778e+00 
 3.16227766e+03 -6.75181336e+00 
 3.98107171e+03 -8.47719727e+00 
 5.01187234e+03 -1.06271656e+01 
 6.30957344e+03 -1.32907637e+01 
 7.94328235e+03 -1.65616330e+01 
 1.00000000e+04 -2.05251942e+01 
 1.25892541e+04 -2.52357892e+01 
 1.58489319e+04 -3.06837512e+01 
 1.99526231e+04 -3.67606949e+01 
 2.51188643e+04 -4.32430611e+01 
 3.16227766e+04 -4.98168514e+01 
 3.98107171e+04 -5.61459096e+01 
 5.01187234e+04 -6.19521619e+01 
 6.30957344e+04 -6.70655806e+01 
 7.94328235e+04 -7.14275827e+01 
 1.00000000e+05 -7.50629851e+01 
 1.25892541e+05 -7.80443404e+01 
 1.58489319e+05 -8.04633242e+01 
 1.99526231e+05 -8.24128492e+01 
 2.51188643e+05 -8.39779606e+01 
 3.16227766e+05 -8.52323385e+01 
 3.98107171e+05 -8.62378540e+01 
 5.01187234e+05 -8.70455567e+01 
 6.30957344e+05 -8.76971992e+01 
 7.94328235e+05 -8.82268492e+01 
 1.00000000e+06 -8.86623936e+01 
 1.25892541e+06 -8.90268666e+01 
 1.58489319e+06 -8.93395970e+01 
 1.99526231e+06 -8.96171983e+01 
 2.51188643e+06 -8.98744327e+01 
 3.16227766e+06 -9.01249873e+01 
 3.98107171e+06 -9.03821967e+01 
 5.01187234e+06 -9.06597495e+01 
 6.30957344e+06 -9.09724128e+01 
 7.94328235e+06 -9.13368116e+01 
 1.00000000e+07 -9.17723015e+01 
 1.25892541e+07 -9.23019752e+01 
 1.58489319e+07 -9.29538423e+01 
 1.99526231e+07 -9.37622237e+01 
 2.51188643e+07 -9.47693828e+01 
 3.16227766e+07 -9.60273841e+01 
 3.98107171e+07 -9.76000820e+01 
 5.01187234e+07 -9.95649459e+01 
 6.30957344e+07 -1.02014019e+02 
 7.94328235e+07 -1.05052432e+02 
 1.00000000e+08 -1.08791074e+02 
 1.25892541e+08 -1.13326363e+02 
 1.58489319e+08 -1.18693054e+02 
 1.99526231e+08 -1.24764786e+02 
 2.51188643e+08 -1.31067605e+02 
 3.16227766e+08 -1.36502122e+02 
 3.98107171e+08 -1.39187122e+02 
 5.01187234e+08 -1.37365570e+02 
 6.30957344e+08 -1.32443181e+02 
 7.94328235e+08 -1.29473119e+02 
 1.00000000e+09 -1.31315343e+02 
