 1.00000000e+00 -2.14863774e-03 
 1.25892541e+00 -2.70497465e-03 
 1.58489319e+00 -3.40536132e-03 
 1.99526231e+00 -4.28709590e-03 
 2.51188643e+00 -5.39713396e-03 
 3.16227766e+00 -6.79458909e-03 
 3.98107171e+00 -8.55388084e-03 
 5.01187234e+00 -1.07686979e-02 
 6.30957344e+00 -1.35569874e-02 
 7.94328235e+00 -1.70672357e-02 
 1.00000000e+01 -2.14863764e-02 
 1.25892541e+01 -2.70497445e-02 
 1.58489319e+01 -3.40536092e-02 
 1.99526231e+01 -4.28709511e-02 
 2.51188643e+01 -5.39713238e-02 
 3.16227766e+01 -6.79458593e-02 
 3.98107171e+01 -8.55387455e-02 
 5.01187234e+01 -1.07686854e-01 
 6.30957344e+01 -1.35569623e-01 
 7.94328235e+01 -1.70671857e-01 
 1.00000000e+02 -2.14862767e-01 
 1.25892541e+02 -2.70495456e-01 
 1.58489319e+02 -3.40532124e-01 
 1.99526231e+02 -4.28701593e-01 
 2.51188643e+02 -5.39697441e-01 
 3.16227766e+02 -6.79427074e-01 
 3.98107171e+02 -8.55324569e-01 
 5.01187234e+02 -1.07674307e+00 
 6.30957344e+02 -1.35544593e+00 
 7.94328235e+02 -1.70621925e+00 
 1.00000000e+03 -2.14763170e+00 
 1.25892541e+03 -2.70296833e+00 
 1.58489319e+03 -3.40136132e+00 
 1.99526231e+03 -4.27912470e+00 
 2.51188643e+03 -5.38126035e+00 
 3.16227766e+03 -6.76301459e+00 
 3.98107171e+03 -8.49118693e+00 
 5.01187234e+03 -1.06445590e+01 
 6.30957344e+03 -1.33122384e+01 
 7.94328235e+03 -1.65878669e+01 
 1.00000000e+04 -2.05567406e+01 
 1.25892541e+04 -2.52728739e+01 
 1.58489319e+04 -3.07260142e+01 
 1.99526231e+04 -3.68069788e+01 
 2.51188643e+04 -4.32914225e+01 
 3.16227766e+04 -4.98649157e+01 
 3.98107171e+04 -5.61914616e+01 
 5.01187234e+04 -6.19936593e+01 
 6.30957344e+04 -6.71023440e+01 
 7.94328235e+04 -7.14596844e+01 
 1.00000000e+05 -7.50910015e+01 
 1.25892541e+05 -7.80691232e+01 
 1.58489319e+05 -8.04858459e+01 
 1.99526231e+05 -8.24341257e+01 
 2.51188643e+05 -8.39990301e+01 
 3.16227766e+05 -8.52542747e+01 
 3.98107171e+05 -8.62618003e+01 
 5.01187234e+05 -8.70727759e+01 
 6.30957344e+05 -8.77291344e+01 
 7.94328235e+05 -8.82651980e+01 
 1.00000000e+06 -8.87091965e+01 
 1.25892541e+06 -8.90846152e+01 
 1.58489319e+06 -8.94113661e+01 
 1.99526231e+06 -8.97068093e+01 
 2.51188643e+06 -8.99866570e+01 
 3.16227766e+06 -9.02657999e+01 
 3.98107171e+06 -9.05590939e+01 
 5.01187234e+06 -9.08821468e+01 
 6.30957344e+06 -9.12521435e+01 
 7.94328235e+06 -9.16887524e+01 
 1.00000000e+07 -9.22151547e+01 
 1.25892541e+07 -9.28592440e+01 
 1.58489319e+07 -9.36550425e+01 
 1.99526231e+07 -9.46443717e+01 
 2.51188643e+07 -9.58787962e+01 
 3.16227766e+07 -9.74217911e+01 
 3.98107171e+07 -9.93509297e+01 
 5.01187234e+07 -1.01759521e+02 
 6.30957344e+07 -1.04756256e+02 
 7.94328235e+07 -1.08459400e+02 
 1.00000000e+08 -1.12977334e+02 
 1.25892541e+08 -1.18357003e+02 
 1.58489319e+08 -1.24463432e+02 
 1.99526231e+08 -1.30738618e+02 
 2.51188643e+08 -1.35857058e+02 
 3.16227766e+08 -1.37697841e+02 
 3.98107171e+08 -1.34928827e+02 
 5.01187234e+08 -1.30091468e+02 
 6.30957344e+08 -1.27799964e+02 
 7.94328235e+08 -1.29474023e+02 
 1.00000000e+09 -1.33981917e+02 
