 1.00000000e+00  4.00227272e+01 
 1.25892541e+00  4.00227272e+01 
 1.58489319e+00  4.00227272e+01 
 1.99526231e+00  4.00227272e+01 
 2.51188643e+00  4.00227272e+01 
 3.16227766e+00  4.00227272e+01 
 3.98107171e+00  4.00227271e+01 
 5.01187234e+00  4.00227271e+01 
 6.30957344e+00  4.00227271e+01 
 7.94328235e+00  4.00227270e+01 
 1.00000000e+01  4.00227269e+01 
 1.25892541e+01  4.00227268e+01 
 1.58489319e+01  4.00227265e+01 
 1.99526231e+01  4.00227261e+01 
 2.51188643e+01  4.00227254e+01 
 3.16227766e+01  4.00227244e+01 
 3.98107171e+01  4.00227228e+01 
 5.01187234e+01  4.00227202e+01 
 6.30957344e+01  4.00227162e+01 
 7.94328235e+01  4.00227097e+01 
 1.00000000e+02  4.00226995e+01 
 1.25892541e+02  4.00226833e+01 
 1.58489319e+02  4.00226577e+01 
 1.99526231e+02  4.00226170e+01 
 2.51188643e+02  4.00225526e+01 
 3.16227766e+02  4.00224505e+01 
 3.98107171e+02  4.00222887e+01 
 5.01187234e+02  4.00220322e+01 
 6.30957344e+02  4.00216257e+01 
 7.94328235e+02  4.00209816e+01 
 1.00000000e+03  4.00199609e+01 
 1.25892541e+03  4.00183438e+01 
 1.58489319e+03  4.00157820e+01 
 1.99526231e+03  4.00117250e+01 
 2.51188643e+03  4.00053028e+01 
 3.16227766e+03  3.99951436e+01 
 3.98107171e+03  3.99790910e+01 
 5.01187234e+03  3.99537703e+01 
 6.30957344e+03  3.99139396e+01 
 7.94328235e+03  3.98515511e+01 
 1.00000000e+04  3.97544719e+01 
 1.25892541e+04  3.96049234e+01 
 1.58489319e+04  3.93779738e+01 
 1.99526231e+04  3.90409421e+01 
 2.51188643e+04  3.85551906e+01 
 3.16227766e+04  3.78818266e+01 
 3.98107171e+04  3.69911466e+01 
 5.01187234e+04  3.58722197e+01 
 6.30957344e+04  3.45369124e+01 
 7.94328235e+04  3.30155322e+01 
 1.00000000e+05  3.13471333e+01 
 1.25892541e+05  2.95701854e+01 
 1.58489319e+05  2.77170541e+01 
 1.99526231e+05  2.58123444e+01 
 2.51188643e+05  2.38735624e+01 
 3.16227766e+05  2.19126369e+01 
 3.98107171e+05  1.99374731e+01 
 5.01187234e+05  1.79532168e+01 
 6.30957344e+05  1.59631792e+01 
 7.94328235e+05  1.39694758e+01 
 1.00000000e+06  1.19734519e+01 
 1.25892541e+06  9.97596004e+00 
 1.58489319e+06  7.97753944e+00 
 1.99526231e+06  5.97853012e+00 
 2.51188643e+06  3.97914555e+00 
 3.16227766e+06  1.97951844e+00 
 3.98107171e+06 -2.02707908e-02 
 5.01187234e+06 -2.02017666e+00 
 6.30957344e+06 -4.02017885e+00 
 7.94328235e+06 -6.02027786e+00 
 1.00000000e+07 -8.02049506e+00 
 1.25892541e+07 -1.00208774e+01 
 1.58489319e+07 -1.20215073e+01 
 1.99526231e+07 -1.40225211e+01 
 2.51188643e+07 -1.60241378e+01 
 3.16227766e+07 -1.80267073e+01 
 3.98107171e+07 -2.00307862e+01 
 5.01187234e+07 -2.20372605e+01 
 6.30957344e+07 -2.40475410e+01 
 7.94328235e+07 -2.60638802e+01 
 1.00000000e+08 -2.80898880e+01 
 1.25892541e+08 -3.01313838e+01 
 1.58489319e+08 -3.21978276e+01 
 1.99526231e+08 -3.43047724e+01 
 2.51188643e+08 -3.64781294e+01 
 3.16227766e+08 -3.87615525e+01 
 3.98107171e+08 -4.12284111e+01 
 5.01187234e+08 -4.39967438e+01 
 6.30957344e+08 -4.72290506e+01 
 7.94328235e+08 -5.10508022e+01 
 1.00000000e+09 -5.52776689e+01 
