 1.00000000e+00  4.00227503e+01 
 1.25892541e+00  4.00227503e+01 
 1.58489319e+00  4.00227503e+01 
 1.99526231e+00  4.00227503e+01 
 2.51188643e+00  4.00227503e+01 
 3.16227766e+00  4.00227503e+01 
 3.98107171e+00  4.00227503e+01 
 5.01187234e+00  4.00227502e+01 
 6.30957344e+00  4.00227502e+01 
 7.94328235e+00  4.00227501e+01 
 1.00000000e+01  4.00227500e+01 
 1.25892541e+01  4.00227499e+01 
 1.58489319e+01  4.00227496e+01 
 1.99526231e+01  4.00227492e+01 
 2.51188643e+01  4.00227486e+01 
 3.16227766e+01  4.00227475e+01 
 3.98107171e+01  4.00227459e+01 
 5.01187234e+01  4.00227434e+01 
 6.30957344e+01  4.00227393e+01 
 7.94328235e+01  4.00227329e+01 
 1.00000000e+02  4.00227227e+01 
 1.25892541e+02  4.00227066e+01 
 1.58489319e+02  4.00226810e+01 
 1.99526231e+02  4.00226405e+01 
 2.51188643e+02  4.00225763e+01 
 3.16227766e+02  4.00224745e+01 
 3.98107171e+02  4.00223132e+01 
 5.01187234e+02  4.00220576e+01 
 6.30957344e+02  4.00216525e+01 
 7.94328235e+02  4.00210105e+01 
 1.00000000e+03  4.00199932e+01 
 1.25892541e+03  4.00183813e+01 
 1.58489319e+03  4.00158280e+01 
 1.99526231e+03  4.00117843e+01 
 2.51188643e+03  4.00053832e+01 
 3.16227766e+03  3.99952574e+01 
 3.98107171e+03  3.99792574e+01 
 5.01187234e+03  3.99540191e+01 
 6.30957344e+03  3.99143171e+01 
 7.94328235e+03  3.98521279e+01 
 1.00000000e+04  3.97553532e+01 
 1.25892541e+04  3.96062606e+01 
 1.58489319e+04  3.93799738e+01 
 1.99526231e+04  3.90438647e+01 
 2.51188643e+04  3.85593233e+01 
 3.16227766e+04  3.78874285e+01 
 3.98107171e+04  3.69983733e+01 
 5.01187234e+04  3.58810682e+01 
 6.30957344e+04  3.45472224e+01 
 7.94328235e+04  3.30270422e+01 
 1.00000000e+05  3.13595560e+01 
 1.25892541e+05  2.95832626e+01 
 1.58489319e+05  2.77305810e+01 
 1.99526231e+05  2.58261715e+01 
 2.51188643e+05  2.38875858e+01 
 3.16227766e+05  2.19267872e+01 
 3.98107171e+05  1.99517048e+01 
 5.01187234e+05  1.79675004e+01 
 6.30957344e+05  1.59774961e+01 
 7.94328235e+05  1.39838143e+01 
 1.00000000e+06  1.19878048e+01 
 1.25892541e+06  9.99032322e+00 
 1.58489319e+06  7.99191101e+00 
 1.99526231e+06  5.99290998e+00 
 2.51188643e+06  3.99353541e+00 
 3.16227766e+06  1.99392215e+00 
 3.98107171e+06 -5.84638736e-03 
 5.01187234e+06 -2.00572025e+00 
 6.30957344e+06 -4.00567223e+00 
 7.94328235e+06 -6.00569196e+00 
 1.00000000e+07 -8.00578370e+00 
 1.25892541e+07 -1.00059673e+01 
 1.58489319e+07 -1.20062823e+01 
 1.99526231e+07 -1.40067967e+01 
 2.51188643e+07 -1.60076217e+01 
 3.16227766e+07 -1.80089355e+01 
 3.98107171e+07 -2.00110219e+01 
 5.01187234e+07 -2.20143319e+01 
 6.30957344e+07 -2.40195818e+01 
 7.94328235e+07 -2.60279091e+01 
 1.00000000e+08 -2.80411224e+01 
 1.25892541e+08 -3.00621013e+01 
 1.58489319e+08 -3.20954416e+01 
 1.99526231e+08 -3.41485060e+01 
 2.51188643e+08 -3.62331483e+01 
 3.16227766e+08 -3.83685753e+01 
 3.98107171e+08 -4.05861063e+01 
 5.01187234e+08 -4.29369058e+01 
 6.30957344e+08 -4.55033584e+01 
 7.94328235e+08 -4.84104659e+01 
 1.00000000e+09 -5.18159115e+01 
