 1.00000000e+00  2.22005152e-05 
 1.02329299e+00  2.19848941e-05 
 1.04712855e+00  2.17713740e-05 
 1.07151931e+00  2.15599344e-05 
 1.09647820e+00  2.13505548e-05 
 1.12201845e+00  2.11432151e-05 
 1.14815362e+00  2.09378954e-05 
 1.17489755e+00  2.07345759e-05 
 1.20226443e+00  2.05332371e-05 
 1.23026877e+00  2.03338595e-05 
 1.25892541e+00  2.01364239e-05 
 1.28824955e+00  1.99409115e-05 
 1.31825674e+00  1.97473033e-05 
 1.34896288e+00  1.95555807e-05 
 1.38038426e+00  1.93657253e-05 
 1.41253754e+00  1.91777189e-05 
 1.44543977e+00  1.89915433e-05 
 1.47910839e+00  1.88071807e-05 
 1.51356125e+00  1.86246133e-05 
 1.54881662e+00  1.84438236e-05 
 1.58489319e+00  1.82647942e-05 
 1.62181010e+00  1.80875078e-05 
 1.65958691e+00  1.79119476e-05 
 1.69824365e+00  1.77380964e-05 
 1.73780083e+00  1.75659378e-05 
 1.77827941e+00  1.73954551e-05 
 1.81970086e+00  1.72266319e-05 
 1.86208714e+00  1.70594520e-05 
 1.90546072e+00  1.68938995e-05 
 1.94984460e+00  1.67299582e-05 
 1.99526231e+00  1.65676126e-05 
 2.04173794e+00  1.64068471e-05 
 2.08929613e+00  1.62476461e-05 
 2.13796209e+00  1.60899944e-05 
 2.18776162e+00  1.59338769e-05 
 2.23872114e+00  1.57792786e-05 
 2.29086765e+00  1.56261846e-05 
 2.34422882e+00  1.54745802e-05 
 2.39883292e+00  1.53244510e-05 
 2.45470892e+00  1.51757824e-05 
 2.51188643e+00  1.50285602e-05 
 2.57039578e+00  1.48827704e-05 
 2.63026799e+00  1.47383988e-05 
 2.69153480e+00  1.45954317e-05 
 2.75422870e+00  1.44538554e-05 
 2.81838293e+00  1.43136562e-05 
 2.88403150e+00  1.41748207e-05 
 2.95120923e+00  1.40373357e-05 
 3.01995172e+00  1.39011878e-05 
 3.09029543e+00  1.37663641e-05 
 3.16227766e+00  1.36328517e-05 
 3.23593657e+00  1.35006377e-05 
 3.31131121e+00  1.33697094e-05 
 3.38844156e+00  1.32400544e-05 
 3.46736850e+00  1.31116601e-05 
 3.54813389e+00  1.29845144e-05 
 3.63078055e+00  1.28586049e-05 
 3.71535229e+00  1.27339197e-05 
 3.80189396e+00  1.26104467e-05 
 3.89045145e+00  1.24881743e-05 
 3.98107171e+00  1.23670905e-05 
 4.07380278e+00  1.22471839e-05 
 4.16869383e+00  1.21284430e-05 
 4.26579519e+00  1.20108564e-05 
 4.36515832e+00  1.18944128e-05 
 4.46683592e+00  1.17791010e-05 
 4.57088190e+00  1.16649101e-05 
 4.67735141e+00  1.15518292e-05 
 4.78630092e+00  1.14398473e-05 
 4.89778819e+00  1.13289537e-05 
 5.01187234e+00  1.12191379e-05 
 5.12861384e+00  1.11103893e-05 
 5.24807460e+00  1.10026976e-05 
 5.37031796e+00  1.08960524e-05 
 5.49540874e+00  1.07904435e-05 
 5.62341325e+00  1.06858608e-05 
 5.75439937e+00  1.05822943e-05 
 5.88843655e+00  1.04797341e-05 
 6.02559586e+00  1.03781705e-05 
 6.16595002e+00  1.02775935e-05 
 6.30957344e+00  1.01779938e-05 
 6.45654229e+00  1.00793616e-05 
 6.60693448e+00  9.98168771e-06 
 6.76082975e+00  9.88496263e-06 
 6.91830971e+00  9.78917716e-06 
 7.07945784e+00  9.69432214e-06 
 7.24435960e+00  9.60038851e-06 
 7.41310241e+00  9.50736728e-06 
 7.58577575e+00  9.41524956e-06 
 7.76247117e+00  9.32402655e-06 
 7.94328235e+00  9.23368953e-06 
 8.12830516e+00  9.14422987e-06 
 8.31763771e+00  9.05563901e-06 
 8.51138038e+00  8.96790850e-06 
 8.70963590e+00  8.88102995e-06 
 8.91250938e+00  8.79499507e-06 
 9.12010839e+00  8.70979562e-06 
 9.33254301e+00  8.62542349e-06 
 9.54992586e+00  8.54187059e-06 
 9.77237221e+00  8.45912897e-06 
 1.00000000e+01  8.37719071e-06 
 1.02329299e+01  8.29604799e-06 
 1.04712855e+01  8.21569306e-06 
 1.07151931e+01  8.13611825e-06 
 1.09647820e+01  8.05731597e-06 
 1.12201845e+01  7.97927868e-06 
 1.14815362e+01  7.90199894e-06 
 1.17489755e+01  7.82546938e-06 
 1.20226443e+01  7.74968269e-06 
 1.23026877e+01  7.67463163e-06 
 1.25892541e+01  7.60030905e-06 
 1.28824955e+01  7.52670785e-06 
 1.31825674e+01  7.45382101e-06 
 1.34896288e+01  7.38164157e-06 
 1.38038426e+01  7.31016266e-06 
 1.41253754e+01  7.23937744e-06 
 1.44543977e+01  7.16927917e-06 
 1.47910839e+01  7.09986116e-06 
 1.51356125e+01  7.03111678e-06 
 1.54881662e+01  6.96303950e-06 
 1.58489319e+01  6.89562280e-06 
 1.62181010e+01  6.82886027e-06 
 1.65958691e+01  6.76274553e-06 
 1.69824365e+01  6.69727228e-06 
 1.73780083e+01  6.63243429e-06 
 1.77827941e+01  6.56822536e-06 
 1.81970086e+01  6.50463938e-06 
 1.86208714e+01  6.44167029e-06 
 1.90546072e+01  6.37931208e-06 
 1.94984460e+01  6.31755882e-06 
 1.99526231e+01  6.25640461e-06 
 2.04173794e+01  6.19584363e-06 
 2.08929613e+01  6.13587011e-06 
 2.13796209e+01  6.07647833e-06 
 2.18776162e+01  6.01766263e-06 
 2.23872114e+01  5.95941742e-06 
 2.29086765e+01  5.90173714e-06 
 2.34422882e+01  5.84461630e-06 
 2.39883292e+01  5.78804945e-06 
 2.45470892e+01  5.73203121e-06 
 2.51188643e+01  5.67655625e-06 
 2.57039578e+01  5.62161928e-06 
 2.63026799e+01  5.56721506e-06 
 2.69153480e+01  5.51333843e-06 
 2.75422870e+01  5.45998424e-06 
 2.81838293e+01  5.40714743e-06 
 2.88403150e+01  5.35482295e-06 
 2.95120923e+01  5.30300583e-06 
 3.01995172e+01  5.25169113e-06 
 3.09029543e+01  5.20087397e-06 
 3.16227766e+01  5.15054952e-06 
 3.23593657e+01  5.10071298e-06 
 3.31131121e+01  5.05135961e-06 
 3.38844156e+01  5.00248471e-06 
 3.46736850e+01  4.95408364e-06 
 3.54813389e+01  4.90615179e-06 
 3.63078055e+01  4.85868459e-06 
 3.71535229e+01  4.81167753e-06 
 3.80189396e+01  4.76512614e-06 
 3.89045145e+01  4.71902599e-06 
 3.98107171e+01  4.67337270e-06 
 4.07380278e+01  4.62816192e-06 
 4.16869383e+01  4.58338936e-06 
 4.26579519e+01  4.53905074e-06 
 4.36515832e+01  4.49514187e-06 
 4.46683592e+01  4.45165856e-06 
 4.57088190e+01  4.40859667e-06 
 4.67735141e+01  4.36595212e-06 
 4.78630092e+01  4.32372085e-06 
 4.89778819e+01  4.28189884e-06 
 5.01187234e+01  4.24048212e-06 
 5.12861384e+01  4.19946674e-06 
 5.24807460e+01  4.15884882e-06 
 5.37031796e+01  4.11862449e-06 
 5.49540874e+01  4.07878993e-06 
 5.62341325e+01  4.03934135e-06 
 5.75439937e+01  4.00027500e-06 
 5.88843655e+01  3.96158717e-06 
 6.02559586e+01  3.92327418e-06 
 6.16595002e+01  3.88533240e-06 
 6.30957344e+01  3.84775821e-06 
 6.45654229e+01  3.81054806e-06 
 6.60693448e+01  3.77369839e-06 
 6.76082975e+01  3.73720572e-06 
 6.91830971e+01  3.70106658e-06 
 7.07945784e+01  3.66527752e-06 
 7.24435960e+01  3.62983516e-06 
 7.41310241e+01  3.59473613e-06 
 7.58577575e+01  3.55997710e-06 
 7.76247117e+01  3.52555475e-06 
 7.94328235e+01  3.49146583e-06 
 8.12830516e+01  3.45770710e-06 
 8.31763771e+01  3.42427534e-06 
 8.51138038e+01  3.39116740e-06 
 8.70963590e+01  3.35838012e-06 
 8.91250938e+01  3.32591039e-06 
 9.12010839e+01  3.29375513e-06 
 9.33254301e+01  3.26191129e-06 
 9.54992586e+01  3.23037584e-06 
 9.77237221e+01  3.19914579e-06 
 1.00000000e+02  3.16821817e-06 
 1.02329299e+02  3.13759006e-06 
 1.04712855e+02  3.10725854e-06 
 1.07151931e+02  3.07722074e-06 
 1.09647820e+02  3.04747381e-06 
 1.12201845e+02  3.01801491e-06 
 1.14815362e+02  2.98884127e-06 
 1.17489755e+02  2.95995010e-06 
 1.20226443e+02  2.93133868e-06 
 1.23026877e+02  2.90300428e-06 
 1.25892541e+02  2.87494421e-06 
 1.28824955e+02  2.84715582e-06 
 1.31825674e+02  2.81963647e-06 
 1.34896288e+02  2.79238355e-06 
 1.38038426e+02  2.76539447e-06 
 1.41253754e+02  2.73866668e-06 
 1.44543977e+02  2.71219764e-06 
 1.47910839e+02  2.68598483e-06 
 1.51356125e+02  2.66002578e-06 
 1.54881662e+02  2.63431802e-06 
 1.58489319e+02  2.60885912e-06 
 1.62181010e+02  2.58364666e-06 
 1.65958691e+02  2.55867825e-06 
 1.69824365e+02  2.53395152e-06 
 1.73780083e+02  2.50946414e-06 
 1.77827941e+02  2.48521377e-06 
 1.81970086e+02  2.46119812e-06 
 1.86208714e+02  2.43741491e-06 
 1.90546072e+02  2.41386190e-06 
 1.94984460e+02  2.39053684e-06 
 1.99526231e+02  2.36743752e-06 
 2.04173794e+02  2.34456177e-06 
 2.08929613e+02  2.32190740e-06 
 2.13796209e+02  2.29947228e-06 
 2.18776162e+02  2.27725427e-06 
 2.23872114e+02  2.25525128e-06 
 2.29086765e+02  2.23346121e-06 
 2.34422882e+02  2.21188200e-06 
 2.39883292e+02  2.19051162e-06 
 2.45470892e+02  2.16934802e-06 
 2.51188643e+02  2.14838922e-06 
 2.57039578e+02  2.12763322e-06 
 2.63026799e+02  2.10707806e-06 
 2.69153480e+02  2.08672179e-06 
 2.75422870e+02  2.06656248e-06 
 2.81838293e+02  2.04659823e-06 
 2.88403150e+02  2.02682714e-06 
 2.95120923e+02  2.00724734e-06 
 3.01995172e+02  1.98785697e-06 
 3.09029543e+02  1.96865421e-06 
 3.16227766e+02  1.94963723e-06 
 3.23593657e+02  1.93080423e-06 
 3.31131121e+02  1.91215343e-06 
 3.38844156e+02  1.89368307e-06 
 3.46736850e+02  1.87539138e-06 
 3.54813389e+02  1.85727666e-06 
 3.63078055e+02  1.83933716e-06 
 3.71535229e+02  1.82157121e-06 
 3.80189396e+02  1.80397712e-06 
 3.89045145e+02  1.78655322e-06 
 3.98107171e+02  1.76929787e-06 
 4.07380278e+02  1.75220942e-06 
 4.16869383e+02  1.73528627e-06 
 4.26579519e+02  1.71852681e-06 
 4.36515832e+02  1.70192946e-06 
 4.46683592e+02  1.68549265e-06 
 4.57088190e+02  1.66921481e-06 
 4.67735141e+02  1.65309442e-06 
 4.78630092e+02  1.63712994e-06 
 4.89778819e+02  1.62131986e-06 
 5.01187234e+02  1.60566270e-06 
 5.12861384e+02  1.59015696e-06 
 5.24807460e+02  1.57480119e-06 
 5.37031796e+02  1.55959392e-06 
 5.49540874e+02  1.54453372e-06 
 5.62341325e+02  1.52961917e-06 
 5.75439937e+02  1.51484885e-06 
 5.88843655e+02  1.50022137e-06 
 6.02559586e+02  1.48573535e-06 
 6.16595002e+02  1.47138941e-06 
 6.30957344e+02  1.45718220e-06 
 6.45654229e+02  1.44311237e-06 
 6.60693448e+02  1.42917859e-06 
 6.76082975e+02  1.41537956e-06 
 6.91830971e+02  1.40171395e-06 
 7.07945784e+02  1.38818049e-06 
 7.24435960e+02  1.37477788e-06 
 7.41310241e+02  1.36150487e-06 
 7.58577575e+02  1.34836020e-06 
 7.76247117e+02  1.33534262e-06 
 7.94328235e+02  1.32245090e-06 
 8.12830516e+02  1.30968384e-06 
 8.31763771e+02  1.29704021e-06 
 8.51138038e+02  1.28451883e-06 
 8.70963590e+02  1.27211851e-06 
 8.91250938e+02  1.25983807e-06 
 9.12010839e+02  1.24767637e-06 
 9.33254301e+02  1.23563224e-06 
 9.54992586e+02  1.22370456e-06 
 9.77237221e+02  1.21189219e-06 
 1.00000000e+03  1.20019402e-06 
 1.02329299e+03  1.18860894e-06 
 1.04712855e+03  1.17713586e-06 
 1.07151931e+03  1.16577369e-06 
 1.09647820e+03  1.15452136e-06 
 1.12201845e+03  1.14337780e-06 
 1.14815362e+03  1.13234198e-06 
 1.17489755e+03  1.12141283e-06 
 1.20226443e+03  1.11058933e-06 
 1.23026877e+03  1.09987046e-06 
 1.25892541e+03  1.08925520e-06 
 1.28824955e+03  1.07874256e-06 
 1.31825674e+03  1.06833153e-06 
 1.34896288e+03  1.05802114e-06 
 1.38038426e+03  1.04781041e-06 
 1.41253754e+03  1.03769838e-06 
 1.44543977e+03  1.02768408e-06 
 1.47910839e+03  1.01776659e-06 
 1.51356125e+03  1.00794495e-06 
 1.54881662e+03  9.98218250e-07 
 1.58489319e+03  9.88585561e-07 
 1.62181010e+03  9.79045975e-07 
 1.65958691e+03  9.69598593e-07 
 1.69824365e+03  9.60242523e-07 
 1.73780083e+03  9.50976881e-07 
 1.77827941e+03  9.41800792e-07 
 1.81970086e+03  9.32713390e-07 
 1.86208714e+03  9.23713817e-07 
 1.90546072e+03  9.14801224e-07 
 1.94984460e+03  9.05974768e-07 
 1.99526231e+03  8.97233618e-07 
 2.04173794e+03  8.88576948e-07 
 2.08929613e+03  8.80003940e-07 
 2.13796209e+03  8.71513786e-07 
 2.18776162e+03  8.63105685e-07 
 2.23872114e+03  8.54778842e-07 
 2.29086765e+03  8.46532472e-07 
 2.34422882e+03  8.38365796e-07 
 2.39883292e+03  8.30278045e-07 
 2.45470892e+03  8.22268454e-07 
 2.51188643e+03  8.14336268e-07 
 2.57039578e+03  8.06480738e-07 
 2.63026799e+03  7.98701123e-07 
 2.69153480e+03  7.90996690e-07 
 2.75422870e+03  7.83366710e-07 
 2.81838293e+03  7.75810465e-07 
 2.88403150e+03  7.68327241e-07 
 2.95120923e+03  7.60916332e-07 
 3.01995172e+03  7.53577040e-07 
 3.09029543e+03  7.46308671e-07 
 3.16227766e+03  7.39110540e-07 
 3.23593657e+03  7.31981969e-07 
 3.31131121e+03  7.24922284e-07 
 3.38844156e+03  7.17930819e-07 
 3.46736850e+03  7.11006916e-07 
 3.54813389e+03  7.04149921e-07 
 3.63078055e+03  6.97359188e-07 
 3.71535229e+03  6.90634075e-07 
 3.80189396e+03  6.83973950e-07 
 3.89045145e+03  6.77378183e-07 
 3.98107171e+03  6.70846152e-07 
 4.07380278e+03  6.64377242e-07 
 4.16869383e+03  6.57970842e-07 
 4.26579519e+03  6.51626349e-07 
 4.36515832e+03  6.45343164e-07 
 4.46683592e+03  6.39120695e-07 
 4.57088190e+03  6.32958355e-07 
 4.67735141e+03  6.26855563e-07 
 4.78630092e+03  6.20811743e-07 
 4.89778819e+03  6.14826326e-07 
 5.01187234e+03  6.08898747e-07 
 5.12861384e+03  6.03028448e-07 
 5.24807460e+03  5.97214875e-07 
 5.37031796e+03  5.91457480e-07 
 5.49540874e+03  5.85755721e-07 
 5.62341325e+03  5.80109060e-07 
 5.75439937e+03  5.74516964e-07 
 5.88843655e+03  5.68978906e-07 
 6.02559586e+03  5.63494366e-07 
 6.16595002e+03  5.58062824e-07 
 6.30957344e+03  5.52683771e-07 
 6.45654229e+03  5.47356698e-07 
 6.60693448e+03  5.42081103e-07 
 6.76082975e+03  5.36856490e-07 
 6.91830971e+03  5.31682366e-07 
 7.07945784e+03  5.26558243e-07 
 7.24435960e+03  5.21483639e-07 
 7.41310241e+03  5.16458075e-07 
 7.58577575e+03  5.11481078e-07 
 7.76247117e+03  5.06552179e-07 
 7.94328235e+03  5.01670913e-07 
 8.12830516e+03  4.96836820e-07 
 8.31763771e+03  4.92049445e-07 
 8.51138038e+03  4.87308337e-07 
 8.70963590e+03  4.82613050e-07 
 8.91250938e+03  4.77963140e-07 
 9.12010839e+03  4.73358169e-07 
 9.33254301e+03  4.68797705e-07 
 9.54992586e+03  4.64281317e-07 
 9.77237221e+03  4.59808579e-07 
 1.00000000e+04  4.55379071e-07 
 1.02329299e+04  4.50992376e-07 
 1.04712855e+04  4.46648079e-07 
 1.07151931e+04  4.42345772e-07 
 1.09647820e+04  4.38085049e-07 
 1.12201845e+04  4.33865510e-07 
 1.14815362e+04  4.29686756e-07 
 1.17489755e+04  4.25548395e-07 
 1.20226443e+04  4.21450036e-07 
 1.23026877e+04  4.17391293e-07 
 1.25892541e+04  4.13371785e-07 
 1.28824955e+04  4.09391132e-07 
 1.31825674e+04  4.05448960e-07 
 1.34896288e+04  4.01544897e-07 
 1.38038426e+04  3.97678577e-07 
 1.41253754e+04  3.93849634e-07 
 1.44543977e+04  3.90057708e-07 
 1.47910839e+04  3.86302443e-07 
 1.51356125e+04  3.82583484e-07 
 1.54881662e+04  3.78900482e-07 
 1.58489319e+04  3.75253089e-07 
 1.62181010e+04  3.71640963e-07 
 1.65958691e+04  3.68063762e-07 
 1.69824365e+04  3.64521151e-07 
 1.73780083e+04  3.61012796e-07 
 1.77827941e+04  3.57538367e-07 
 1.81970086e+04  3.54097535e-07 
 1.86208714e+04  3.50689979e-07 
 1.90546072e+04  3.47315376e-07 
 1.94984460e+04  3.43973409e-07 
 1.99526231e+04  3.40663764e-07 
 2.04173794e+04  3.37386129e-07 
 2.08929613e+04  3.34140195e-07 
 2.13796209e+04  3.30925657e-07 
 2.18776162e+04  3.27742212e-07 
 2.23872114e+04  3.24589561e-07 
 2.29086765e+04  3.21467407e-07 
 2.34422882e+04  3.18375456e-07 
 2.39883292e+04  3.15313417e-07 
 2.45470892e+04  3.12281002e-07 
 2.51188643e+04  3.09277926e-07 
 2.57039578e+04  3.06303905e-07 
 2.63026799e+04  3.03358661e-07 
 2.69153480e+04  3.00441915e-07 
 2.75422870e+04  2.97553394e-07 
 2.81838293e+04  2.94692825e-07 
 2.88403150e+04  2.91859939e-07 
 2.95120923e+04  2.89054471e-07 
 3.01995172e+04  2.86276155e-07 
 3.09029543e+04  2.83524731e-07 
 3.16227766e+04  2.80799939e-07 
 3.23593657e+04  2.78101523e-07 
 3.31131121e+04  2.75429229e-07 
 3.38844156e+04  2.72782807e-07 
 3.46736850e+04  2.70162006e-07 
 3.54813389e+04  2.67566580e-07 
 3.63078055e+04  2.64996285e-07 
 3.71535229e+04  2.62450880e-07 
 3.80189396e+04  2.59930124e-07 
 3.89045145e+04  2.57433781e-07 
 3.98107171e+04  2.54961616e-07 
 4.07380278e+04  2.52513396e-07 
 4.16869383e+04  2.50088891e-07 
 4.26579519e+04  2.47687873e-07 
 4.36515832e+04  2.45310115e-07 
 4.46683592e+04  2.42955395e-07 
 4.57088190e+04  2.40623491e-07 
 4.67735141e+04  2.38314184e-07 
 4.78630092e+04  2.36027255e-07 
 4.89778819e+04  2.33762491e-07 
 5.01187234e+04  2.31519678e-07 
 5.12861384e+04  2.29298605e-07 
 5.24807460e+04  2.27099064e-07 
 5.37031796e+04  2.24920847e-07 
 5.49540874e+04  2.22763749e-07 
 5.62341325e+04  2.20627568e-07 
 5.75439937e+04  2.18512103e-07 
 5.88843655e+04  2.16417155e-07 
 6.02559586e+04  2.14342526e-07 
 6.16595002e+04  2.12288023e-07 
 6.30957344e+04  2.10253450e-07 
 6.45654229e+04  2.08238618e-07 
 6.60693448e+04  2.06243337e-07 
 6.76082975e+04  2.04267419e-07 
 6.91830971e+04  2.02310678e-07 
 7.07945784e+04  2.00372930e-07 
 7.24435960e+04  1.98453993e-07 
 7.41310241e+04  1.96553687e-07 
 7.58577575e+04  1.94671833e-07 
 7.76247117e+04  1.92808254e-07 
 7.94328235e+04  1.90962774e-07 
 8.12830516e+04  1.89135221e-07 
 8.31763771e+04  1.87325422e-07 
 8.51138038e+04  1.85533207e-07 
 8.70963590e+04  1.83758408e-07 
 8.91250938e+04  1.82000858e-07 
 9.12010839e+04  1.80260392e-07 
 9.33254301e+04  1.78536845e-07 
 9.54992586e+04  1.76830057e-07 
 9.77237221e+04  1.75139865e-07 
 1.00000000e+05  1.73466113e-07 
 1.02329299e+05  1.71808641e-07 
 1.04712855e+05  1.70167295e-07 
 1.07151931e+05  1.68541920e-07 
 1.09647820e+05  1.66932363e-07 
 1.12201845e+05  1.65338473e-07 
 1.14815362e+05  1.63760100e-07 
 1.17489755e+05  1.62197095e-07 
 1.20226443e+05  1.60649313e-07 
 1.23026877e+05  1.59116607e-07 
 1.25892541e+05  1.57598832e-07 
 1.28824955e+05  1.56095848e-07 
 1.31825674e+05  1.54607511e-07 
 1.34896288e+05  1.53133683e-07 
 1.38038426e+05  1.51674224e-07 
 1.41253754e+05  1.50228998e-07 
 1.44543977e+05  1.48797868e-07 
 1.47910839e+05  1.47380701e-07 
 1.51356125e+05  1.45977362e-07 
 1.54881662e+05  1.44587721e-07 
 1.58489319e+05  1.43211645e-07 
 1.62181010e+05  1.41849007e-07 
 1.65958691e+05  1.40499677e-07 
 1.69824365e+05  1.39163530e-07 
 1.73780083e+05  1.37840439e-07 
 1.77827941e+05  1.36530279e-07 
 1.81970086e+05  1.35232929e-07 
 1.86208714e+05  1.33948266e-07 
 1.90546072e+05  1.32676168e-07 
 1.94984460e+05  1.31416517e-07 
 1.99526231e+05  1.30169195e-07 
 2.04173794e+05  1.28934083e-07 
 2.08929613e+05  1.27711066e-07 
 2.13796209e+05  1.26500028e-07 
 2.18776162e+05  1.25300856e-07 
 2.23872114e+05  1.24113438e-07 
 2.29086765e+05  1.22937661e-07 
 2.34422882e+05  1.21773415e-07 
 2.39883292e+05  1.20620590e-07 
 2.45470892e+05  1.19479079e-07 
 2.51188643e+05  1.18348773e-07 
 2.57039578e+05  1.17229567e-07 
 2.63026799e+05  1.16121355e-07 
 2.69153480e+05  1.15024032e-07 
 2.75422870e+05  1.13937497e-07 
 2.81838293e+05  1.12861647e-07 
 2.88403150e+05  1.11796379e-07 
 2.95120923e+05  1.10741596e-07 
 3.01995172e+05  1.09697196e-07 
 3.09029543e+05  1.08663082e-07 
 3.16227766e+05  1.07639157e-07 
 3.23593657e+05  1.06625324e-07 
 3.31131121e+05  1.05621488e-07 
 3.38844156e+05  1.04627554e-07 
 3.46736850e+05  1.03643430e-07 
 3.54813389e+05  1.02669022e-07 
 3.63078055e+05  1.01704238e-07 
 3.71535229e+05  1.00748989e-07 
 3.80189396e+05  9.98031837e-08 
 3.89045145e+05  9.88667335e-08 
 3.98107171e+05  9.79395504e-08 
 4.07380278e+05  9.70215469e-08 
 4.16869383e+05  9.61126368e-08 
 4.26579519e+05  9.52127344e-08 
 4.36515832e+05  9.43217551e-08 
 4.46683592e+05  9.34396150e-08 
 4.57088190e+05  9.25662311e-08 
 4.67735141e+05  9.17015211e-08 
 4.78630092e+05  9.08454035e-08 
 4.89778819e+05  8.99977979e-08 
 5.01187234e+05  8.91586243e-08 
 5.12861384e+05  8.83278037e-08 
 5.24807460e+05  8.75052579e-08 
 5.37031796e+05  8.66909093e-08 
 5.49540874e+05  8.58846812e-08 
 5.62341325e+05  8.50864977e-08 
 5.75439937e+05  8.42962835e-08 
 5.88843655e+05  8.35139642e-08 
 6.02559586e+05  8.27394660e-08 
 6.16595002e+05  8.19727159e-08 
 6.30957344e+05  8.12136415e-08 
 6.45654229e+05  8.04621714e-08 
 6.60693448e+05  7.97182346e-08 
 6.76082975e+05  7.89817609e-08 
 6.91830971e+05  7.82526808e-08 
 7.07945784e+05  7.75309256e-08 
 7.24435960e+05  7.68164270e-08 
 7.41310241e+05  7.61091178e-08 
 7.58577575e+05  7.54089310e-08 
 7.76247117e+05  7.47158005e-08 
 7.94328235e+05  7.40296608e-08 
 8.12830516e+05  7.33504472e-08 
 8.31763771e+05  7.26780954e-08 
 8.51138038e+05  7.20125419e-08 
 8.70963590e+05  7.13537237e-08 
 8.91250938e+05  7.07015785e-08 
 9.12010839e+05  7.00560447e-08 
 9.33254301e+05  6.94170610e-08 
 9.54992586e+05  6.87845671e-08 
 9.77237221e+05  6.81585031e-08 
 1.00000000e+06  6.75388095e-08 
 1.02329299e+06  6.69254278e-08 
 1.04712855e+06  6.63182998e-08 
 1.07151931e+06  6.57173679e-08 
 1.09647820e+06  6.51225751e-08 
 1.12201845e+06  6.45338650e-08 
 1.14815362e+06  6.39511817e-08 
 1.17489755e+06  6.33744698e-08 
 1.20226443e+06  6.28036746e-08 
 1.23026877e+06  6.22387418e-08 
 1.25892541e+06  6.16796177e-08 
 1.28824955e+06  6.11262491e-08 
 1.31825674e+06  6.05785833e-08 
 1.34896288e+06  6.00365681e-08 
 1.38038426e+06  5.95001521e-08 
 1.41253754e+06  5.89692839e-08 
 1.44543977e+06  5.84439129e-08 
 1.47910839e+06  5.79239891e-08 
 1.51356125e+06  5.74094627e-08 
 1.54881662e+06  5.69002847e-08 
 1.58489319e+06  5.63964063e-08 
 1.62181010e+06  5.58977792e-08 
 1.65958691e+06  5.54043558e-08 
 1.69824365e+06  5.49160888e-08 
 1.73780083e+06  5.44329314e-08 
 1.77827941e+06  5.39548372e-08 
 1.81970086e+06  5.34817603e-08 
 1.86208714e+06  5.30136552e-08 
 1.90546072e+06  5.25504769e-08 
 1.94984460e+06  5.20921809e-08 
 1.99526231e+06  5.16387228e-08 
 2.04173794e+06  5.11900591e-08 
 2.08929613e+06  5.07461464e-08 
 2.13796209e+06  5.03069418e-08 
 2.18776162e+06  4.98724028e-08 
 2.23872114e+06  4.94424874e-08 
 2.29086765e+06  4.90171538e-08 
 2.34422882e+06  4.85963608e-08 
 2.39883292e+06  4.81800675e-08 
 2.45470892e+06  4.77682334e-08 
 2.51188643e+06  4.73608184e-08 
 2.57039578e+06  4.69577828e-08 
 2.63026799e+06  4.65590871e-08 
 2.69153480e+06  4.61646925e-08 
 2.75422870e+06  4.57745603e-08 
 2.81838293e+06  4.53886523e-08 
 2.88403150e+06  4.50069305e-08 
 2.95120923e+06  4.46293574e-08 
 3.01995172e+06  4.42558959e-08 
 3.09029543e+06  4.38865090e-08 
 3.16227766e+06  4.35211603e-08 
 3.23593657e+06  4.31598136e-08 
 3.31131121e+06  4.28024330e-08 
 3.38844156e+06  4.24489832e-08 
 3.46736850e+06  4.20994288e-08 
 3.54813389e+06  4.17537350e-08 
 3.63078055e+06  4.14118673e-08 
 3.71535229e+06  4.10737914e-08 
 3.80189396e+06  4.07394735e-08 
 3.89045145e+06  4.04088798e-08 
 3.98107171e+06  4.00819772e-08 
 4.07380278e+06  3.97587325e-08 
 4.16869383e+06  3.94391131e-08 
 4.26579519e+06  3.91230864e-08 
 4.36515832e+06  3.88106205e-08 
 4.46683592e+06  3.85016833e-08 
 4.57088190e+06  3.81962433e-08 
 4.67735141e+06  3.78942693e-08 
 4.78630092e+06  3.75957300e-08 
 4.89778819e+06  3.73005949e-08 
 5.01187234e+06  3.70088333e-08 
 5.12861384e+06  3.67204150e-08 
 5.24807460e+06  3.64353100e-08 
 5.37031796e+06  3.61534886e-08 
 5.49540874e+06  3.58749212e-08 
 5.62341325e+06  3.55995787e-08 
 5.75439937e+06  3.53274320e-08 
 5.88843655e+06  3.50584523e-08 
 6.02559586e+06  3.47926112e-08 
 6.16595002e+06  3.45298803e-08 
 6.30957344e+06  3.42702316e-08 
 6.45654229e+06  3.40136372e-08 
 6.60693448e+06  3.37600696e-08 
 6.76082975e+06  3.35095012e-08 
 6.91830971e+06  3.32619050e-08 
 7.07945784e+06  3.30172540e-08 
 7.24435960e+06  3.27755214e-08 
 7.41310241e+06  3.25366807e-08 
 7.58577575e+06  3.23007056e-08 
 7.76247117e+06  3.20675698e-08 
 7.94328235e+06  3.18372475e-08 
 8.12830516e+06  3.16097130e-08 
 8.31763771e+06  3.13849406e-08 
 8.51138038e+06  3.11629051e-08 
 8.70963590e+06  3.09435812e-08 
 8.91250938e+06  3.07269440e-08 
 9.12010839e+06  3.05129688e-08 
 9.33254301e+06  3.03016308e-08 
 9.54992586e+06  3.00929056e-08 
 9.77237221e+06  2.98867690e-08 
 1.00000000e+07  2.96831970e-08 
 1.02329299e+07  2.94821655e-08 
 1.04712855e+07  2.92836509e-08 
 1.07151931e+07  2.90876296e-08 
 1.09647820e+07  2.88940781e-08 
 1.12201845e+07  2.87029733e-08 
 1.14815362e+07  2.85142921e-08 
 1.17489755e+07  2.83280114e-08 
 1.20226443e+07  2.81441086e-08 
 1.23026877e+07  2.79625611e-08 
 1.25892541e+07  2.77833464e-08 
 1.28824955e+07  2.76064423e-08 
 1.31825674e+07  2.74318264e-08 
 1.34896288e+07  2.72594770e-08 
 1.38038426e+07  2.70893721e-08 
 1.41253754e+07  2.69214900e-08 
 1.44543977e+07  2.67558092e-08 
 1.47910839e+07  2.65923083e-08 
 1.51356125e+07  2.64309659e-08 
 1.54881662e+07  2.62717611e-08 
 1.58489319e+07  2.61146728e-08 
 1.62181010e+07  2.59596802e-08 
 1.65958691e+07  2.58067625e-08 
 1.69824365e+07  2.56558993e-08 
 1.73780083e+07  2.55070702e-08 
 1.77827941e+07  2.53602548e-08 
 1.81970086e+07  2.52154329e-08 
 1.86208714e+07  2.50725848e-08 
 1.90546072e+07  2.49316903e-08 
 1.94984460e+07  2.47927299e-08 
 1.99526231e+07  2.46556840e-08 
 2.04173794e+07  2.45205331e-08 
 2.08929613e+07  2.43872578e-08 
 2.13796209e+07  2.42558391e-08 
 2.18776162e+07  2.41262579e-08 
 2.23872114e+07  2.39984954e-08 
 2.29086765e+07  2.38725326e-08 
 2.34422882e+07  2.37483512e-08 
 2.39883292e+07  2.36259324e-08 
 2.45470892e+07  2.35052582e-08 
 2.51188643e+07  2.33863102e-08 
 2.57039578e+07  2.32690704e-08 
 2.63026799e+07  2.31535209e-08 
 2.69153480e+07  2.30396439e-08 
 2.75422870e+07  2.29274220e-08 
 2.81838293e+07  2.28168375e-08 
 2.88403150e+07  2.27078731e-08 
 2.95120923e+07  2.26005118e-08 
 3.01995172e+07  2.24947365e-08 
 3.09029543e+07  2.23905303e-08 
 3.16227766e+07  2.22878767e-08 
 3.23593657e+07  2.21867589e-08 
 3.31131121e+07  2.20871606e-08 
 3.38844156e+07  2.19890658e-08 
 3.46736850e+07  2.18924582e-08 
 3.54813389e+07  2.17973220e-08 
 3.63078055e+07  2.17036416e-08 
 3.71535229e+07  2.16114013e-08 
 3.80189396e+07  2.15205859e-08 
 3.89045145e+07  2.14311802e-08 
 3.98107171e+07  2.13431692e-08 
 4.07380278e+07  2.12565381e-08 
 4.16869383e+07  2.11712723e-08 
 4.26579519e+07  2.10873574e-08 
 4.36515832e+07  2.10047791e-08 
 4.46683592e+07  2.09235236e-08 
 4.57088190e+07  2.08435769e-08 
 4.67735141e+07  2.07649255e-08 
 4.78630092e+07  2.06875561e-08 
 4.89778819e+07  2.06114555e-08 
 5.01187234e+07  2.05366108e-08 
 5.12861384e+07  2.04630093e-08 
 5.24807460e+07  2.03906383e-08 
 5.37031796e+07  2.03194863e-08 
 5.49540874e+07  2.02495409e-08 
 5.62341325e+07  2.01807905e-08 
 5.75439937e+07  2.01132237e-08 
 5.88843655e+07  2.00468294e-08 
 6.02559586e+07  1.99815968e-08 
 6.16595002e+07  1.99175152e-08 
 6.30957344e+07  1.98545744e-08 
 6.45654229e+07  1.97927646e-08 
 6.60693448e+07  1.97320762e-08 
 6.76082975e+07  1.96724997e-08 
 6.91830971e+07  1.96140262e-08 
 7.07945784e+07  1.95566471e-08 
 7.24435960e+07  1.95003542e-08 
 7.41310241e+07  1.94451397e-08 
 7.58577575e+07  1.93909959e-08 
 7.76247117e+07  1.93379159e-08 
 7.94328235e+07  1.92858930e-08 
 8.12830516e+07  1.92349208e-08 
 8.31763771e+07  1.91849938e-08 
 8.51138038e+07  1.91361063e-08 
 8.70963590e+07  1.90882537e-08 
 8.91250938e+07  1.90414315e-08 
 9.12010839e+07  1.89956360e-08 
 9.33254301e+07  1.89508637e-08 
 9.54992586e+07  1.89071118e-08 
 9.77237221e+07  1.88643783e-08 
 1.00000000e+08  1.88226613e-08 
 1.02329299e+08  1.87819601e-08 
 1.04712855e+08  1.87422741e-08 
 1.07151931e+08  1.87036038e-08 
 1.09647820e+08  1.86659502e-08 
 1.12201845e+08  1.86293152e-08 
 1.14815362e+08  1.85937013e-08 
 1.17489755e+08  1.85591117e-08 
 1.20226443e+08  1.85255506e-08 
 1.23026877e+08  1.84930232e-08 
 1.25892541e+08  1.84615354e-08 
 1.28824955e+08  1.84310941e-08 
 1.31825674e+08  1.84017072e-08 
 1.34896288e+08  1.83733836e-08 
 1.38038426e+08  1.83461336e-08 
 1.41253754e+08  1.83199682e-08 
 1.44543977e+08  1.82949002e-08 
 1.47910839e+08  1.82709428e-08 
 1.51356125e+08  1.82481113e-08 
 1.54881662e+08  1.82264219e-08 
 1.58489319e+08  1.82058930e-08 
 1.62181010e+08  1.81865437e-08 
 1.65958691e+08  1.81683951e-08 
 1.69824365e+08  1.81514702e-08 
 1.73780083e+08  1.81357932e-08 
 1.77827941e+08  1.81213912e-08 
 1.81970086e+08  1.81082924e-08 
 1.86208714e+08  1.80965272e-08 
 1.90546072e+08  1.80861289e-08 
 1.94984460e+08  1.80771330e-08 
 1.99526231e+08  1.80695771e-08 
 2.04173794e+08  1.80635015e-08 
 2.08929613e+08  1.80589496e-08 
 2.13796209e+08  1.80559676e-08 
 2.18776162e+08  1.80546050e-08 
 2.23872114e+08  1.80549143e-08 
 2.29086765e+08  1.80569522e-08 
 2.34422882e+08  1.80607784e-08 
 2.39883292e+08  1.80664573e-08 
 2.45470892e+08  1.80740570e-08 
 2.51188643e+08  1.80836503e-08 
 2.57039578e+08  1.80953144e-08 
 2.63026799e+08  1.81091327e-08 
 2.69153480e+08  1.81251929e-08 
 2.75422870e+08  1.81435887e-08 
 2.81838293e+08  1.81644204e-08 
 2.88403150e+08  1.81877947e-08 
 2.95120923e+08  1.82138245e-08 
 3.01995172e+08  1.82426312e-08 
 3.09029543e+08  1.82743429e-08 
 3.16227766e+08  1.83090975e-08 
 3.23593657e+08  1.83470409e-08 
 3.31131121e+08  1.83883288e-08 
 3.38844156e+08  1.84331267e-08 
 3.46736850e+08  1.84816116e-08 
 3.54813389e+08  1.85339711e-08 
 3.63078055e+08  1.85904066e-08 
 3.71535229e+08  1.86511310e-08 
 3.80189396e+08  1.87163712e-08 
 3.89045145e+08  1.87863700e-08 
 3.98107171e+08  1.88613841e-08 
 4.07380278e+08  1.89416889e-08 
 4.16869383e+08  1.90275751e-08 
 4.26579519e+08  1.91193531e-08 
 4.36515832e+08  1.92173529e-08 
 4.46683592e+08  1.93219250e-08 
 4.57088190e+08  1.94334397e-08 
 4.67735141e+08  1.95522930e-08 
 4.78630092e+08  1.96789017e-08 
 4.89778819e+08  1.98137074e-08 
 5.01187234e+08  1.99571776e-08 
 5.12861384e+08  2.01098040e-08 
 5.24807460e+08  2.02721069e-08 
 5.37031796e+08  2.04446285e-08 
 5.49540874e+08  2.06279409e-08 
 5.62341325e+08  2.08226382e-08 
 5.75439937e+08  2.10293418e-08 
 5.88843655e+08  2.12486910e-08 
 6.02559586e+08  2.14813484e-08 
 6.16595002e+08  2.17279899e-08 
 6.30957344e+08  2.19893021e-08 
 6.45654229e+08  2.22659786e-08 
 6.60693448e+08  2.25587078e-08 
 6.76082975e+08  2.28681652e-08 
 6.91830971e+08  2.31950010e-08 
 7.07945784e+08  2.35398293e-08 
 7.24435960e+08  2.39032048e-08 
 7.41310241e+08  2.42856071e-08 
 7.58577575e+08  2.46874157e-08 
 7.76247117e+08  2.51088862e-08 
 7.94328235e+08  2.55501193e-08 
 8.12830516e+08  2.60110251e-08 
 8.31763771e+08  2.64912969e-08 
 8.51138038e+08  2.69903638e-08 
 8.70963590e+08  2.75073586e-08 
 8.91250938e+08  2.80410839e-08 
 9.12010839e+08  2.85899792e-08 
 9.33254301e+08  2.91520900e-08 
 9.54992586e+08  2.97250525e-08 
 9.77237221e+08  3.03060937e-08 
 1.00000000e+09  3.08920396e-08 
