 1.00000000e+00  2.22005291e-05 
 1.02329299e+00  2.19849078e-05 
 1.04712855e+00  2.17713875e-05 
 1.07151931e+00  2.15599477e-05 
 1.09647820e+00  2.13505679e-05 
 1.12201845e+00  2.11432281e-05 
 1.14815362e+00  2.09379083e-05 
 1.17489755e+00  2.07345886e-05 
 1.20226443e+00  2.05332496e-05 
 1.23026877e+00  2.03338718e-05 
 1.25892541e+00  2.01364361e-05 
 1.28824955e+00  1.99409235e-05 
 1.31825674e+00  1.97473151e-05 
 1.34896288e+00  1.95555924e-05 
 1.38038426e+00  1.93657369e-05 
 1.41253754e+00  1.91777303e-05 
 1.44543977e+00  1.89915546e-05 
 1.47910839e+00  1.88071918e-05 
 1.51356125e+00  1.86246243e-05 
 1.54881662e+00  1.84438344e-05 
 1.58489319e+00  1.82648048e-05 
 1.62181010e+00  1.80875184e-05 
 1.65958691e+00  1.79119579e-05 
 1.69824365e+00  1.77381067e-05 
 1.73780083e+00  1.75659479e-05 
 1.77827941e+00  1.73954651e-05 
 1.81970086e+00  1.72266417e-05 
 1.86208714e+00  1.70594618e-05 
 1.90546072e+00  1.68939091e-05 
 1.94984460e+00  1.67299677e-05 
 1.99526231e+00  1.65676220e-05 
 2.04173794e+00  1.64068563e-05 
 2.08929613e+00  1.62476552e-05 
 2.13796209e+00  1.60900034e-05 
 2.18776162e+00  1.59338858e-05 
 2.23872114e+00  1.57792873e-05 
 2.29086765e+00  1.56261932e-05 
 2.34422882e+00  1.54745887e-05 
 2.39883292e+00  1.53244594e-05 
 2.45470892e+00  1.51757907e-05 
 2.51188643e+00  1.50285684e-05 
 2.57039578e+00  1.48827785e-05 
 2.63026799e+00  1.47384068e-05 
 2.69153480e+00  1.45954396e-05 
 2.75422870e+00  1.44538632e-05 
 2.81838293e+00  1.43136639e-05 
 2.88403150e+00  1.41748283e-05 
 2.95120923e+00  1.40373431e-05 
 3.01995172e+00  1.39011952e-05 
 3.09029543e+00  1.37663714e-05 
 3.16227766e+00  1.36328589e-05 
 3.23593657e+00  1.35006448e-05 
 3.31131121e+00  1.33697164e-05 
 3.38844156e+00  1.32400613e-05 
 3.46736850e+00  1.31116670e-05 
 3.54813389e+00  1.29845211e-05 
 3.63078055e+00  1.28586116e-05 
 3.71535229e+00  1.27339262e-05 
 3.80189396e+00  1.26104532e-05 
 3.89045145e+00  1.24881807e-05 
 3.98107171e+00  1.23670968e-05 
 4.07380278e+00  1.22471902e-05 
 4.16869383e+00  1.21284492e-05 
 4.26579519e+00  1.20108624e-05 
 4.36515832e+00  1.18944187e-05 
 4.46683592e+00  1.17791069e-05 
 4.57088190e+00  1.16649160e-05 
 4.67735141e+00  1.15518349e-05 
 4.78630092e+00  1.14398529e-05 
 4.89778819e+00  1.13289593e-05 
 5.01187234e+00  1.12191434e-05 
 5.12861384e+00  1.11103948e-05 
 5.24807460e+00  1.10027030e-05 
 5.37031796e+00  1.08960577e-05 
 5.49540874e+00  1.07904487e-05 
 5.62341325e+00  1.06858660e-05 
 5.75439937e+00  1.05822994e-05 
 5.88843655e+00  1.04797392e-05 
 6.02559586e+00  1.03781754e-05 
 6.16595002e+00  1.02775985e-05 
 6.30957344e+00  1.01779986e-05 
 6.45654229e+00  1.00793664e-05 
 6.60693448e+00  9.98169243e-06 
 6.76082975e+00  9.88496729e-06 
 6.91830971e+00  9.78918176e-06 
 7.07945784e+00  9.69432669e-06 
 7.24435960e+00  9.60039299e-06 
 7.41310241e+00  9.50737170e-06 
 7.58577575e+00  9.41525393e-06 
 7.76247117e+00  9.32403086e-06 
 7.94328235e+00  9.23369378e-06 
 8.12830516e+00  9.14423406e-06 
 8.31763771e+00  9.05564316e-06 
 8.51138038e+00  8.96791259e-06 
 8.70963590e+00  8.88103399e-06 
 8.91250938e+00  8.79499905e-06 
 9.12010839e+00  8.70979956e-06 
 9.33254301e+00  8.62542737e-06 
 9.54992586e+00  8.54187443e-06 
 9.77237221e+00  8.45913275e-06 
 1.00000000e+01  8.37719444e-06 
 1.02329299e+01  8.29605167e-06 
 1.04712855e+01  8.21569670e-06 
 1.07151931e+01  8.13612184e-06 
 1.09647820e+01  8.05731951e-06 
 1.12201845e+01  7.97928218e-06 
 1.14815362e+01  7.90200239e-06 
 1.17489755e+01  7.82547279e-06 
 1.20226443e+01  7.74968605e-06 
 1.23026877e+01  7.67463495e-06 
 1.25892541e+01  7.60031233e-06 
 1.28824955e+01  7.52671108e-06 
 1.31825674e+01  7.45382420e-06 
 1.34896288e+01  7.38164472e-06 
 1.38038426e+01  7.31016576e-06 
 1.41253754e+01  7.23938050e-06 
 1.44543977e+01  7.16928219e-06 
 1.47910839e+01  7.09986414e-06 
 1.51356125e+01  7.03111973e-06 
 1.54881662e+01  6.96304241e-06 
 1.58489319e+01  6.89562567e-06 
 1.62181010e+01  6.82886310e-06 
 1.65958691e+01  6.76274833e-06 
 1.69824365e+01  6.69727504e-06 
 1.73780083e+01  6.63243701e-06 
 1.77827941e+01  6.56822805e-06 
 1.81970086e+01  6.50464204e-06 
 1.86208714e+01  6.44167291e-06 
 1.90546072e+01  6.37931467e-06 
 1.94984460e+01  6.31756137e-06 
 1.99526231e+01  6.25640713e-06 
 2.04173794e+01  6.19584612e-06 
 2.08929613e+01  6.13587256e-06 
 2.13796209e+01  6.07648075e-06 
 2.18776162e+01  6.01766502e-06 
 2.23872114e+01  5.95941978e-06 
 2.29086765e+01  5.90173947e-06 
 2.34422882e+01  5.84461860e-06 
 2.39883292e+01  5.78805172e-06 
 2.45470892e+01  5.73203345e-06 
 2.51188643e+01  5.67655846e-06 
 2.57039578e+01  5.62162146e-06 
 2.63026799e+01  5.56721722e-06 
 2.69153480e+01  5.51334056e-06 
 2.75422870e+01  5.45998634e-06 
 2.81838293e+01  5.40714950e-06 
 2.88403150e+01  5.35482499e-06 
 2.95120923e+01  5.30300785e-06 
 3.01995172e+01  5.25169312e-06 
 3.09029543e+01  5.20087594e-06 
 3.16227766e+01  5.15055146e-06 
 3.23593657e+01  5.10071490e-06 
 3.31131121e+01  5.05136150e-06 
 3.38844156e+01  5.00248658e-06 
 3.46736850e+01  4.95408548e-06 
 3.54813389e+01  4.90615361e-06 
 3.63078055e+01  4.85868638e-06 
 3.71535229e+01  4.81167930e-06 
 3.80189396e+01  4.76512789e-06 
 3.89045145e+01  4.71902772e-06 
 3.98107171e+01  4.67337441e-06 
 4.07380278e+01  4.62816361e-06 
 4.16869383e+01  4.58339102e-06 
 4.26579519e+01  4.53905238e-06 
 4.36515832e+01  4.49514349e-06 
 4.46683592e+01  4.45166016e-06 
 4.57088190e+01  4.40859825e-06 
 4.67735141e+01  4.36595368e-06 
 4.78630092e+01  4.32372239e-06 
 4.89778819e+01  4.28190036e-06 
 5.01187234e+01  4.24048361e-06 
 5.12861384e+01  4.19946822e-06 
 5.24807460e+01  4.15885028e-06 
 5.37031796e+01  4.11862593e-06 
 5.49540874e+01  4.07879135e-06 
 5.62341325e+01  4.03934275e-06 
 5.75439937e+01  4.00027638e-06 
 5.88843655e+01  3.96158854e-06 
 6.02559586e+01  3.92327553e-06 
 6.16595002e+01  3.88533373e-06 
 6.30957344e+01  3.84775953e-06 
 6.45654229e+01  3.81054936e-06 
 6.60693448e+01  3.77369968e-06 
 6.76082975e+01  3.73720699e-06 
 6.91830971e+01  3.70106783e-06 
 7.07945784e+01  3.66527876e-06 
 7.24435960e+01  3.62983638e-06 
 7.41310241e+01  3.59473733e-06 
 7.58577575e+01  3.55997828e-06 
 7.76247117e+01  3.52555592e-06 
 7.94328235e+01  3.49146699e-06 
 8.12830516e+01  3.45770824e-06 
 8.31763771e+01  3.42427647e-06 
 8.51138038e+01  3.39116851e-06 
 8.70963590e+01  3.35838122e-06 
 8.91250938e+01  3.32591147e-06 
 9.12010839e+01  3.29375620e-06 
 9.33254301e+01  3.26191234e-06 
 9.54992586e+01  3.23037688e-06 
 9.77237221e+01  3.19914682e-06 
 1.00000000e+02  3.16821919e-06 
 1.02329299e+02  3.13759106e-06 
 1.04712855e+02  3.10725953e-06 
 1.07151931e+02  3.07722172e-06 
 1.09647820e+02  3.04747477e-06 
 1.12201845e+02  3.01801587e-06 
 1.14815362e+02  2.98884221e-06 
 1.17489755e+02  2.95995103e-06 
 1.20226443e+02  2.93133959e-06 
 1.23026877e+02  2.90300518e-06 
 1.25892541e+02  2.87494510e-06 
 1.28824955e+02  2.84715670e-06 
 1.31825674e+02  2.81963734e-06 
 1.34896288e+02  2.79238441e-06 
 1.38038426e+02  2.76539532e-06 
 1.41253754e+02  2.73866752e-06 
 1.44543977e+02  2.71219846e-06 
 1.47910839e+02  2.68598565e-06 
 1.51356125e+02  2.66002659e-06 
 1.54881662e+02  2.63431882e-06 
 1.58489319e+02  2.60885991e-06 
 1.62181010e+02  2.58364744e-06 
 1.65958691e+02  2.55867902e-06 
 1.69824365e+02  2.53395228e-06 
 1.73780083e+02  2.50946488e-06 
 1.77827941e+02  2.48521451e-06 
 1.81970086e+02  2.46119885e-06 
 1.86208714e+02  2.43741563e-06 
 1.90546072e+02  2.41386261e-06 
 1.94984460e+02  2.39053754e-06 
 1.99526231e+02  2.36743822e-06 
 2.04173794e+02  2.34456245e-06 
 2.08929613e+02  2.32190808e-06 
 2.13796209e+02  2.29947294e-06 
 2.18776162e+02  2.27725493e-06 
 2.23872114e+02  2.25525193e-06 
 2.29086765e+02  2.23346185e-06 
 2.34422882e+02  2.21188264e-06 
 2.39883292e+02  2.19051224e-06 
 2.45470892e+02  2.16934864e-06 
 2.51188643e+02  2.14838983e-06 
 2.57039578e+02  2.12763382e-06 
 2.63026799e+02  2.10707865e-06 
 2.69153480e+02  2.08672238e-06 
 2.75422870e+02  2.06656306e-06 
 2.81838293e+02  2.04659880e-06 
 2.88403150e+02  2.02682770e-06 
 2.95120923e+02  2.00724790e-06 
 3.01995172e+02  1.98785752e-06 
 3.09029543e+02  1.96865476e-06 
 3.16227766e+02  1.94963777e-06 
 3.23593657e+02  1.93080476e-06 
 3.31131121e+02  1.91215396e-06 
 3.38844156e+02  1.89368358e-06 
 3.46736850e+02  1.87539190e-06 
 3.54813389e+02  1.85727716e-06 
 3.63078055e+02  1.83933766e-06 
 3.71535229e+02  1.82157171e-06 
 3.80189396e+02  1.80397761e-06 
 3.89045145e+02  1.78655370e-06 
 3.98107171e+02  1.76929834e-06 
 4.07380278e+02  1.75220989e-06 
 4.16869383e+02  1.73528674e-06 
 4.26579519e+02  1.71852727e-06 
 4.36515832e+02  1.70192992e-06 
 4.46683592e+02  1.68549309e-06 
 4.57088190e+02  1.66921525e-06 
 4.67735141e+02  1.65309485e-06 
 4.78630092e+02  1.63713037e-06 
 4.89778819e+02  1.62132029e-06 
 5.01187234e+02  1.60566312e-06 
 5.12861384e+02  1.59015738e-06 
 5.24807460e+02  1.57480160e-06 
 5.37031796e+02  1.55959432e-06 
 5.49540874e+02  1.54453412e-06 
 5.62341325e+02  1.52961956e-06 
 5.75439937e+02  1.51484924e-06 
 5.88843655e+02  1.50022176e-06 
 6.02559586e+02  1.48573573e-06 
 6.16595002e+02  1.47138978e-06 
 6.30957344e+02  1.45718257e-06 
 6.45654229e+02  1.44311274e-06 
 6.60693448e+02  1.42917896e-06 
 6.76082975e+02  1.41537992e-06 
 6.91830971e+02  1.40171431e-06 
 7.07945784e+02  1.38818084e-06 
 7.24435960e+02  1.37477823e-06 
 7.41310241e+02  1.36150521e-06 
 7.58577575e+02  1.34836053e-06 
 7.76247117e+02  1.33534295e-06 
 7.94328235e+02  1.32245123e-06 
 8.12830516e+02  1.30968416e-06 
 8.31763771e+02  1.29704053e-06 
 8.51138038e+02  1.28451915e-06 
 8.70963590e+02  1.27211882e-06 
 8.91250938e+02  1.25983839e-06 
 9.12010839e+02  1.24767668e-06 
 9.33254301e+02  1.23563255e-06 
 9.54992586e+02  1.22370486e-06 
 9.77237221e+02  1.21189249e-06 
 1.00000000e+03  1.20019431e-06 
 1.02329299e+03  1.18860923e-06 
 1.04712855e+03  1.17713614e-06 
 1.07151931e+03  1.16577397e-06 
 1.09647820e+03  1.15452164e-06 
 1.12201845e+03  1.14337808e-06 
 1.14815362e+03  1.13234225e-06 
 1.17489755e+03  1.12141310e-06 
 1.20226443e+03  1.11058960e-06 
 1.23026877e+03  1.09987073e-06 
 1.25892541e+03  1.08925547e-06 
 1.28824955e+03  1.07874282e-06 
 1.31825674e+03  1.06833179e-06 
 1.34896288e+03  1.05802140e-06 
 1.38038426e+03  1.04781066e-06 
 1.41253754e+03  1.03769863e-06 
 1.44543977e+03  1.02768433e-06 
 1.47910839e+03  1.01776683e-06 
 1.51356125e+03  1.00794520e-06 
 1.54881662e+03  9.98218490e-07 
 1.58489319e+03  9.88585798e-07 
 1.62181010e+03  9.79046210e-07 
 1.65958691e+03  9.69598826e-07 
 1.69824365e+03  9.60242753e-07 
 1.73780083e+03  9.50977108e-07 
 1.77827941e+03  9.41801017e-07 
 1.81970086e+03  9.32713613e-07 
 1.86208714e+03  9.23714037e-07 
 1.90546072e+03  9.14801442e-07 
 1.94984460e+03  9.05974984e-07 
 1.99526231e+03  8.97233832e-07 
 2.04173794e+03  8.88577160e-07 
 2.08929613e+03  8.80004150e-07 
 2.13796209e+03  8.71513994e-07 
 2.18776162e+03  8.63105890e-07 
 2.23872114e+03  8.54779046e-07 
 2.29086765e+03  8.46532674e-07 
 2.34422882e+03  8.38365996e-07 
 2.39883292e+03  8.30278243e-07 
 2.45470892e+03  8.22268650e-07 
 2.51188643e+03  8.14336462e-07 
 2.57039578e+03  8.06480930e-07 
 2.63026799e+03  7.98701314e-07 
 2.69153480e+03  7.90996879e-07 
 2.75422870e+03  7.83366898e-07 
 2.81838293e+03  7.75810651e-07 
 2.88403150e+03  7.68327425e-07 
 2.95120923e+03  7.60916515e-07 
 3.01995172e+03  7.53577220e-07 
 3.09029543e+03  7.46308850e-07 
 3.16227766e+03  7.39110718e-07 
 3.23593657e+03  7.31982145e-07 
 3.31131121e+03  7.24922458e-07 
 3.38844156e+03  7.17930992e-07 
 3.46736850e+03  7.11007088e-07 
 3.54813389e+03  7.04150092e-07 
 3.63078055e+03  6.97359357e-07 
 3.71535229e+03  6.90634243e-07 
 3.80189396e+03  6.83974116e-07 
 3.89045145e+03  6.77378347e-07 
 3.98107171e+03  6.70846316e-07 
 4.07380278e+03  6.64377404e-07 
 4.16869383e+03  6.57971003e-07 
 4.26579519e+03  6.51626509e-07 
 4.36515832e+03  6.45343323e-07 
 4.46683592e+03  6.39120853e-07 
 4.57088190e+03  6.32958511e-07 
 4.67735141e+03  6.26855718e-07 
 4.78630092e+03  6.20811897e-07 
 4.89778819e+03  6.14826479e-07 
 5.01187234e+03  6.08898899e-07 
 5.12861384e+03  6.03028599e-07 
 5.24807460e+03  5.97215025e-07 
 5.37031796e+03  5.91457630e-07 
 5.49540874e+03  5.85755869e-07 
 5.62341325e+03  5.80109207e-07 
 5.75439937e+03  5.74517110e-07 
 5.88843655e+03  5.68979052e-07 
 6.02559586e+03  5.63494510e-07 
 6.16595002e+03  5.58062968e-07 
 6.30957344e+03  5.52683914e-07 
 6.45654229e+03  5.47356840e-07 
 6.60693448e+03  5.42081245e-07 
 6.76082975e+03  5.36856631e-07 
 6.91830971e+03  5.31682506e-07 
 7.07945784e+03  5.26558382e-07 
 7.24435960e+03  5.21483778e-07 
 7.41310241e+03  5.16458213e-07 
 7.58577575e+03  5.11481215e-07 
 7.76247117e+03  5.06552315e-07 
 7.94328235e+03  5.01671049e-07 
 8.12830516e+03  4.96836955e-07 
 8.31763771e+03  4.92049580e-07 
 8.51138038e+03  4.87308471e-07 
 8.70963590e+03  4.82613183e-07 
 8.91250938e+03  4.77963273e-07 
 9.12010839e+03  4.73358302e-07 
 9.33254301e+03  4.68797837e-07 
 9.54992586e+03  4.64281448e-07 
 9.77237221e+03  4.59808710e-07 
 1.00000000e+04  4.55379202e-07 
 1.02329299e+04  4.50992506e-07 
 1.04712855e+04  4.46648208e-07 
 1.07151931e+04  4.42345901e-07 
 1.09647820e+04  4.38085178e-07 
 1.12201845e+04  4.33865638e-07 
 1.14815362e+04  4.29686884e-07 
 1.17489755e+04  4.25548522e-07 
 1.20226443e+04  4.21450163e-07 
 1.23026877e+04  4.17391420e-07 
 1.25892541e+04  4.13371912e-07 
 1.28824955e+04  4.09391258e-07 
 1.31825674e+04  4.05449086e-07 
 1.34896288e+04  4.01545023e-07 
 1.38038426e+04  3.97678703e-07 
 1.41253754e+04  3.93849760e-07 
 1.44543977e+04  3.90057834e-07 
 1.47910839e+04  3.86302568e-07 
 1.51356125e+04  3.82583609e-07 
 1.54881662e+04  3.78900607e-07 
 1.58489319e+04  3.75253214e-07 
 1.62181010e+04  3.71641088e-07 
 1.65958691e+04  3.68063887e-07 
 1.69824365e+04  3.64521276e-07 
 1.73780083e+04  3.61012921e-07 
 1.77827941e+04  3.57538491e-07 
 1.81970086e+04  3.54097660e-07 
 1.86208714e+04  3.50690104e-07 
 1.90546072e+04  3.47315501e-07 
 1.94984460e+04  3.43973534e-07 
 1.99526231e+04  3.40663889e-07 
 2.04173794e+04  3.37386253e-07 
 2.08929613e+04  3.34140320e-07 
 2.13796209e+04  3.30925782e-07 
 2.18776162e+04  3.27742337e-07 
 2.23872114e+04  3.24589686e-07 
 2.29086765e+04  3.21467532e-07 
 2.34422882e+04  3.18375581e-07 
 2.39883292e+04  3.15313543e-07 
 2.45470892e+04  3.12281128e-07 
 2.51188643e+04  3.09278052e-07 
 2.57039578e+04  3.06304031e-07 
 2.63026799e+04  3.03358787e-07 
 2.69153480e+04  3.00442042e-07 
 2.75422870e+04  2.97553520e-07 
 2.81838293e+04  2.94692952e-07 
 2.88403150e+04  2.91860067e-07 
 2.95120923e+04  2.89054599e-07 
 3.01995172e+04  2.86276283e-07 
 3.09029543e+04  2.83524859e-07 
 3.16227766e+04  2.80800068e-07 
 3.23593657e+04  2.78101652e-07 
 3.31131121e+04  2.75429359e-07 
 3.38844156e+04  2.72782937e-07 
 3.46736850e+04  2.70162136e-07 
 3.54813389e+04  2.67566711e-07 
 3.63078055e+04  2.64996417e-07 
 3.71535229e+04  2.62451012e-07 
 3.80189396e+04  2.59930256e-07 
 3.89045145e+04  2.57433914e-07 
 3.98107171e+04  2.54961749e-07 
 4.07380278e+04  2.52513530e-07 
 4.16869383e+04  2.50089025e-07 
 4.26579519e+04  2.47688007e-07 
 4.36515832e+04  2.45310250e-07 
 4.46683592e+04  2.42955531e-07 
 4.57088190e+04  2.40623628e-07 
 4.67735141e+04  2.38314321e-07 
 4.78630092e+04  2.36027393e-07 
 4.89778819e+04  2.33762629e-07 
 5.01187234e+04  2.31519817e-07 
 5.12861384e+04  2.29298745e-07 
 5.24807460e+04  2.27099204e-07 
 5.37031796e+04  2.24920987e-07 
 5.49540874e+04  2.22763890e-07 
 5.62341325e+04  2.20627710e-07 
 5.75439937e+04  2.18512246e-07 
 5.88843655e+04  2.16417298e-07 
 6.02559586e+04  2.14342671e-07 
 6.16595002e+04  2.12288168e-07 
 6.30957344e+04  2.10253596e-07 
 6.45654229e+04  2.08238765e-07 
 6.60693448e+04  2.06243484e-07 
 6.76082975e+04  2.04267567e-07 
 6.91830971e+04  2.02310827e-07 
 7.07945784e+04  2.00373080e-07 
 7.24435960e+04  1.98454144e-07 
 7.41310241e+04  1.96553839e-07 
 7.58577575e+04  1.94671986e-07 
 7.76247117e+04  1.92808407e-07 
 7.94328235e+04  1.90962929e-07 
 8.12830516e+04  1.89135376e-07 
 8.31763771e+04  1.87325578e-07 
 8.51138038e+04  1.85533365e-07 
 8.70963590e+04  1.83758567e-07 
 8.91250938e+04  1.82001018e-07 
 9.12010839e+04  1.80260552e-07 
 9.33254301e+04  1.78537007e-07 
 9.54992586e+04  1.76830219e-07 
 9.77237221e+04  1.75140029e-07 
 1.00000000e+05  1.73466277e-07 
 1.02329299e+05  1.71808807e-07 
 1.04712855e+05  1.70167462e-07 
 1.07151931e+05  1.68542088e-07 
 1.09647820e+05  1.66932532e-07 
 1.12201845e+05  1.65338643e-07 
 1.14815362e+05  1.63760271e-07 
 1.17489755e+05  1.62197268e-07 
 1.20226443e+05  1.60649487e-07 
 1.23026877e+05  1.59116782e-07 
 1.25892541e+05  1.57599009e-07 
 1.28824955e+05  1.56096026e-07 
 1.31825674e+05  1.54607690e-07 
 1.34896288e+05  1.53133863e-07 
 1.38038426e+05  1.51674406e-07 
 1.41253754e+05  1.50229181e-07 
 1.44543977e+05  1.48798053e-07 
 1.47910839e+05  1.47380887e-07 
 1.51356125e+05  1.45977550e-07 
 1.54881662e+05  1.44587909e-07 
 1.58489319e+05  1.43211835e-07 
 1.62181010e+05  1.41849198e-07 
 1.65958691e+05  1.40499870e-07 
 1.69824365e+05  1.39163724e-07 
 1.73780083e+05  1.37840635e-07 
 1.77827941e+05  1.36530477e-07 
 1.81970086e+05  1.35233128e-07 
 1.86208714e+05  1.33948466e-07 
 1.90546072e+05  1.32676370e-07 
 1.94984460e+05  1.31416721e-07 
 1.99526231e+05  1.30169400e-07 
 2.04173794e+05  1.28934290e-07 
 2.08929613e+05  1.27711274e-07 
 2.13796209e+05  1.26500238e-07 
 2.18776162e+05  1.25301068e-07 
 2.23872114e+05  1.24113651e-07 
 2.29086765e+05  1.22937876e-07 
 2.34422882e+05  1.21773632e-07 
 2.39883292e+05  1.20620809e-07 
 2.45470892e+05  1.19479299e-07 
 2.51188643e+05  1.18348995e-07 
 2.57039578e+05  1.17229791e-07 
 2.63026799e+05  1.16121580e-07 
 2.69153480e+05  1.15024260e-07 
 2.75422870e+05  1.13937727e-07 
 2.81838293e+05  1.12861878e-07 
 2.88403150e+05  1.11796613e-07 
 2.95120923e+05  1.10741831e-07 
 3.01995172e+05  1.09697433e-07 
 3.09029543e+05  1.08663321e-07 
 3.16227766e+05  1.07639398e-07 
 3.23593657e+05  1.06625567e-07 
 3.31131121e+05  1.05621733e-07 
 3.38844156e+05  1.04627801e-07 
 3.46736850e+05  1.03643679e-07 
 3.54813389e+05  1.02669272e-07 
 3.63078055e+05  1.01704491e-07 
 3.71535229e+05  1.00749244e-07 
 3.80189396e+05  9.98034407e-08 
 3.89045145e+05  9.88669927e-08 
 3.98107171e+05  9.79398116e-08 
 4.07380278e+05  9.70218103e-08 
 4.16869383e+05  9.61129024e-08 
 4.26579519e+05  9.52130022e-08 
 4.36515832e+05  9.43220251e-08 
 4.46683592e+05  9.34398872e-08 
 4.57088190e+05  9.25665055e-08 
 4.67735141e+05  9.17017977e-08 
 4.78630092e+05  9.08456825e-08 
 4.89778819e+05  8.99980791e-08 
 5.01187234e+05  8.91589078e-08 
 5.12861384e+05  8.83280895e-08 
 5.24807460e+05  8.75055460e-08 
 5.37031796e+05  8.66911998e-08 
 5.49540874e+05  8.58849741e-08 
 5.62341325e+05  8.50867930e-08 
 5.75439937e+05  8.42965812e-08 
 5.88843655e+05  8.35142643e-08 
 6.02559586e+05  8.27397685e-08 
 6.16595002e+05  8.19730208e-08 
 6.30957344e+05  8.12139489e-08 
 6.45654229e+05  8.04624813e-08 
 6.60693448e+05  7.97185469e-08 
 6.76082975e+05  7.89820757e-08 
 6.91830971e+05  7.82529982e-08 
 7.07945784e+05  7.75312454e-08 
 7.24435960e+05  7.68167495e-08 
 7.41310241e+05  7.61094427e-08 
 7.58577575e+05  7.54092585e-08 
 7.76247117e+05  7.47161306e-08 
 7.94328235e+05  7.40299935e-08 
 8.12830516e+05  7.33507825e-08 
 8.31763771e+05  7.26784333e-08 
 8.51138038e+05  7.20128824e-08 
 8.70963590e+05  7.13540669e-08 
 8.91250938e+05  7.07019243e-08 
 9.12010839e+05  7.00563931e-08 
 9.33254301e+05  6.94174121e-08 
 9.54992586e+05  6.87849208e-08 
 9.77237221e+05  6.81588594e-08 
 1.00000000e+06  6.75391686e-08 
 1.02329299e+06  6.69257896e-08 
 1.04712855e+06  6.63186642e-08 
 1.07151931e+06  6.57177350e-08 
 1.09647820e+06  6.51229449e-08 
 1.12201845e+06  6.45342374e-08 
 1.14815362e+06  6.39515568e-08 
 1.17489755e+06  6.33748476e-08 
 1.20226443e+06  6.28040550e-08 
 1.23026877e+06  6.22391249e-08 
 1.25892541e+06  6.16800035e-08 
 1.28824955e+06  6.11266375e-08 
 1.31825674e+06  6.05789744e-08 
 1.34896288e+06  6.00369619e-08 
 1.38038426e+06  5.95005484e-08 
 1.41253754e+06  5.89696829e-08 
 1.44543977e+06  5.84443145e-08 
 1.47910839e+06  5.79243933e-08 
 1.51356125e+06  5.74098695e-08 
 1.54881662e+06  5.69006940e-08 
 1.58489319e+06  5.63968181e-08 
 1.62181010e+06  5.58981936e-08 
 1.65958691e+06  5.54047727e-08 
 1.69824365e+06  5.49165082e-08 
 1.73780083e+06  5.44333532e-08 
 1.77827941e+06  5.39552614e-08 
 1.81970086e+06  5.34821869e-08 
 1.86208714e+06  5.30140842e-08 
 1.90546072e+06  5.25509082e-08 
 1.94984460e+06  5.20926144e-08 
 1.99526231e+06  5.16391586e-08 
 2.04173794e+06  5.11904971e-08 
 2.08929613e+06  5.07465865e-08 
 2.13796209e+06  5.03073840e-08 
 2.18776162e+06  4.98728470e-08 
 2.23872114e+06  4.94429335e-08 
 2.29086765e+06  4.90176018e-08 
 2.34422882e+06  4.85968107e-08 
 2.39883292e+06  4.81805192e-08 
 2.45470892e+06  4.77686868e-08 
 2.51188643e+06  4.73612734e-08 
 2.57039578e+06  4.69582393e-08 
 2.63026799e+06  4.65595451e-08 
 2.69153480e+06  4.61651519e-08 
 2.75422870e+06  4.57750209e-08 
 2.81838293e+06  4.53891141e-08 
 2.88403150e+06  4.50073933e-08 
 2.95120923e+06  4.46298212e-08 
 3.01995172e+06  4.42563605e-08 
 3.09029543e+06  4.38869743e-08 
 3.16227766e+06  4.35216262e-08 
 3.23593657e+06  4.31602799e-08 
 3.31131121e+06  4.28028997e-08 
 3.38844156e+06  4.24494500e-08 
 3.46736850e+06  4.20998955e-08 
 3.54813389e+06  4.17542016e-08 
 3.63078055e+06  4.14123335e-08 
 3.71535229e+06  4.10742571e-08 
 3.80189396e+06  4.07399385e-08 
 3.89045145e+06  4.04093439e-08 
 3.98107171e+06  4.00824401e-08 
 4.07380278e+06  3.97591941e-08 
 4.16869383e+06  3.94395731e-08 
 4.26579519e+06  3.91235447e-08 
 4.36515832e+06  3.88110767e-08 
 4.46683592e+06  3.85021372e-08 
 4.57088190e+06  3.81966946e-08 
 4.67735141e+06  3.78947177e-08 
 4.78630092e+06  3.75961752e-08 
 4.89778819e+06  3.73010366e-08 
 5.01187234e+06  3.70092712e-08 
 5.12861384e+06  3.67208487e-08 
 5.24807460e+06  3.64357392e-08 
 5.37031796e+06  3.61539129e-08 
 5.49540874e+06  3.58753402e-08 
 5.62341325e+06  3.55999920e-08 
 5.75439937e+06  3.53278392e-08 
 5.88843655e+06  3.50588530e-08 
 6.02559586e+06  3.47930048e-08 
 6.16595002e+06  3.45302664e-08 
 6.30957344e+06  3.42706097e-08 
 6.45654229e+06  3.40140068e-08 
 6.60693448e+06  3.37604300e-08 
 6.76082975e+06  3.35098520e-08 
 6.91830971e+06  3.32622455e-08 
 7.07945784e+06  3.30175836e-08 
 7.24435960e+06  3.27758395e-08 
 7.41310241e+06  3.25369865e-08 
 7.58577575e+06  3.23009984e-08 
 7.76247117e+06  3.20678489e-08 
 7.94328235e+06  3.18375122e-08 
 8.12830516e+06  3.16099623e-08 
 8.31763771e+06  3.13851738e-08 
 8.51138038e+06  3.11631213e-08 
 8.70963590e+06  3.09437794e-08 
 8.91250938e+06  3.07271234e-08 
 9.12010839e+06  3.05131282e-08 
 9.33254301e+06  3.03017692e-08 
 9.54992586e+06  3.00930220e-08 
 9.77237221e+06  2.98868622e-08 
 1.00000000e+07  2.96832657e-08 
 1.02329299e+07  2.94822086e-08 
 1.04712855e+07  2.92836671e-08 
 1.07151931e+07  2.90876175e-08 
 1.09647820e+07  2.88940363e-08 
 1.12201845e+07  2.87029003e-08 
 1.14815362e+07  2.85141863e-08 
 1.17489755e+07  2.83278713e-08 
 1.20226443e+07  2.81439325e-08 
 1.23026877e+07  2.79623472e-08 
 1.25892541e+07  2.77830930e-08 
 1.28824955e+07  2.76061473e-08 
 1.31825674e+07  2.74314880e-08 
 1.34896288e+07  2.72590929e-08 
 1.38038426e+07  2.70889403e-08 
 1.41253754e+07  2.69210082e-08 
 1.44543977e+07  2.67552750e-08 
 1.47910839e+07  2.65917193e-08 
 1.51356125e+07  2.64303196e-08 
 1.54881662e+07  2.62710547e-08 
 1.58489319e+07  2.61139034e-08 
 1.62181010e+07  2.59588450e-08 
 1.65958691e+07  2.58058585e-08 
 1.69824365e+07  2.56549232e-08 
 1.73780083e+07  2.55060187e-08 
 1.77827941e+07  2.53591244e-08 
 1.81970086e+07  2.52142200e-08 
 1.86208714e+07  2.50712855e-08 
 1.90546072e+07  2.49303009e-08 
 1.94984460e+07  2.47912461e-08 
 1.99526231e+07  2.46541014e-08 
 2.04173794e+07  2.45188473e-08 
 2.08929613e+07  2.43854641e-08 
 2.13796209e+07  2.42539326e-08 
 2.18776162e+07  2.41242334e-08 
 2.23872114e+07  2.39963475e-08 
 2.29086765e+07  2.38702558e-08 
 2.34422882e+07  2.37459395e-08 
 2.39883292e+07  2.36233799e-08 
 2.45470892e+07  2.35025583e-08 
 2.51188643e+07  2.33834563e-08 
 2.57039578e+07  2.32660556e-08 
 2.63026799e+07  2.31503379e-08 
 2.69153480e+07  2.30362851e-08 
 2.75422870e+07  2.29238793e-08 
 2.81838293e+07  2.28131027e-08 
 2.88403150e+07  2.27039376e-08 
 2.95120923e+07  2.25963665e-08 
 3.01995172e+07  2.24903719e-08 
 3.09029543e+07  2.23859365e-08 
 3.16227766e+07  2.22830432e-08 
 3.23593657e+07  2.21816751e-08 
 3.31131121e+07  2.20818152e-08 
 3.38844156e+07  2.19834468e-08 
 3.46736850e+07  2.18865534e-08 
 3.54813389e+07  2.17911185e-08 
 3.63078055e+07  2.16971259e-08 
 3.71535229e+07  2.16045593e-08 
 3.80189396e+07  2.15134028e-08 
 3.89045145e+07  2.14236406e-08 
 3.98107171e+07  2.13352569e-08 
 4.07380278e+07  2.12482363e-08 
 4.16869383e+07  2.11625634e-08 
 4.26579519e+07  2.10782229e-08 
 4.36515832e+07  2.09951998e-08 
 4.46683592e+07  2.09134792e-08 
 4.57088190e+07  2.08330464e-08 
 4.67735141e+07  2.07538869e-08 
 4.78630092e+07  2.06759862e-08 
 4.89778819e+07  2.05993302e-08 
 5.01187234e+07  2.05239049e-08 
 5.12861384e+07  2.04496964e-08 
 5.24807460e+07  2.03766911e-08 
 5.37031796e+07  2.03048754e-08 
 5.49540874e+07  2.02342362e-08 
 5.62341325e+07  2.01647603e-08 
 5.75439937e+07  2.00964350e-08 
 5.88843655e+07  2.00292475e-08 
 6.02559586e+07  1.99631853e-08 
 6.16595002e+07  1.98982363e-08 
 6.30957344e+07  1.98343883e-08 
 6.45654229e+07  1.97716297e-08 
 6.60693448e+07  1.97099488e-08 
 6.76082975e+07  1.96493343e-08 
 6.91830971e+07  1.95897751e-08 
 7.07945784e+07  1.95312604e-08 
 7.24435960e+07  1.94737794e-08 
 7.41310241e+07  1.94173220e-08 
 7.58577575e+07  1.93618781e-08 
 7.76247117e+07  1.93074377e-08 
 7.94328235e+07  1.92539915e-08 
 8.12830516e+07  1.92015300e-08 
 8.31763771e+07  1.91500446e-08 
 8.51138038e+07  1.90995263e-08 
 8.70963590e+07  1.90499670e-08 
 8.91250938e+07  1.90013587e-08 
 9.12010839e+07  1.89536935e-08 
 9.33254301e+07  1.89069643e-08 
 9.54992586e+07  1.88611640e-08 
 9.77237221e+07  1.88162859e-08 
 1.00000000e+08  1.87723239e-08 
 1.02329299e+08  1.87292721e-08 
 1.04712855e+08  1.86871249e-08 
 1.07151931e+08  1.86458773e-08 
 1.09647820e+08  1.86055247e-08 
 1.12201845e+08  1.85660628e-08 
 1.14815362e+08  1.85274880e-08 
 1.17489755e+08  1.84897969e-08 
 1.20226443e+08  1.84529868e-08 
 1.23026877e+08  1.84170554e-08 
 1.25892541e+08  1.83820009e-08 
 1.28824955e+08  1.83478221e-08 
 1.31825674e+08  1.83145183e-08 
 1.34896288e+08  1.82820896e-08 
 1.38038426e+08  1.82505363e-08 
 1.41253754e+08  1.82198598e-08 
 1.44543977e+08  1.81900619e-08 
 1.47910839e+08  1.81611450e-08 
 1.51356125e+08  1.81331125e-08 
 1.54881662e+08  1.81059682e-08 
 1.58489319e+08  1.80797171e-08 
 1.62181010e+08  1.80543645e-08 
 1.65958691e+08  1.80299170e-08 
 1.69824365e+08  1.80063818e-08 
 1.73780083e+08  1.79837672e-08 
 1.77827941e+08  1.79620823e-08 
 1.81970086e+08  1.79413373e-08 
 1.86208714e+08  1.79215434e-08 
 1.90546072e+08  1.79027131e-08 
 1.94984460e+08  1.78848597e-08 
 1.99526231e+08  1.78679979e-08 
 2.04173794e+08  1.78521438e-08 
 2.08929613e+08  1.78373145e-08 
 2.13796209e+08  1.78235289e-08 
 2.18776162e+08  1.78108070e-08 
 2.23872114e+08  1.77991705e-08 
 2.29086765e+08  1.77886427e-08 
 2.34422882e+08  1.77792487e-08 
 2.39883292e+08  1.77710150e-08 
 2.45470892e+08  1.77639705e-08 
 2.51188643e+08  1.77581458e-08 
 2.57039578e+08  1.77535734e-08 
 2.63026799e+08  1.77502884e-08 
 2.69153480e+08  1.77483280e-08 
 2.75422870e+08  1.77477317e-08 
 2.81838293e+08  1.77485418e-08 
 2.88403150e+08  1.77508033e-08 
 2.95120923e+08  1.77545640e-08 
 3.01995172e+08  1.77598747e-08 
 3.09029543e+08  1.77667894e-08 
 3.16227766e+08  1.77753656e-08 
 3.23593657e+08  1.77856644e-08 
 3.31131121e+08  1.77977506e-08 
 3.38844156e+08  1.78116930e-08 
 3.46736850e+08  1.78275648e-08 
 3.54813389e+08  1.78454437e-08 
 3.63078055e+08  1.78654121e-08 
 3.71535229e+08  1.78875577e-08 
 3.80189396e+08  1.79119734e-08 
 3.89045145e+08  1.79387581e-08 
 3.98107171e+08  1.79680164e-08 
 4.07380278e+08  1.79998600e-08 
 4.16869383e+08  1.80344069e-08 
 4.26579519e+08  1.80717829e-08 
 4.36515832e+08  1.81121214e-08 
 4.46683592e+08  1.81555643e-08 
 4.57088190e+08  1.82022621e-08 
 4.67735141e+08  1.82523752e-08 
 4.78630092e+08  1.83060736e-08 
 4.89778819e+08  1.83635383e-08 
 5.01187234e+08  1.84249617e-08 
 5.12861384e+08  1.84905483e-08 
 5.24807460e+08  1.85605158e-08 
 5.37031796e+08  1.86350955e-08 
 5.49540874e+08  1.87145336e-08 
 5.62341325e+08  1.87990920e-08 
 5.75439937e+08  1.88890492e-08 
 5.88843655e+08  1.89847017e-08 
 6.02559586e+08  1.90863648e-08 
 6.16595002e+08  1.91943739e-08 
 6.30957344e+08  1.93090860e-08 
 6.45654229e+08  1.94308806e-08 
 6.60693448e+08  1.95601611e-08 
 6.76082975e+08  1.96973566e-08 
 6.91830971e+08  1.98429227e-08 
 7.07945784e+08  1.99973434e-08 
 7.24435960e+08  2.01611324e-08 
 7.41310241e+08  2.03348341e-08 
 7.58577575e+08  2.05190256e-08 
 7.76247117e+08  2.07143172e-08 
 7.94328235e+08  2.09213540e-08 
 8.12830516e+08  2.11408164e-08 
 8.31763771e+08  2.13734207e-08 
 8.51138038e+08  2.16199195e-08 
 8.70963590e+08  2.18811008e-08 
 8.91250938e+08  2.21577875e-08 
 9.12010839e+08  2.24508353e-08 
 9.33254301e+08  2.27611301e-08 
 9.54992586e+08  2.30895835e-08 
 9.77237221e+08  2.34371278e-08 
 1.00000000e+09  2.38047082e-08 
