 1.00000000e+00 -1.44393478e-03 
 1.25892541e+00 -1.81780619e-03 
 1.58489319e+00 -2.28848241e-03 
 1.99526231e+00 -2.88102866e-03 
 2.51188643e+00 -3.62700019e-03 
 3.16227766e+00 -4.56612270e-03 
 3.98107171e+00 -5.74840789e-03 
 5.01187234e+00 -7.23681676e-03 
 6.30957344e+00 -9.11061249e-03 
 7.94328235e+00 -1.14695815e-02 
 1.00000000e+01 -1.44393475e-02 
 1.25892541e+01 -1.81780613e-02 
 1.58489319e+01 -2.28848229e-02 
 1.99526231e+01 -2.88102842e-02 
 2.51188643e+01 -3.62699971e-02 
 3.16227766e+01 -4.56612174e-02 
 3.98107171e+01 -5.74840598e-02 
 5.01187234e+01 -7.23681295e-02 
 6.30957344e+01 -9.11060489e-02 
 7.94328235e+01 -1.14695664e-01 
 1.00000000e+02 -1.44393173e-01 
 1.25892541e+02 -1.81780009e-01 
 1.58489319e+02 -2.28847024e-01 
 1.99526231e+02 -2.88100438e-01 
 2.51188643e+02 -3.62695175e-01 
 3.16227766e+02 -4.56602606e-01 
 3.98107171e+02 -5.74821508e-01 
 5.01187234e+02 -7.23643205e-01 
 6.30957344e+02 -9.10984494e-01 
 7.94328235e+02 -1.14680502e+00 
 1.00000000e+03 -1.44362926e+00 
 1.25892541e+03 -1.81719672e+00 
 1.58489319e+03 -2.28726678e+00 
 1.99526231e+03 -2.87860451e+00 
 2.51188643e+03 -3.62216765e+00 
 3.16227766e+03 -4.55649402e+00 
 3.98107171e+03 -5.72923863e+00 
 5.01187234e+03 -7.19870248e+00 
 6.30957344e+03 -9.03498194e+00 
 7.94328235e+03 -1.13199768e+01 
 1.00000000e+04 -1.41448452e+01 
 1.25892541e+04 -1.76025915e+01 
 1.58489319e+04 -2.17726765e+01 
 1.99526231e+04 -2.66950827e+01 
 2.51188643e+04 -3.23355428e+01 
 3.16227766e+04 -3.85534964e+01 
 3.98107171e+04 -4.50952909e+01 
 5.01187234e+04 -5.16324139e+01 
 6.30957344e+04 -5.78375349e+01 
 7.94328235e+04 -6.34599094e+01 
 1.00000000e+05 -6.83622739e+01 
 1.25892541e+05 -7.25130002e+01 
 1.58489319e+05 -7.59537068e+01 
 1.99526231e+05 -7.87646419e+01 
 2.51188643e+05 -8.10390574e+01 
 3.16227766e+05 -8.28680961e+01 
 3.98107171e+05 -8.43335648e+01 
 5.01187234e+05 -8.55054996e+01 
 6.30957344e+05 -8.64422367e+01 
 7.94328235e+05 -8.71915997e+01 
 1.00000000e+06 -8.77924553e+01 
 1.25892541e+06 -8.82762784e+01 
 1.58489319e+06 -8.86685717e+01 
 1.99526231e+06 -8.89900942e+01 
 2.51188643e+06 -8.92579021e+01 
 3.16227766e+06 -8.94862238e+01 
 3.98107171e+06 -8.96872018e+01 
 5.01187234e+06 -8.98715304e+01 
 6.30957344e+06 -9.00490216e+01 
 7.94328235e+06 -9.02291250e+01 
 1.00000000e+07 -9.04214304e+01 
 1.25892541e+07 -9.06361773e+01 
 1.58489319e+07 -9.08847999e+01 
 1.99526231e+07 -9.11805348e+01 
 2.51188643e+07 -9.15391242e+01 
 3.16227766e+07 -9.19796511e+01 
 3.98107171e+07 -9.25255485e+01 
 5.01187234e+07 -9.32058343e+01 
 6.30957344e+07 -9.40566296e+01 
 7.94328235e+07 -9.51230276e+01 
 1.00000000e+08 -9.64613840e+01 
 1.25892541e+08 -9.81420865e+01 
 1.58489319e+08 -1.00252816e+02 
 1.99526231e+08 -1.02902157e+02 
 2.51188643e+08 -1.06223014e+02 
 3.16227766e+08 -1.10374167e+02 
 3.98107171e+08 -1.15535379e+02 
 5.01187234e+08 -1.21883754e+02 
 6.30957344e+08 -1.29520300e+02 
 7.94328235e+08 -1.38277645e+02 
 1.00000000e+09 -1.47300217e+02 
