 1.00000000e+00 -1.44634345e-03 
 1.25892541e+00 -1.82083853e-03 
 1.58489319e+00 -2.29229989e-03 
 1.99526231e+00 -2.88583458e-03 
 2.51188643e+00 -3.63305049e-03 
 3.16227766e+00 -4.57373958e-03 
 3.98107171e+00 -5.75799698e-03 
 5.01187234e+00 -7.24888870e-03 
 6.30957344e+00 -9.12581017e-03 
 7.94328235e+00 -1.14887143e-02 
 1.00000000e+01 -1.44634342e-02 
 1.25892541e+01 -1.82083847e-02 
 1.58489319e+01 -2.29229977e-02 
 1.99526231e+01 -2.88583434e-02 
 2.51188643e+01 -3.63305001e-02 
 3.16227766e+01 -4.57373862e-02 
 3.98107171e+01 -5.75799506e-02 
 5.01187234e+01 -7.24888487e-02 
 6.30957344e+01 -9.12580253e-02 
 7.94328235e+01 -1.14886990e-01 
 1.00000000e+02 -1.44634038e-01 
 1.25892541e+02 -1.82083240e-01 
 1.58489319e+02 -2.29228766e-01 
 1.99526231e+02 -2.88581019e-01 
 2.51188643e+02 -3.63300181e-01 
 3.16227766e+02 -4.57364246e-01 
 3.98107171e+02 -5.75780320e-01 
 5.01187234e+02 -7.24850208e-01 
 6.30957344e+02 -9.12503880e-01 
 7.94328235e+02 -1.14871753e+00 
 1.00000000e+03 -1.44603641e+00 
 1.25892541e+03 -1.82022603e+00 
 1.58489319e+03 -2.29107822e+00 
 1.99526231e+03 -2.88339840e+00 
 2.51188643e+03 -3.62819399e+00 
 3.16227766e+03 -4.56406318e+00 
 3.98107171e+03 -5.73873286e+00 
 5.01187234e+03 -7.21058626e+00 
 6.30957344e+03 -9.04980759e+00 
 7.94328235e+03 -1.13383778e+01 
 1.00000000e+04 -1.41675042e+01 
 1.25892541e+04 -1.76301624e+01 
 1.58489319e+04 -2.18056388e+01 
 1.99526231e+04 -2.67335171e+01 
 2.51188643e+04 -3.23788718e+01 
 3.16227766e+04 -3.86003150e+01 
 3.98107171e+04 -4.51434704e+01 
 5.01187234e+04 -5.16795450e+01 
 6.30957344e+04 -5.78815294e+01 
 7.94328235e+04 -6.34994359e+01 
 1.00000000e+05 -6.83968499e+01 
 1.25892541e+05 -7.25428211e+01 
 1.58489319e+05 -7.59793915e+01 
 1.99526231e+05 -7.87870169e+01 
 2.51188643e+05 -8.10590237e+01 
 3.16227766e+05 -8.28865646e+01 
 3.98107171e+05 -8.43514402e+01 
 5.01187234e+05 -8.55236937e+01 
 6.30957344e+05 -8.64616981e+01 
 7.94328235e+05 -8.72133544e+01 
 1.00000000e+06 -8.78176568e+01 
 1.25892541e+06 -8.83062661e+01 
 1.58489319e+06 -8.87049412e+01 
 1.99526231e+06 -8.90347817e+01 
 2.51188643e+06 -8.93132870e+01 
 3.16227766e+06 -8.95552555e+01 
 3.98107171e+06 -8.97735563e+01 
 5.01187234e+06 -8.99798065e+01 
 6.30957344e+06 -9.01849853e+01 
 7.94328235e+06 -9.04000171e+01 
 1.00000000e+07 -9.06363517e+01 
 1.25892541e+07 -9.09065737e+01 
 1.58489319e+07 -9.12250720e+01 
 1.99526231e+07 -9.16088053e+01 
 2.51188643e+07 -9.20782039e+01 
 3.16227766e+07 -9.26582554e+01 
 3.98107171e+07 -9.33798298e+01 
 5.01187234e+07 -9.42813123e+01 
 6.30957344e+07 -9.54106222e+01 
 7.94328235e+07 -9.68277068e+01 
 1.00000000e+08 -9.86075923e+01 
 1.25892541e+08 -1.00844017e+02 
 1.58489319e+08 -1.03653448e+02 
 1.99526231e+08 -1.07178570e+02 
 2.51188643e+08 -1.11588083e+02 
 3.16227766e+08 -1.17063145e+02 
 3.98107171e+08 -1.23742897e+02 
 5.01187234e+08 -1.31560476e+02 
 6.30957344e+08 -1.39845989e+02 
 7.94328235e+08 -1.46677252e+02 
 1.00000000e+09 -1.48845573e+02 
