 1.00000000e+00  2.02629794e+01 
 1.25892541e+00  2.02629794e+01 
 1.58489319e+00  2.02629794e+01 
 1.99526231e+00  2.02629794e+01 
 2.51188643e+00  2.02629794e+01 
 3.16227766e+00  2.02629794e+01 
 3.98107171e+00  2.02629794e+01 
 5.01187234e+00  2.02629794e+01 
 6.30957344e+00  2.02629794e+01 
 7.94328235e+00  2.02629794e+01 
 1.00000000e+01  2.02629794e+01 
 1.25892541e+01  2.02629794e+01 
 1.58489319e+01  2.02629794e+01 
 1.99526231e+01  2.02629793e+01 
 2.51188643e+01  2.02629793e+01 
 3.16227766e+01  2.02629793e+01 
 3.98107171e+01  2.02629792e+01 
 5.01187234e+01  2.02629791e+01 
 6.30957344e+01  2.02629789e+01 
 7.94328235e+01  2.02629787e+01 
 1.00000000e+02  2.02629782e+01 
 1.25892541e+02  2.02629775e+01 
 1.58489319e+02  2.02629765e+01 
 1.99526231e+02  2.02629748e+01 
 2.51188643e+02  2.02629721e+01 
 3.16227766e+02  2.02629678e+01 
 3.98107171e+02  2.02629610e+01 
 5.01187234e+02  2.02629502e+01 
 6.30957344e+02  2.02629332e+01 
 7.94328235e+02  2.02629062e+01 
 1.00000000e+03  2.02628633e+01 
 1.25892541e+03  2.02627955e+01 
 1.58489319e+03  2.02626879e+01 
 1.99526231e+03  2.02625174e+01 
 2.51188643e+03  2.02622473e+01 
 3.16227766e+03  2.02618191e+01 
 3.98107171e+03  2.02611406e+01 
 5.01187234e+03  2.02600655e+01 
 6.30957344e+03  2.02583620e+01 
 7.94328235e+03  2.02556636e+01 
 1.00000000e+04  2.02513904e+01 
 1.25892541e+04  2.02446264e+01 
 1.58489319e+04  2.02339276e+01 
 1.99526231e+04  2.02170251e+01 
 2.51188643e+04  2.01903704e+01 
 3.16227766e+04  2.01484578e+01 
 3.98107171e+04  2.00828484e+01 
 5.01187234e+04  1.99808532e+01 
 6.30957344e+04  1.98239538e+01 
 7.94328235e+04  1.95863435e+01 
 1.00000000e+05  1.92345167e+01 
 1.25892541e+05  1.87294396e+01 
 1.58489319e+05  1.80327363e+01 
 1.99526231e+05  1.71163976e+01 
 2.51188643e+05  1.59720190e+01 
 3.16227766e+05  1.46139145e+01 
 3.98107171e+05  1.30739072e+01 
 5.01187234e+05  1.13913982e+01 
 6.30957344e+05  9.60436255e+00 
 7.94328235e+05  7.74431380e+00 
 1.00000000e+06  5.83499507e+00 
 1.25892541e+06  3.89320032e+00 
 1.58489319e+06  1.93032987e+00 
 1.99526231e+06 -4.60800871e-02 
 2.51188643e+06 -2.03113198e+00 
 3.16227766e+06 -4.02167765e+00 
 3.98107171e+06 -6.01570784e+00 
 5.01187234e+06 -8.01194654e+00 
 6.30957344e+06 -1.00095869e+01 
 7.94328235e+06 -1.20081217e+01 
 1.00000000e+07 -1.40072353e+01 
 1.25892541e+07 -1.60067367e+01 
 1.58489319e+07 -1.80065186e+01 
 1.99526231e+07 -2.00065337e+01 
 2.51188643e+07 -2.20067854e+01 
 3.16227766e+07 -2.40073279e+01 
 3.98107171e+07 -2.60082778e+01 
 5.01187234e+07 -2.80098396e+01 
 6.30957344e+07 -3.00123482e+01 
 7.94328235e+07 -3.20163400e+01 
 1.00000000e+08 -3.40226638e+01 
 1.25892541e+08 -3.60326528e+01 
 1.58489319e+08 -3.80483839e+01 
 1.99526231e+08 -4.00730565e+01 
 2.51188643e+08 -4.21115161e+01 
 3.16227766e+08 -4.41709040e+01 
 3.98107171e+08 -4.62612966e+01 
 5.01187234e+08 -4.83959289e+01 
 6.30957344e+08 -5.05901694e+01 
 7.94328235e+08 -5.28580271e+01 
 1.00000000e+09 -5.52053455e+01 
