 1.00000000e+00  2.02629122e+01 
 1.25892541e+00  2.02629122e+01 
 1.58489319e+00  2.02629122e+01 
 1.99526231e+00  2.02629122e+01 
 2.51188643e+00  2.02629122e+01 
 3.16227766e+00  2.02629122e+01 
 3.98107171e+00  2.02629122e+01 
 5.01187234e+00  2.02629122e+01 
 6.30957344e+00  2.02629122e+01 
 7.94328235e+00  2.02629122e+01 
 1.00000000e+01  2.02629122e+01 
 1.25892541e+01  2.02629122e+01 
 1.58489319e+01  2.02629122e+01 
 1.99526231e+01  2.02629121e+01 
 2.51188643e+01  2.02629121e+01 
 3.16227766e+01  2.02629121e+01 
 3.98107171e+01  2.02629120e+01 
 5.01187234e+01  2.02629119e+01 
 6.30957344e+01  2.02629117e+01 
 7.94328235e+01  2.02629115e+01 
 1.00000000e+02  2.02629110e+01 
 1.25892541e+02  2.02629103e+01 
 1.58489319e+02  2.02629093e+01 
 1.99526231e+02  2.02629076e+01 
 2.51188643e+02  2.02629048e+01 
 3.16227766e+02  2.02629006e+01 
 3.98107171e+02  2.02628937e+01 
 5.01187234e+02  2.02628830e+01 
 6.30957344e+02  2.02628658e+01 
 7.94328235e+02  2.02628387e+01 
 1.00000000e+03  2.02627958e+01 
 1.25892541e+03  2.02627277e+01 
 1.58489319e+03  2.02626198e+01 
 1.99526231e+03  2.02624488e+01 
 2.51188643e+03  2.02621778e+01 
 3.16227766e+03  2.02617482e+01 
 3.98107171e+03  2.02610676e+01 
 5.01187234e+03  2.02599891e+01 
 6.30957344e+03  2.02582803e+01 
 7.94328235e+03  2.02555734e+01 
 1.00000000e+04  2.02512867e+01 
 1.25892541e+04  2.02445015e+01 
 1.58489319e+04  2.02337692e+01 
 1.99526231e+04  2.02168139e+01 
 2.51188643e+04  2.01900763e+01 
 3.16227766e+04  2.01480345e+01 
 3.98107171e+04  2.00822254e+01 
 5.01187234e+04  1.99799255e+01 
 6.30957344e+04  1.98225712e+01 
 7.94328235e+04  1.95843027e+01 
 1.00000000e+05  1.92315653e+01 
 1.25892541e+05  1.87253036e+01 
 1.58489319e+05  1.80271772e+01 
 1.99526231e+05  1.71092832e+01 
 2.51188643e+05  1.59633714e+01 
 3.16227766e+05  1.46039015e+01 
 3.98107171e+05  1.30627841e+01 
 5.01187234e+05  1.13794371e+01 
 6.30957344e+05  9.59180359e+00 
 7.94328235e+05  7.73134476e+00 
 1.00000000e+06  5.82175164e+00 
 1.25892541e+06  3.87977524e+00 
 1.58489319e+06  1.91678368e+00 
 1.99526231e+06 -5.97101107e-02 
 2.51188643e+06 -2.04482544e+00 
 3.16227766e+06 -4.03542736e+00 
 3.98107171e+06 -6.02951854e+00 
 5.01187234e+06 -8.02583609e+00 
 6.30957344e+06 -1.00235901e+01 
 7.94328235e+06 -1.20222979e+01 
 1.00000000e+07 -1.40216812e+01 
 1.25892541e+07 -1.60216072e+01 
 1.58489319e+07 -1.80220599e+01 
 1.99526231e+07 -2.00231370e+01 
 2.51188643e+07 -2.20250702e+01 
 3.16227766e+07 -2.40282754e+01 
 3.98107171e+07 -2.60334403e+01 
 5.01187234e+07 -2.80416701e+01 
 6.30957344e+07 -3.00547164e+01 
 7.94328235e+07 -3.20753331e+01 
 1.00000000e+08 -3.41078146e+01 
 1.25892541e+08 -3.61587821e+01 
 1.58489319e+08 -3.82382625e+01 
 1.99526231e+08 -4.03609914e+01 
 2.51188643e+08 -4.25475145e+01 
 3.16227766e+08 -4.48238157e+01 
 3.98107171e+08 -4.72166971e+01 
 5.01187234e+08 -4.97410032e+01 
 6.30957344e+08 -5.23782288e+01 
 7.94328235e+08 -5.50591169e+01 
 1.00000000e+09 -5.76750134e+01 
