 1.00000000e+00  1.60976921e-05 
 1.02329299e+00  1.59341948e-05 
 1.04712855e+00  1.57723802e-05 
 1.07151931e+00  1.56122307e-05 
 1.09647820e+00  1.54537289e-05 
 1.12201845e+00  1.52968576e-05 
 1.14815362e+00  1.51415998e-05 
 1.17489755e+00  1.49879387e-05 
 1.20226443e+00  1.48358576e-05 
 1.23026877e+00  1.46853400e-05 
 1.25892541e+00  1.45363697e-05 
 1.28824955e+00  1.43889303e-05 
 1.31825674e+00  1.42430061e-05 
 1.34896288e+00  1.40985812e-05 
 1.38038426e+00  1.39556400e-05 
 1.41253754e+00  1.38141670e-05 
 1.44543977e+00  1.36741469e-05 
 1.47910839e+00  1.35355646e-05 
 1.51356125e+00  1.33984050e-05 
 1.54881662e+00  1.32626535e-05 
 1.58489319e+00  1.31282953e-05 
 1.62181010e+00  1.29953158e-05 
 1.65958691e+00  1.28637008e-05 
 1.69824365e+00  1.27334361e-05 
 1.73780083e+00  1.26045075e-05 
 1.77827941e+00  1.24769013e-05 
 1.81970086e+00  1.23506036e-05 
 1.86208714e+00  1.22256008e-05 
 1.90546072e+00  1.21018794e-05 
 1.94984460e+00  1.19794262e-05 
 1.99526231e+00  1.18582279e-05 
 2.04173794e+00  1.17382715e-05 
 2.08929613e+00  1.16195441e-05 
 2.13796209e+00  1.15020329e-05 
 2.18776162e+00  1.13857252e-05 
 2.23872114e+00  1.12706087e-05 
 2.29086765e+00  1.11566708e-05 
 2.34422882e+00  1.10438994e-05 
 2.39883292e+00  1.09322824e-05 
 2.45470892e+00  1.08218077e-05 
 2.51188643e+00  1.07124635e-05 
 2.57039578e+00  1.06042381e-05 
 2.63026799e+00  1.04971198e-05 
 2.69153480e+00  1.03910972e-05 
 2.75422870e+00  1.02861589e-05 
 2.81838293e+00  1.01822937e-05 
 2.88403150e+00  1.00794904e-05 
 2.95120923e+00  9.97773798e-06 
 3.01995172e+00  9.87702561e-06 
 3.09029543e+00  9.77734249e-06 
 3.16227766e+00  9.67867794e-06 
 3.23593657e+00  9.58102140e-06 
 3.31131121e+00  9.48436245e-06 
 3.38844156e+00  9.38869074e-06 
 3.46736850e+00  9.29399604e-06 
 3.54813389e+00  9.20026824e-06 
 3.63078055e+00  9.10749734e-06 
 3.71535229e+00  9.01567341e-06 
 3.80189396e+00  8.92478666e-06 
 3.89045145e+00  8.83482739e-06 
 3.98107171e+00  8.74578601e-06 
 4.07380278e+00  8.65765301e-06 
 4.16869383e+00  8.57041900e-06 
 4.26579519e+00  8.48407469e-06 
 4.36515832e+00  8.39861087e-06 
 4.46683592e+00  8.31401844e-06 
 4.57088190e+00  8.23028838e-06 
 4.67735141e+00  8.14741180e-06 
 4.78630092e+00  8.06537986e-06 
 4.89778819e+00  7.98418385e-06 
 5.01187234e+00  7.90381511e-06 
 5.12861384e+00  7.82426512e-06 
 5.24807460e+00  7.74552541e-06 
 5.37031796e+00  7.66758761e-06 
 5.49540874e+00  7.59044345e-06 
 5.62341325e+00  7.51408474e-06 
 5.75439937e+00  7.43850336e-06 
 5.88843655e+00  7.36369130e-06 
 6.02559586e+00  7.28964061e-06 
 6.16595002e+00  7.21634345e-06 
 6.30957344e+00  7.14379203e-06 
 6.45654229e+00  7.07197868e-06 
 6.60693448e+00  7.00089577e-06 
 6.76082975e+00  6.93053579e-06 
 6.91830971e+00  6.86089127e-06 
 7.07945784e+00  6.79195484e-06 
 7.24435960e+00  6.72371920e-06 
 7.41310241e+00  6.65617714e-06 
 7.58577575e+00  6.58932151e-06 
 7.76247117e+00  6.52314524e-06 
 7.94328235e+00  6.45764133e-06 
 8.12830516e+00  6.39280285e-06 
 8.31763771e+00  6.32862297e-06 
 8.51138038e+00  6.26509489e-06 
 8.70963590e+00  6.20221192e-06 
 8.91250938e+00  6.13996741e-06 
 9.12010839e+00  6.07835479e-06 
 9.33254301e+00  6.01736756e-06 
 9.54992586e+00  5.95699929e-06 
 9.77237221e+00  5.89724361e-06 
 1.00000000e+01  5.83809423e-06 
 1.02329299e+01  5.77954491e-06 
 1.04712855e+01  5.72158948e-06 
 1.07151931e+01  5.66422184e-06 
 1.09647820e+01  5.60743595e-06 
 1.12201845e+01  5.55122583e-06 
 1.14815362e+01  5.49558557e-06 
 1.17489755e+01  5.44050931e-06 
 1.20226443e+01  5.38599126e-06 
 1.23026877e+01  5.33202569e-06 
 1.25892541e+01  5.27860693e-06 
 1.28824955e+01  5.22572936e-06 
 1.31825674e+01  5.17338743e-06 
 1.34896288e+01  5.12157564e-06 
 1.38038426e+01  5.07028856e-06 
 1.41253754e+01  5.01952079e-06 
 1.44543977e+01  4.96926701e-06 
 1.47910839e+01  4.91952196e-06 
 1.51356125e+01  4.87028041e-06 
 1.54881662e+01  4.82153721e-06 
 1.58489319e+01  4.77328723e-06 
 1.62181010e+01  4.72552544e-06 
 1.65958691e+01  4.67824682e-06 
 1.69824365e+01  4.63144642e-06 
 1.73780083e+01  4.58511935e-06 
 1.77827941e+01  4.53926076e-06 
 1.81970086e+01  4.49386585e-06 
 1.86208714e+01  4.44892986e-06 
 1.90546072e+01  4.40444811e-06 
 1.94984460e+01  4.36041593e-06 
 1.99526231e+01  4.31682874e-06 
 2.04173794e+01  4.27368197e-06 
 2.08929613e+01  4.23097112e-06 
 2.13796209e+01  4.18869173e-06 
 2.18776162e+01  4.14683938e-06 
 2.23872114e+01  4.10540971e-06 
 2.29086765e+01  4.06439840e-06 
 2.34422882e+01  4.02380116e-06 
 2.39883292e+01  3.98361376e-06 
 2.45470892e+01  3.94383202e-06 
 2.51188643e+01  3.90445179e-06 
 2.57039578e+01  3.86546896e-06 
 2.63026799e+01  3.82687948e-06 
 2.69153480e+01  3.78867932e-06 
 2.75422870e+01  3.75086451e-06 
 2.81838293e+01  3.71343112e-06 
 2.88403150e+01  3.67637524e-06 
 2.95120923e+01  3.63969303e-06 
 3.01995172e+01  3.60338067e-06 
 3.09029543e+01  3.56743439e-06 
 3.16227766e+01  3.53185044e-06 
 3.23593657e+01  3.49662513e-06 
 3.31131121e+01  3.46175481e-06 
 3.38844156e+01  3.42723585e-06 
 3.46736850e+01  3.39306467e-06 
 3.54813389e+01  3.35923771e-06 
 3.63078055e+01  3.32575148e-06 
 3.71535229e+01  3.29260250e-06 
 3.80189396e+01  3.25978733e-06 
 3.89045145e+01  3.22730256e-06 
 3.98107171e+01  3.19514484e-06 
 4.07380278e+01  3.16331082e-06 
 4.16869383e+01  3.13179721e-06 
 4.26579519e+01  3.10060075e-06 
 4.36515832e+01  3.06971821e-06 
 4.46683592e+01  3.03914639e-06 
 4.57088190e+01  3.00888212e-06 
 4.67735141e+01  2.97892228e-06 
 4.78630092e+01  2.94926376e-06 
 4.89778819e+01  2.91990351e-06 
 5.01187234e+01  2.89083848e-06 
 5.12861384e+01  2.86206567e-06 
 5.24807460e+01  2.83358211e-06 
 5.37031796e+01  2.80538486e-06 
 5.49540874e+01  2.77747099e-06 
 5.62341325e+01  2.74983765e-06 
 5.75439937e+01  2.72248196e-06 
 5.88843655e+01  2.69540111e-06 
 6.02559586e+01  2.66859231e-06 
 6.16595002e+01  2.64205278e-06 
 6.30957344e+01  2.61577980e-06 
 6.45654229e+01  2.58977065e-06 
 6.60693448e+01  2.56402266e-06 
 6.76082975e+01  2.53853317e-06 
 6.91830971e+01  2.51329956e-06 
 7.07945784e+01  2.48831923e-06 
 7.24435960e+01  2.46358961e-06 
 7.41310241e+01  2.43910814e-06 
 7.58577575e+01  2.41487233e-06 
 7.76247117e+01  2.39087966e-06 
 7.94328235e+01  2.36712767e-06 
 8.12830516e+01  2.34361393e-06 
 8.31763771e+01  2.32033601e-06 
 8.51138038e+01  2.29729152e-06 
 8.70963590e+01  2.27447810e-06 
 8.91250938e+01  2.25189341e-06 
 9.12010839e+01  2.22953511e-06 
 9.33254301e+01  2.20740092e-06 
 9.54992586e+01  2.18548857e-06 
 9.77237221e+01  2.16379581e-06 
 1.00000000e+02  2.14232041e-06 
 1.02329299e+02  2.12106017e-06 
 1.04712855e+02  2.10001292e-06 
 1.07151931e+02  2.07917649e-06 
 1.09647820e+02  2.05854874e-06 
 1.12201845e+02  2.03812757e-06 
 1.14815362e+02  2.01791089e-06 
 1.17489755e+02  1.99789662e-06 
 1.20226443e+02  1.97808272e-06 
 1.23026877e+02  1.95846715e-06 
 1.25892541e+02  1.93904791e-06 
 1.28824955e+02  1.91982302e-06 
 1.31825674e+02  1.90079051e-06 
 1.34896288e+02  1.88194842e-06 
 1.38038426e+02  1.86329485e-06 
 1.41253754e+02  1.84482787e-06 
 1.44543977e+02  1.82654560e-06 
 1.47910839e+02  1.80844618e-06 
 1.51356125e+02  1.79052776e-06 
 1.54881662e+02  1.77278851e-06 
 1.58489319e+02  1.75522661e-06 
 1.62181010e+02  1.73784028e-06 
 1.65958691e+02  1.72062774e-06 
 1.69824365e+02  1.70358724e-06 
 1.73780083e+02  1.68671703e-06 
 1.77827941e+02  1.67001540e-06 
 1.81970086e+02  1.65348065e-06 
 1.86208714e+02  1.63711110e-06 
 1.90546072e+02  1.62090506e-06 
 1.94984460e+02  1.60486090e-06 
 1.99526231e+02  1.58897698e-06 
 2.04173794e+02  1.57325168e-06 
 2.08929613e+02  1.55768340e-06 
 2.13796209e+02  1.54227056e-06 
 2.18776162e+02  1.52701159e-06 
 2.23872114e+02  1.51190494e-06 
 2.29086765e+02  1.49694907e-06 
 2.34422882e+02  1.48214247e-06 
 2.39883292e+02  1.46748362e-06 
 2.45470892e+02  1.45297104e-06 
 2.51188643e+02  1.43860325e-06 
 2.57039578e+02  1.42437880e-06 
 2.63026799e+02  1.41029624e-06 
 2.69153480e+02  1.39635414e-06 
 2.75422870e+02  1.38255108e-06 
 2.81838293e+02  1.36888567e-06 
 2.88403150e+02  1.35535652e-06 
 2.95120923e+02  1.34196226e-06 
 3.01995172e+02  1.32870152e-06 
 3.09029543e+02  1.31557297e-06 
 3.16227766e+02  1.30257528e-06 
 3.23593657e+02  1.28970712e-06 
 3.31131121e+02  1.27696719e-06 
 3.38844156e+02  1.26435421e-06 
 3.46736850e+02  1.25186689e-06 
 3.54813389e+02  1.23950398e-06 
 3.63078055e+02  1.22726421e-06 
 3.71535229e+02  1.21514636e-06 
 3.80189396e+02  1.20314920e-06 
 3.89045145e+02  1.19127151e-06 
 3.98107171e+02  1.17951209e-06 
 4.07380278e+02  1.16786975e-06 
 4.16869383e+02  1.15634332e-06 
 4.26579519e+02  1.14493163e-06 
 4.36515832e+02  1.13363353e-06 
 4.46683592e+02  1.12244788e-06 
 4.57088190e+02  1.11137354e-06 
 4.67735141e+02  1.10040941e-06 
 4.78630092e+02  1.08955437e-06 
 4.89778819e+02  1.07880732e-06 
 5.01187234e+02  1.06816720e-06 
 5.12861384e+02  1.05763291e-06 
 5.24807460e+02  1.04720339e-06 
 5.37031796e+02  1.03687761e-06 
 5.49540874e+02  1.02665451e-06 
 5.62341325e+02  1.01653307e-06 
 5.75439937e+02  1.00651226e-06 
 5.88843655e+02  9.96591073e-07 
 6.02559586e+02  9.86768516e-07 
 6.16595002e+02  9.77043596e-07 
 6.30957344e+02  9.67415335e-07 
 6.45654229e+02  9.57882763e-07 
 6.60693448e+02  9.48444922e-07 
 6.76082975e+02  9.39100861e-07 
 6.91830971e+02  9.29849640e-07 
 7.07945784e+02  9.20690330e-07 
 7.24435960e+02  9.11622009e-07 
 7.41310241e+02  9.02643766e-07 
 7.58577575e+02  8.93754698e-07 
 7.76247117e+02  8.84953912e-07 
 7.94328235e+02  8.76240525e-07 
 8.12830516e+02  8.67613660e-07 
 8.31763771e+02  8.59072452e-07 
 8.51138038e+02  8.50616043e-07 
 8.70963590e+02  8.42243584e-07 
 8.91250938e+02  8.33954236e-07 
 9.12010839e+02  8.25747166e-07 
 9.33254301e+02  8.17621551e-07 
 9.54992586e+02  8.09576576e-07 
 9.77237221e+02  8.01611434e-07 
 1.00000000e+03  7.93725327e-07 
 1.02329299e+03  7.85917466e-07 
 1.04712855e+03  7.78187066e-07 
 1.07151931e+03  7.70533354e-07 
 1.09647820e+03  7.62955562e-07 
 1.12201845e+03  7.55452933e-07 
 1.14815362e+03  7.48024714e-07 
 1.17489755e+03  7.40670164e-07 
 1.20226443e+03  7.33388543e-07 
 1.23026877e+03  7.26179126e-07 
 1.25892541e+03  7.19041188e-07 
 1.28824955e+03  7.11974019e-07 
 1.31825674e+03  7.04976910e-07 
 1.34896288e+03  6.98049162e-07 
 1.38038426e+03  6.91190082e-07 
 1.41253754e+03  6.84398984e-07 
 1.44543977e+03  6.77675191e-07 
 1.47910839e+03  6.71018030e-07 
 1.51356125e+03  6.64426836e-07 
 1.54881662e+03  6.57900951e-07 
 1.58489319e+03  6.51439723e-07 
 1.62181010e+03  6.45042509e-07 
 1.65958691e+03  6.38708668e-07 
 1.69824365e+03  6.32437569e-07 
 1.73780083e+03  6.26228586e-07 
 1.77827941e+03  6.20081100e-07 
 1.81970086e+03  6.13994498e-07 
 1.86208714e+03  6.07968172e-07 
 1.90546072e+03  6.02001523e-07 
 1.94984460e+03  5.96093955e-07 
 1.99526231e+03  5.90244879e-07 
 2.04173794e+03  5.84453714e-07 
 2.08929613e+03  5.78719881e-07 
 2.13796209e+03  5.73042811e-07 
 2.18776162e+03  5.67421936e-07 
 2.23872114e+03  5.61856699e-07 
 2.29086765e+03  5.56346545e-07 
 2.34422882e+03  5.50890925e-07 
 2.39883292e+03  5.45489297e-07 
 2.45470892e+03  5.40141124e-07 
 2.51188643e+03  5.34845872e-07 
 2.57039578e+03  5.29603017e-07 
 2.63026799e+03  5.24412035e-07 
 2.69153480e+03  5.19272413e-07 
 2.75422870e+03  5.14183638e-07 
 2.81838293e+03  5.09145204e-07 
 2.88403150e+03  5.04156612e-07 
 2.95120923e+03  4.99217366e-07 
 3.01995172e+03  4.94326975e-07 
 3.09029543e+03  4.89484954e-07 
 3.16227766e+03  4.84690821e-07 
 3.23593657e+03  4.79944101e-07 
 3.31131121e+03  4.75244323e-07 
 3.38844156e+03  4.70591021e-07 
 3.46736850e+03  4.65983733e-07 
 3.54813389e+03  4.61422001e-07 
 3.63078055e+03  4.56905373e-07 
 3.71535229e+03  4.52433403e-07 
 3.80189396e+03  4.48005645e-07 
 3.89045145e+03  4.43621662e-07 
 3.98107171e+03  4.39281018e-07 
 4.07380278e+03  4.34983285e-07 
 4.16869383e+03  4.30728035e-07 
 4.26579519e+03  4.26514847e-07 
 4.36515832e+03  4.22343305e-07 
 4.46683592e+03  4.18212996e-07 
 4.57088190e+03  4.14123509e-07 
 4.67735141e+03  4.10074441e-07 
 4.78630092e+03  4.06065390e-07 
 4.89778819e+03  4.02095961e-07 
 5.01187234e+03  3.98165760e-07 
 5.12861384e+03  3.94274398e-07 
 5.24807460e+03  3.90421492e-07 
 5.37031796e+03  3.86606659e-07 
 5.49540874e+03  3.82829522e-07 
 5.62341325e+03  3.79089709e-07 
 5.75439937e+03  3.75386850e-07 
 5.88843655e+03  3.71720579e-07 
 6.02559586e+03  3.68090533e-07 
 6.16595002e+03  3.64496354e-07 
 6.30957344e+03  3.60937687e-07 
 6.45654229e+03  3.57414181e-07 
 6.60693448e+03  3.53925488e-07 
 6.76082975e+03  3.50471263e-07 
 6.91830971e+03  3.47051165e-07 
 7.07945784e+03  3.43664858e-07 
 7.24435960e+03  3.40312006e-07 
 7.41310241e+03  3.36992279e-07 
 7.58577575e+03  3.33705350e-07 
 7.76247117e+03  3.30450895e-07 
 7.94328235e+03  3.27228592e-07 
 8.12830516e+03  3.24038125e-07 
 8.31763771e+03  3.20879177e-07 
 8.51138038e+03  3.17751440e-07 
 8.70963590e+03  3.14654602e-07 
 8.91250938e+03  3.11588361e-07 
 9.12010839e+03  3.08552414e-07 
 9.33254301e+03  3.05546462e-07 
 9.54992586e+03  3.02570208e-07 
 9.77237221e+03  2.99623361e-07 
 1.00000000e+04  2.96705629e-07 
 1.02329299e+04  2.93816725e-07 
 1.04712855e+04  2.90956366e-07 
 1.07151931e+04  2.88124270e-07 
 1.09647820e+04  2.85320158e-07 
 1.12201845e+04  2.82543754e-07 
 1.14815362e+04  2.79794786e-07 
 1.17489755e+04  2.77072983e-07 
 1.20226443e+04  2.74378077e-07 
 1.23026877e+04  2.71709803e-07 
 1.25892541e+04  2.69067900e-07 
 1.28824955e+04  2.66452107e-07 
 1.31825674e+04  2.63862168e-07 
 1.34896288e+04  2.61297828e-07 
 1.38038426e+04  2.58758835e-07 
 1.41253754e+04  2.56244940e-07 
 1.44543977e+04  2.53755896e-07 
 1.47910839e+04  2.51291459e-07 
 1.51356125e+04  2.48851386e-07 
 1.54881662e+04  2.46435439e-07 
 1.58489319e+04  2.44043379e-07 
 1.62181010e+04  2.41674973e-07 
 1.65958691e+04  2.39329988e-07 
 1.69824365e+04  2.37008194e-07 
 1.73780083e+04  2.34709363e-07 
 1.77827941e+04  2.32433269e-07 
 1.81970086e+04  2.30179691e-07 
 1.86208714e+04  2.27948405e-07 
 1.90546072e+04  2.25739195e-07 
 1.94984460e+04  2.23551843e-07 
 1.99526231e+04  2.21386135e-07 
 2.04173794e+04  2.19241859e-07 
 2.08929613e+04  2.17118805e-07 
 2.13796209e+04  2.15016764e-07 
 2.18776162e+04  2.12935531e-07 
 2.23872114e+04  2.10874902e-07 
 2.29086765e+04  2.08834675e-07 
 2.34422882e+04  2.06814650e-07 
 2.39883292e+04  2.04814631e-07 
 2.45470892e+04  2.02834420e-07 
 2.51188643e+04  2.00873824e-07 
 2.57039578e+04  1.98932652e-07 
 2.63026799e+04  1.97010713e-07 
 2.69153480e+04  1.95107819e-07 
 2.75422870e+04  1.93223785e-07 
 2.81838293e+04  1.91358425e-07 
 2.88403150e+04  1.89511558e-07 
 2.95120923e+04  1.87683003e-07 
 3.01995172e+04  1.85872581e-07 
 3.09029543e+04  1.84080115e-07 
 3.16227766e+04  1.82305430e-07 
 3.23593657e+04  1.80548353e-07 
 3.31131121e+04  1.78808711e-07 
 3.38844156e+04  1.77086335e-07 
 3.46736850e+04  1.75381057e-07 
 3.54813389e+04  1.73692710e-07 
 3.63078055e+04  1.72021129e-07 
 3.71535229e+04  1.70366150e-07 
 3.80189396e+04  1.68727613e-07 
 3.89045145e+04  1.67105357e-07 
 3.98107171e+04  1.65499224e-07 
 4.07380278e+04  1.63909057e-07 
 4.16869383e+04  1.62334701e-07 
 4.26579519e+04  1.60776002e-07 
 4.36515832e+04  1.59232808e-07 
 4.46683592e+04  1.57704968e-07 
 4.57088190e+04  1.56192334e-07 
 4.67735141e+04  1.54694758e-07 
 4.78630092e+04  1.53212093e-07 
 4.89778819e+04  1.51744196e-07 
 5.01187234e+04  1.50290923e-07 
 5.12861384e+04  1.48852131e-07 
 5.24807460e+04  1.47427682e-07 
 5.37031796e+04  1.46017436e-07 
 5.49540874e+04  1.44621255e-07 
 5.62341325e+04  1.43239004e-07 
 5.75439937e+04  1.41870548e-07 
 5.88843655e+04  1.40515753e-07 
 6.02559586e+04  1.39174487e-07 
 6.16595002e+04  1.37846620e-07 
 6.30957344e+04  1.36532022e-07 
 6.45654229e+04  1.35230565e-07 
 6.60693448e+04  1.33942122e-07 
 6.76082975e+04  1.32666568e-07 
 6.91830971e+04  1.31403779e-07 
 7.07945784e+04  1.30153631e-07 
 7.24435960e+04  1.28916003e-07 
 7.41310241e+04  1.27690774e-07 
 7.58577575e+04  1.26477825e-07 
 7.76247117e+04  1.25277037e-07 
 7.94328235e+04  1.24088295e-07 
 8.12830516e+04  1.22911481e-07 
 8.31763771e+04  1.21746482e-07 
 8.51138038e+04  1.20593184e-07 
 8.70963590e+04  1.19451474e-07 
 8.91250938e+04  1.18321242e-07 
 9.12010839e+04  1.17202377e-07 
 9.33254301e+04  1.16094771e-07 
 9.54992586e+04  1.14998316e-07 
 9.77237221e+04  1.13912905e-07 
 1.00000000e+05  1.12838431e-07 
 1.02329299e+05  1.11774792e-07 
 1.04712855e+05  1.10721883e-07 
 1.07151931e+05  1.09679601e-07 
 1.09647820e+05  1.08647845e-07 
 1.12201845e+05  1.07626515e-07 
 1.14815362e+05  1.06615512e-07 
 1.17489755e+05  1.05614736e-07 
 1.20226443e+05  1.04624090e-07 
 1.23026877e+05  1.03643479e-07 
 1.25892541e+05  1.02672806e-07 
 1.28824955e+05  1.01711977e-07 
 1.31825674e+05  1.00760898e-07 
 1.34896288e+05  9.98194766e-08 
 1.38038426e+05  9.88876216e-08 
 1.41253754e+05  9.79652418e-08 
 1.44543977e+05  9.70522474e-08 
 1.47910839e+05  9.61485496e-08 
 1.51356125e+05  9.52540603e-08 
 1.54881662e+05  9.43686922e-08 
 1.58489319e+05  9.34923591e-08 
 1.62181010e+05  9.26249756e-08 
 1.65958691e+05  9.17664572e-08 
 1.69824365e+05  9.09167203e-08 
 1.73780083e+05  9.00756818e-08 
 1.77827941e+05  8.92432599e-08 
 1.81970086e+05  8.84193733e-08 
 1.86208714e+05  8.76039417e-08 
 1.90546072e+05  8.67968856e-08 
 1.94984460e+05  8.59981261e-08 
 1.99526231e+05  8.52075852e-08 
 2.04173794e+05  8.44251860e-08 
 2.08929613e+05  8.36508518e-08 
 2.13796209e+05  8.28845071e-08 
 2.18776162e+05  8.21260771e-08 
 2.23872114e+05  8.13754876e-08 
 2.29086765e+05  8.06326653e-08 
 2.34422882e+05  7.98975374e-08 
 2.39883292e+05  7.91700322e-08 
 2.45470892e+05  7.84500783e-08 
 2.51188643e+05  7.77376055e-08 
 2.57039578e+05  7.70325438e-08 
 2.63026799e+05  7.63348243e-08 
 2.69153480e+05  7.56443786e-08 
 2.75422870e+05  7.49611389e-08 
 2.81838293e+05  7.42850383e-08 
 2.88403150e+05  7.36160105e-08 
 2.95120923e+05  7.29539897e-08 
 3.01995172e+05  7.22989110e-08 
 3.09029543e+05  7.16507100e-08 
 3.16227766e+05  7.10093229e-08 
 3.23593657e+05  7.03746868e-08 
 3.31131121e+05  6.97467390e-08 
 3.38844156e+05  6.91254178e-08 
 3.46736850e+05  6.85106620e-08 
 3.54813389e+05  6.79024109e-08 
 3.63078055e+05  6.73006044e-08 
 3.71535229e+05  6.67051833e-08 
 3.80189396e+05  6.61160886e-08 
 3.89045145e+05  6.55332621e-08 
 3.98107171e+05  6.49566461e-08 
 4.07380278e+05  6.43861835e-08 
 4.16869383e+05  6.38218178e-08 
 4.26579519e+05  6.32634929e-08 
 4.36515832e+05  6.27111534e-08 
 4.46683592e+05  6.21647444e-08 
 4.57088190e+05  6.16242116e-08 
 4.67735141e+05  6.10895010e-08 
 4.78630092e+05  6.05605595e-08 
 4.89778819e+05  6.00373342e-08 
 5.01187234e+05  5.95197727e-08 
 5.12861384e+05  5.90078234e-08 
 5.24807460e+05  5.85014350e-08 
 5.37031796e+05  5.80005567e-08 
 5.49540874e+05  5.75051381e-08 
 5.62341325e+05  5.70151295e-08 
 5.75439937e+05  5.65304816e-08 
 5.88843655e+05  5.60511454e-08 
 6.02559586e+05  5.55770726e-08 
 6.16595002e+05  5.51082153e-08 
 6.30957344e+05  5.46445259e-08 
 6.45654229e+05  5.41859575e-08 
 6.60693448e+05  5.37324634e-08 
 6.76082975e+05  5.32839975e-08 
 6.91830971e+05  5.28405140e-08 
 7.07945784e+05  5.24019676e-08 
 7.24435960e+05  5.19683135e-08 
 7.41310241e+05  5.15395072e-08 
 7.58577575e+05  5.11155047e-08 
 7.76247117e+05  5.06962622e-08 
 7.94328235e+05  5.02817366e-08 
 8.12830516e+05  4.98718850e-08 
 8.31763771e+05  4.94666649e-08 
 8.51138038e+05  4.90660342e-08 
 8.70963590e+05  4.86699512e-08 
 8.91250938e+05  4.82783747e-08 
 9.12010839e+05  4.78912636e-08 
 9.33254301e+05  4.75085773e-08 
 9.54992586e+05  4.71302756e-08 
 9.77237221e+05  4.67563185e-08 
 1.00000000e+06  4.63866667e-08 
 1.02329299e+06  4.60212808e-08 
 1.04712855e+06  4.56601220e-08 
 1.07151931e+06  4.53031518e-08 
 1.09647820e+06  4.49503320e-08 
 1.12201845e+06  4.46016247e-08 
 1.14815362e+06  4.42569924e-08 
 1.17489755e+06  4.39163978e-08 
 1.20226443e+06  4.35798040e-08 
 1.23026877e+06  4.32471744e-08 
 1.25892541e+06  4.29184728e-08 
 1.28824955e+06  4.25936630e-08 
 1.31825674e+06  4.22727093e-08 
 1.34896288e+06  4.19555764e-08 
 1.38038426e+06  4.16422291e-08 
 1.41253754e+06  4.13326325e-08 
 1.44543977e+06  4.10267520e-08 
 1.47910839e+06  4.07245533e-08 
 1.51356125e+06  4.04260024e-08 
 1.54881662e+06  4.01310655e-08 
 1.58489319e+06  3.98397090e-08 
 1.62181010e+06  3.95518998e-08 
 1.65958691e+06  3.92676047e-08 
 1.69824365e+06  3.89867911e-08 
 1.73780083e+06  3.87094264e-08 
 1.77827941e+06  3.84354783e-08 
 1.81970086e+06  3.81649149e-08 
 1.86208714e+06  3.78977042e-08 
 1.90546072e+06  3.76338149e-08 
 1.94984460e+06  3.73732153e-08 
 1.99526231e+06  3.71158747e-08 
 2.04173794e+06  3.68617619e-08 
 2.08929613e+06  3.66108463e-08 
 2.13796209e+06  3.63630975e-08 
 2.18776162e+06  3.61184853e-08 
 2.23872114e+06  3.58769795e-08 
 2.29086765e+06  3.56385504e-08 
 2.34422882e+06  3.54031683e-08 
 2.39883292e+06  3.51708038e-08 
 2.45470892e+06  3.49414277e-08 
 2.51188643e+06  3.47150110e-08 
 2.57039578e+06  3.44915248e-08 
 2.63026799e+06  3.42709405e-08 
 2.69153480e+06  3.40532296e-08 
 2.75422870e+06  3.38383639e-08 
 2.81838293e+06  3.36263152e-08 
 2.88403150e+06  3.34170556e-08 
 2.95120923e+06  3.32105575e-08 
 3.01995172e+06  3.30067933e-08 
 3.09029543e+06  3.28057355e-08 
 3.16227766e+06  3.26073571e-08 
 3.23593657e+06  3.24116309e-08 
 3.31131121e+06  3.22185302e-08 
 3.38844156e+06  3.20280281e-08 
 3.46736850e+06  3.18400983e-08 
 3.54813389e+06  3.16547143e-08 
 3.63078055e+06  3.14718499e-08 
 3.71535229e+06  3.12914791e-08 
 3.80189396e+06  3.11135761e-08 
 3.89045145e+06  3.09381151e-08 
 3.98107171e+06  3.07650706e-08 
 4.07380278e+06  3.05944172e-08 
 4.16869383e+06  3.04261296e-08 
 4.26579519e+06  3.02601827e-08 
 4.36515832e+06  3.00965517e-08 
 4.46683592e+06  2.99352117e-08 
 4.57088190e+06  2.97761382e-08 
 4.67735141e+06  2.96193066e-08 
 4.78630092e+06  2.94646927e-08 
 4.89778819e+06  2.93122722e-08 
 5.01187234e+06  2.91620212e-08 
 5.12861384e+06  2.90139158e-08 
 5.24807460e+06  2.88679323e-08 
 5.37031796e+06  2.87240471e-08 
 5.49540874e+06  2.85822368e-08 
 5.62341325e+06  2.84424782e-08 
 5.75439937e+06  2.83047481e-08 
 5.88843655e+06  2.81690235e-08 
 6.02559586e+06  2.80352817e-08 
 6.16595002e+06  2.79035000e-08 
 6.30957344e+06  2.77736558e-08 
 6.45654229e+06  2.76457268e-08 
 6.60693448e+06  2.75196908e-08 
 6.76082975e+06  2.73955257e-08 
 6.91830971e+06  2.72732096e-08 
 7.07945784e+06  2.71527207e-08 
 7.24435960e+06  2.70340373e-08 
 7.41310241e+06  2.69171382e-08 
 7.58577575e+06  2.68020018e-08 
 7.76247117e+06  2.66886070e-08 
 7.94328235e+06  2.65769329e-08 
 8.12830516e+06  2.64669586e-08 
 8.31763771e+06  2.63586633e-08 
 8.51138038e+06  2.62520265e-08 
 8.70963590e+06  2.61470279e-08 
 8.91250938e+06  2.60436471e-08 
 9.12010839e+06  2.59418641e-08 
 9.33254301e+06  2.58416590e-08 
 9.54992586e+06  2.57430119e-08 
 9.77237221e+06  2.56459033e-08 
 1.00000000e+07  2.55503137e-08 
 1.02329299e+07  2.54562238e-08 
 1.04712855e+07  2.53636145e-08 
 1.07151931e+07  2.52724667e-08 
 1.09647820e+07  2.51827617e-08 
 1.12201845e+07  2.50944808e-08 
 1.14815362e+07  2.50076054e-08 
 1.17489755e+07  2.49221174e-08 
 1.20226443e+07  2.48379985e-08 
 1.23026877e+07  2.47552306e-08 
 1.25892541e+07  2.46737960e-08 
 1.28824955e+07  2.45936770e-08 
 1.31825674e+07  2.45148560e-08 
 1.34896288e+07  2.44373158e-08 
 1.38038426e+07  2.43610391e-08 
 1.41253754e+07  2.42860090e-08 
 1.44543977e+07  2.42122086e-08 
 1.47910839e+07  2.41396212e-08 
 1.51356125e+07  2.40682304e-08 
 1.54881662e+07  2.39980199e-08 
 1.58489319e+07  2.39289734e-08 
 1.62181010e+07  2.38610751e-08 
 1.65958691e+07  2.37943091e-08 
 1.69824365e+07  2.37286598e-08 
 1.73780083e+07  2.36641117e-08 
 1.77827941e+07  2.36006496e-08 
 1.81970086e+07  2.35382584e-08 
 1.86208714e+07  2.34769231e-08 
 1.90546072e+07  2.34166290e-08 
 1.94984460e+07  2.33573616e-08 
 1.99526231e+07  2.32991064e-08 
 2.04173794e+07  2.32418493e-08 
 2.08929613e+07  2.31855763e-08 
 2.13796209e+07  2.31302734e-08 
 2.18776162e+07  2.30759271e-08 
 2.23872114e+07  2.30225239e-08 
 2.29086765e+07  2.29700505e-08 
 2.34422882e+07  2.29184938e-08 
 2.39883292e+07  2.28678409e-08 
 2.45470892e+07  2.28180791e-08 
 2.51188643e+07  2.27691958e-08 
 2.57039578e+07  2.27211787e-08 
 2.63026799e+07  2.26740156e-08 
 2.69153480e+07  2.26276946e-08 
 2.75422870e+07  2.25822038e-08 
 2.81838293e+07  2.25375318e-08 
 2.88403150e+07  2.24936671e-08 
 2.95120923e+07  2.24505986e-08 
 3.01995172e+07  2.24083153e-08 
 3.09029543e+07  2.23668063e-08 
 3.16227766e+07  2.23260611e-08 
 3.23593657e+07  2.22860694e-08 
 3.31131121e+07  2.22468209e-08 
 3.38844156e+07  2.22083056e-08 
 3.46736850e+07  2.21705138e-08 
 3.54813389e+07  2.21334360e-08 
 3.63078055e+07  2.20970627e-08 
 3.71535229e+07  2.20613849e-08 
 3.80189396e+07  2.20263937e-08 
 3.89045145e+07  2.19920803e-08 
 3.98107171e+07  2.19584362e-08 
 4.07380278e+07  2.19254533e-08 
 4.16869383e+07  2.18931234e-08 
 4.26579519e+07  2.18614388e-08 
 4.36515832e+07  2.18303919e-08 
 4.46683592e+07  2.17999754e-08 
 4.57088190e+07  2.17701821e-08 
 4.67735141e+07  2.17410053e-08 
 4.78630092e+07  2.17124382e-08 
 4.89778819e+07  2.16844747e-08 
 5.01187234e+07  2.16571084e-08 
 5.12861384e+07  2.16303336e-08 
 5.24807460e+07  2.16041448e-08 
 5.37031796e+07  2.15785364e-08 
 5.49540874e+07  2.15535037e-08 
 5.62341325e+07  2.15290416e-08 
 5.75439937e+07  2.15051458e-08 
 5.88843655e+07  2.14818121e-08 
 6.02559586e+07  2.14590365e-08 
 6.16595002e+07  2.14368154e-08 
 6.30957344e+07  2.14151456e-08 
 6.45654229e+07  2.13940240e-08 
 6.60693448e+07  2.13734479e-08 
 6.76082975e+07  2.13534151e-08 
 6.91830971e+07  2.13339235e-08 
 7.07945784e+07  2.13149715e-08 
 7.24435960e+07  2.12965577e-08 
 7.41310241e+07  2.12786812e-08 
 7.58577575e+07  2.12613414e-08 
 7.76247117e+07  2.12445382e-08 
 7.94328235e+07  2.12282718e-08 
 8.12830516e+07  2.12125427e-08 
 8.31763771e+07  2.11973519e-08 
 8.51138038e+07  2.11827009e-08 
 8.70963590e+07  2.11685915e-08 
 8.91250938e+07  2.11550261e-08 
 9.12010839e+07  2.11420074e-08 
 9.33254301e+07  2.11295387e-08 
 9.54992586e+07  2.11176237e-08 
 9.77237221e+07  2.11062667e-08 
 1.00000000e+08  2.10954723e-08 
 1.02329299e+08  2.10852459e-08 
 1.04712855e+08  2.10755932e-08 
 1.07151931e+08  2.10665207e-08 
 1.09647820e+08  2.10580353e-08 
 1.12201845e+08  2.10501445e-08 
 1.14815362e+08  2.10428564e-08 
 1.17489755e+08  2.10361799e-08 
 1.20226443e+08  2.10301242e-08 
 1.23026877e+08  2.10246996e-08 
 1.25892541e+08  2.10199167e-08 
 1.28824955e+08  2.10157868e-08 
 1.31825674e+08  2.10123223e-08 
 1.34896288e+08  2.10095358e-08 
 1.38038426e+08  2.10074411e-08 
 1.41253754e+08  2.10060525e-08 
 1.44543977e+08  2.10053850e-08 
 1.47910839e+08  2.10054546e-08 
 1.51356125e+08  2.10062781e-08 
 1.54881662e+08  2.10078730e-08 
 1.58489319e+08  2.10102576e-08 
 1.62181010e+08  2.10134514e-08 
 1.65958691e+08  2.10174743e-08 
 1.69824365e+08  2.10223473e-08 
 1.73780083e+08  2.10280924e-08 
 1.77827941e+08  2.10347322e-08 
 1.81970086e+08  2.10422904e-08 
 1.86208714e+08  2.10507917e-08 
 1.90546072e+08  2.10602613e-08 
 1.94984460e+08  2.10707257e-08 
 1.99526231e+08  2.10822122e-08 
 2.04173794e+08  2.10947489e-08 
 2.08929613e+08  2.11083648e-08 
 2.13796209e+08  2.11230897e-08 
 2.18776162e+08  2.11389542e-08 
 2.23872114e+08  2.11559898e-08 
 2.29086765e+08  2.11742289e-08 
 2.34422882e+08  2.11937043e-08 
 2.39883292e+08  2.12144496e-08 
 2.45470892e+08  2.12364991e-08 
 2.51188643e+08  2.12598874e-08 
 2.57039578e+08  2.12846499e-08 
 2.63026799e+08  2.13108220e-08 
 2.69153480e+08  2.13384395e-08 
 2.75422870e+08  2.13675389e-08 
 2.81838293e+08  2.13981560e-08 
 2.88403150e+08  2.14303269e-08 
 2.95120923e+08  2.14640872e-08 
 3.01995172e+08  2.14994723e-08 
 3.09029543e+08  2.15365171e-08 
 3.16227766e+08  2.15752554e-08 
 3.23593657e+08  2.16157202e-08 
 3.31131121e+08  2.16579432e-08 
 3.38844156e+08  2.17019548e-08 
 3.46736850e+08  2.17477834e-08 
 3.54813389e+08  2.17954553e-08 
 3.63078055e+08  2.18449946e-08 
 3.71535229e+08  2.18964230e-08 
 3.80189396e+08  2.19497586e-08 
 3.89045145e+08  2.20050160e-08 
 3.98107171e+08  2.20622074e-08 
 4.07380278e+08  2.21213396e-08 
 4.16869383e+08  2.21824145e-08 
 4.26579519e+08  2.22454303e-08 
 4.36515832e+08  2.23103785e-08 
 4.46683592e+08  2.23772459e-08 
 4.57088190e+08  2.24460123e-08 
 4.67735141e+08  2.25166503e-08 
 4.78630092e+08  2.25891268e-08 
 4.89778819e+08  2.26633991e-08 
 5.01187234e+08  2.27394196e-08 
 5.12861384e+08  2.28171291e-08 
 5.24807460e+08  2.28964618e-08 
 5.37031796e+08  2.29773418e-08 
 5.49540874e+08  2.30596842e-08 
 5.62341325e+08  2.31433950e-08 
 5.75439937e+08  2.32283701e-08 
 5.88843655e+08  2.33144953e-08 
 6.02559586e+08  2.34016487e-08 
 6.16595002e+08  2.34896950e-08 
 6.30957344e+08  2.35784933e-08 
 6.45654229e+08  2.36678895e-08 
 6.60693448e+08  2.37577237e-08 
 6.76082975e+08  2.38478264e-08 
 6.91830971e+08  2.39380178e-08 
 7.07945784e+08  2.40281141e-08 
 7.24435960e+08  2.41179219e-08 
 7.41310241e+08  2.42072441e-08 
 7.58577575e+08  2.42958748e-08 
 7.76247117e+08  2.43836089e-08 
 7.94328235e+08  2.44702338e-08 
 8.12830516e+08  2.45555359e-08 
 8.31763771e+08  2.46393021e-08 
 8.51138038e+08  2.47213167e-08 
 8.70963590e+08  2.48013669e-08 
 8.91250938e+08  2.48792429e-08 
 9.12010839e+08  2.49547353e-08 
 9.33254301e+08  2.50276423e-08 
 9.54992586e+08  2.50977645e-08 
 9.77237221e+08  2.51649123e-08 
 1.00000000e+09  2.52288998e-08 
