 1.00000000e+00  1.60976272e-05 
 1.02329299e+00  1.59341307e-05 
 1.04712855e+00  1.57723170e-05 
 1.07151931e+00  1.56121683e-05 
 1.09647820e+00  1.54536673e-05 
 1.12201845e+00  1.52967969e-05 
 1.14815362e+00  1.51415399e-05 
 1.17489755e+00  1.49878796e-05 
 1.20226443e+00  1.48357993e-05 
 1.23026877e+00  1.46852825e-05 
 1.25892541e+00  1.45363129e-05 
 1.28824955e+00  1.43888743e-05 
 1.31825674e+00  1.42429509e-05 
 1.34896288e+00  1.40985267e-05 
 1.38038426e+00  1.39555862e-05 
 1.41253754e+00  1.38141139e-05 
 1.44543977e+00  1.36740945e-05 
 1.47910839e+00  1.35355129e-05 
 1.51356125e+00  1.33983541e-05 
 1.54881662e+00  1.32626032e-05 
 1.58489319e+00  1.31282456e-05 
 1.62181010e+00  1.29952669e-05 
 1.65958691e+00  1.28636525e-05 
 1.69824365e+00  1.27333884e-05 
 1.73780083e+00  1.26044605e-05 
 1.77827941e+00  1.24768549e-05 
 1.81970086e+00  1.23505578e-05 
 1.86208714e+00  1.22255556e-05 
 1.90546072e+00  1.21018349e-05 
 1.94984460e+00  1.19793822e-05 
 1.99526231e+00  1.18581845e-05 
 2.04173794e+00  1.17382287e-05 
 2.08929613e+00  1.16195019e-05 
 2.13796209e+00  1.15019912e-05 
 2.18776162e+00  1.13856842e-05 
 2.23872114e+00  1.12705682e-05 
 2.29086765e+00  1.11566309e-05 
 2.34422882e+00  1.10438600e-05 
 2.39883292e+00  1.09322435e-05 
 2.45470892e+00  1.08217693e-05 
 2.51188643e+00  1.07124256e-05 
 2.57039578e+00  1.06042007e-05 
 2.63026799e+00  1.04970830e-05 
 2.69153480e+00  1.03910609e-05 
 2.75422870e+00  1.02861231e-05 
 2.81838293e+00  1.01822583e-05 
 2.88403150e+00  1.00794555e-05 
 2.95120923e+00  9.97770356e-06 
 3.01995172e+00  9.87699166e-06 
 3.09029543e+00  9.77730900e-06 
 3.16227766e+00  9.67864490e-06 
 3.23593657e+00  9.58098882e-06 
 3.31131121e+00  9.48433030e-06 
 3.38844156e+00  9.38865902e-06 
 3.46736850e+00  9.29396476e-06 
 3.54813389e+00  9.20023739e-06 
 3.63078055e+00  9.10746689e-06 
 3.71535229e+00  9.01564338e-06 
 3.80189396e+00  8.92475704e-06 
 3.89045145e+00  8.83479817e-06 
 3.98107171e+00  8.74575719e-06 
 4.07380278e+00  8.65762458e-06 
 4.16869383e+00  8.57039096e-06 
 4.26579519e+00  8.48404703e-06 
 4.36515832e+00  8.39858358e-06 
 4.46683592e+00  8.31399152e-06 
 4.57088190e+00  8.23026184e-06 
 4.67735141e+00  8.14738561e-06 
 4.78630092e+00  8.06535403e-06 
 4.89778819e+00  7.98415837e-06 
 5.01187234e+00  7.90378998e-06 
 5.12861384e+00  7.82424033e-06 
 5.24807460e+00  7.74550096e-06 
 5.37031796e+00  7.66756349e-06 
 5.49540874e+00  7.59041966e-06 
 5.62341325e+00  7.51406127e-06 
 5.75439937e+00  7.43848022e-06 
 5.88843655e+00  7.36366847e-06 
 6.02559586e+00  7.28961809e-06 
 6.16595002e+00  7.21632124e-06 
 6.30957344e+00  7.14377013e-06 
 6.45654229e+00  7.07195707e-06 
 6.60693448e+00  7.00087447e-06 
 6.76082975e+00  6.93051477e-06 
 6.91830971e+00  6.86087054e-06 
 7.07945784e+00  6.79193439e-06 
 7.24435960e+00  6.72369904e-06 
 7.41310241e+00  6.65615725e-06 
 7.58577575e+00  6.58930189e-06 
 7.76247117e+00  6.52312589e-06 
 7.94328235e+00  6.45762224e-06 
 8.12830516e+00  6.39278403e-06 
 8.31763771e+00  6.32860441e-06 
 8.51138038e+00  6.26507659e-06 
 8.70963590e+00  6.20219387e-06 
 8.91250938e+00  6.13994960e-06 
 9.12010839e+00  6.07833722e-06 
 9.33254301e+00  6.01735024e-06 
 9.54992586e+00  5.95698221e-06 
 9.77237221e+00  5.89722676e-06 
 1.00000000e+01  5.83807762e-06 
 1.02329299e+01  5.77952852e-06 
 1.04712855e+01  5.72157332e-06 
 1.07151931e+01  5.66420591e-06 
 1.09647820e+01  5.60742024e-06 
 1.12201845e+01  5.55121034e-06 
 1.14815362e+01  5.49557029e-06 
 1.17489755e+01  5.44049424e-06 
 1.20226443e+01  5.38597640e-06 
 1.23026877e+01  5.33201103e-06 
 1.25892541e+01  5.27859247e-06 
 1.28824955e+01  5.22571510e-06 
 1.31825674e+01  5.17337337e-06 
 1.34896288e+01  5.12156178e-06 
 1.38038426e+01  5.07027488e-06 
 1.41253754e+01  5.01950731e-06 
 1.44543977e+01  4.96925372e-06 
 1.47910839e+01  4.91950885e-06 
 1.51356125e+01  4.87026748e-06 
 1.54881662e+01  4.82152446e-06 
 1.58489319e+01  4.77327466e-06 
 1.62181010e+01  4.72551304e-06 
 1.65958691e+01  4.67823459e-06 
 1.69824365e+01  4.63143437e-06 
 1.73780083e+01  4.58510747e-06 
 1.77827941e+01  4.53924904e-06 
 1.81970086e+01  4.49385429e-06 
 1.86208714e+01  4.44891846e-06 
 1.90546072e+01  4.40443687e-06 
 1.94984460e+01  4.36040485e-06 
 1.99526231e+01  4.31681781e-06 
 2.04173794e+01  4.27367119e-06 
 2.08929613e+01  4.23096050e-06 
 2.13796209e+01  4.18868125e-06 
 2.18776162e+01  4.14682905e-06 
 2.23872114e+01  4.10539953e-06 
 2.29086765e+01  4.06438835e-06 
 2.34422882e+01  4.02379126e-06 
 2.39883292e+01  3.98360400e-06 
 2.45470892e+01  3.94382240e-06 
 2.51188643e+01  3.90444230e-06 
 2.57039578e+01  3.86545960e-06 
 2.63026799e+01  3.82687025e-06 
 2.69153480e+01  3.78867022e-06 
 2.75422870e+01  3.75085554e-06 
 2.81838293e+01  3.71342227e-06 
 2.88403150e+01  3.67636652e-06 
 2.95120923e+01  3.63968443e-06 
 3.01995172e+01  3.60337219e-06 
 3.09029543e+01  3.56742603e-06 
 3.16227766e+01  3.53184220e-06 
 3.23593657e+01  3.49661701e-06 
 3.31131121e+01  3.46174680e-06 
 3.38844156e+01  3.42722795e-06 
 3.46736850e+01  3.39305688e-06 
 3.54813389e+01  3.35923004e-06 
 3.63078055e+01  3.32574392e-06 
 3.71535229e+01  3.29259504e-06 
 3.80189396e+01  3.25977997e-06 
 3.89045145e+01  3.22729531e-06 
 3.98107171e+01  3.19513769e-06 
 4.07380278e+01  3.16330377e-06 
 4.16869383e+01  3.13179027e-06 
 4.26579519e+01  3.10059391e-06 
 4.36515832e+01  3.06971146e-06 
 4.46683592e+01  3.03913973e-06 
 4.57088190e+01  3.00887556e-06 
 4.67735141e+01  2.97891581e-06 
 4.78630092e+01  2.94925739e-06 
 4.89778819e+01  2.91989722e-06 
 5.01187234e+01  2.89083228e-06 
 5.12861384e+01  2.86205956e-06 
 5.24807460e+01  2.83357609e-06 
 5.37031796e+01  2.80537892e-06 
 5.49540874e+01  2.77746514e-06 
 5.62341325e+01  2.74983188e-06 
 5.75439937e+01  2.72247628e-06 
 5.88843655e+01  2.69539551e-06 
 6.02559586e+01  2.66858678e-06 
 6.16595002e+01  2.64204734e-06 
 6.30957344e+01  2.61577443e-06 
 6.45654229e+01  2.58976536e-06 
 6.60693448e+01  2.56401745e-06 
 6.76082975e+01  2.53852804e-06 
 6.91830971e+01  2.51329450e-06 
 7.07945784e+01  2.48831424e-06 
 7.24435960e+01  2.46358469e-06 
 7.41310241e+01  2.43910329e-06 
 7.58577575e+01  2.41486755e-06 
 7.76247117e+01  2.39087495e-06 
 7.94328235e+01  2.36712303e-06 
 8.12830516e+01  2.34360935e-06 
 8.31763771e+01  2.32033150e-06 
 8.51138038e+01  2.29728708e-06 
 8.70963590e+01  2.27447372e-06 
 8.91250938e+01  2.25188909e-06 
 9.12010839e+01  2.22953085e-06 
 9.33254301e+01  2.20739673e-06 
 9.54992586e+01  2.18548444e-06 
 9.77237221e+01  2.16379174e-06 
 1.00000000e+02  2.14231640e-06 
 1.02329299e+02  2.12105622e-06 
 1.04712855e+02  2.10000902e-06 
 1.07151931e+02  2.07917264e-06 
 1.09647820e+02  2.05854496e-06 
 1.12201845e+02  2.03812384e-06 
 1.14815362e+02  2.01790721e-06 
 1.17489755e+02  1.99789300e-06 
 1.20226443e+02  1.97807915e-06 
 1.23026877e+02  1.95846363e-06 
 1.25892541e+02  1.93904445e-06 
 1.28824955e+02  1.91981960e-06 
 1.31825674e+02  1.90078714e-06 
 1.34896288e+02  1.88194510e-06 
 1.38038426e+02  1.86329158e-06 
 1.41253754e+02  1.84482465e-06 
 1.44543977e+02  1.82654243e-06 
 1.47910839e+02  1.80844306e-06 
 1.51356125e+02  1.79052468e-06 
 1.54881662e+02  1.77278547e-06 
 1.58489319e+02  1.75522362e-06 
 1.62181010e+02  1.73783733e-06 
 1.65958691e+02  1.72062484e-06 
 1.69824365e+02  1.70358438e-06 
 1.73780083e+02  1.68671421e-06 
 1.77827941e+02  1.67001263e-06 
 1.81970086e+02  1.65347792e-06 
 1.86208714e+02  1.63710840e-06 
 1.90546072e+02  1.62090240e-06 
 1.94984460e+02  1.60485828e-06 
 1.99526231e+02  1.58897440e-06 
 2.04173794e+02  1.57324913e-06 
 2.08929613e+02  1.55768089e-06 
 2.13796209e+02  1.54226809e-06 
 2.18776162e+02  1.52700916e-06 
 2.23872114e+02  1.51190255e-06 
 2.29086765e+02  1.49694671e-06 
 2.34422882e+02  1.48214014e-06 
 2.39883292e+02  1.46748133e-06 
 2.45470892e+02  1.45296878e-06 
 2.51188643e+02  1.43860103e-06 
 2.57039578e+02  1.42437661e-06 
 2.63026799e+02  1.41029408e-06 
 2.69153480e+02  1.39635201e-06 
 2.75422870e+02  1.38254899e-06 
 2.81838293e+02  1.36888361e-06 
 2.88403150e+02  1.35535449e-06 
 2.95120923e+02  1.34196026e-06 
 3.01995172e+02  1.32869955e-06 
 3.09029543e+02  1.31557103e-06 
 3.16227766e+02  1.30257337e-06 
 3.23593657e+02  1.28970524e-06 
 3.31131121e+02  1.27696534e-06 
 3.38844156e+02  1.26435238e-06 
 3.46736850e+02  1.25186509e-06 
 3.54813389e+02  1.23950221e-06 
 3.63078055e+02  1.22726247e-06 
 3.71535229e+02  1.21514465e-06 
 3.80189396e+02  1.20314751e-06 
 3.89045145e+02  1.19126984e-06 
 3.98107171e+02  1.17951045e-06 
 4.07380278e+02  1.16786813e-06 
 4.16869383e+02  1.15634173e-06 
 4.26579519e+02  1.14493006e-06 
 4.36515832e+02  1.13363199e-06 
 4.46683592e+02  1.12244636e-06 
 4.57088190e+02  1.11137205e-06 
 4.67735141e+02  1.10040794e-06 
 4.78630092e+02  1.08955292e-06 
 4.89778819e+02  1.07880590e-06 
 5.01187234e+02  1.06816579e-06 
 5.12861384e+02  1.05763152e-06 
 5.24807460e+02  1.04720203e-06 
 5.37031796e+02  1.03687627e-06 
 5.49540874e+02  1.02665319e-06 
 5.62341325e+02  1.01653177e-06 
 5.75439937e+02  1.00651098e-06 
 5.88843655e+02  9.96589813e-07 
 6.02559586e+02  9.86767276e-07 
 6.16595002e+02  9.77042375e-07 
 6.30957344e+02  9.67414133e-07 
 6.45654229e+02  9.57881581e-07 
 6.60693448e+02  9.48443757e-07 
 6.76082975e+02  9.39099714e-07 
 6.91830971e+02  9.29848512e-07 
 7.07945784e+02  9.20689219e-07 
 7.24435960e+02  9.11620916e-07 
 7.41310241e+02  9.02642689e-07 
 7.58577575e+02  8.93753639e-07 
 7.76247117e+02  8.84952870e-07 
 7.94328235e+02  8.76239498e-07 
 8.12830516e+02  8.67612650e-07 
 8.31763771e+02  8.59071458e-07 
 8.51138038e+02  8.50615065e-07 
 8.70963590e+02  8.42242622e-07 
 8.91250938e+02  8.33953288e-07 
 9.12010839e+02  8.25746233e-07 
 9.33254301e+02  8.17620633e-07 
 9.54992586e+02  8.09575673e-07 
 9.77237221e+02  8.01610546e-07 
 1.00000000e+03  7.93724454e-07 
 1.02329299e+03  7.85916606e-07 
 1.04712855e+03  7.78186220e-07 
 1.07151931e+03  7.70532521e-07 
 1.09647820e+03  7.62954743e-07 
 1.12201845e+03  7.55452127e-07 
 1.14815362e+03  7.48023922e-07 
 1.17489755e+03  7.40669383e-07 
 1.20226443e+03  7.33387776e-07 
 1.23026877e+03  7.26178371e-07 
 1.25892541e+03  7.19040446e-07 
 1.28824955e+03  7.11973289e-07 
 1.31825674e+03  7.04976192e-07 
 1.34896288e+03  6.98048455e-07 
 1.38038426e+03  6.91189387e-07 
 1.41253754e+03  6.84398301e-07 
 1.44543977e+03  6.77674519e-07 
 1.47910839e+03  6.71017368e-07 
 1.51356125e+03  6.64426186e-07 
 1.54881662e+03  6.57900312e-07 
 1.58489319e+03  6.51439095e-07 
 1.62181010e+03  6.45041891e-07 
 1.65958691e+03  6.38708060e-07 
 1.69824365e+03  6.32436971e-07 
 1.73780083e+03  6.26227998e-07 
 1.77827941e+03  6.20080522e-07 
 1.81970086e+03  6.13993930e-07 
 1.86208714e+03  6.07967614e-07 
 1.90546072e+03  6.02000974e-07 
 1.94984460e+03  5.96093416e-07 
 1.99526231e+03  5.90244349e-07 
 2.04173794e+03  5.84453193e-07 
 2.08929613e+03  5.78719369e-07 
 2.13796209e+03  5.73042307e-07 
 2.18776162e+03  5.67421442e-07 
 2.23872114e+03  5.61856213e-07 
 2.29086765e+03  5.56346067e-07 
 2.34422882e+03  5.50890456e-07 
 2.39883292e+03  5.45488836e-07 
 2.45470892e+03  5.40140670e-07 
 2.51188643e+03  5.34845427e-07 
 2.57039578e+03  5.29602579e-07 
 2.63026799e+03  5.24411606e-07 
 2.69153480e+03  5.19271991e-07 
 2.75422870e+03  5.14183223e-07 
 2.81838293e+03  5.09144797e-07 
 2.88403150e+03  5.04156213e-07 
 2.95120923e+03  4.99216974e-07 
 3.01995172e+03  4.94326590e-07 
 3.09029543e+03  4.89484575e-07 
 3.16227766e+03  4.84690450e-07 
 3.23593657e+03  4.79943737e-07 
 3.31131121e+03  4.75243966e-07 
 3.38844156e+03  4.70590670e-07 
 3.46736850e+03  4.65983388e-07 
 3.54813389e+03  4.61421663e-07 
 3.63078055e+03  4.56905041e-07 
 3.71535229e+03  4.52433077e-07 
 3.80189396e+03  4.48005325e-07 
 3.89045145e+03  4.43621348e-07 
 3.98107171e+03  4.39280711e-07 
 4.07380278e+03  4.34982983e-07 
 4.16869383e+03  4.30727739e-07 
 4.26579519e+03  4.26514557e-07 
 4.36515832e+03  4.22343021e-07 
 4.46683592e+03  4.18212716e-07 
 4.57088190e+03  4.14123235e-07 
 4.67735141e+03  4.10074172e-07 
 4.78630092e+03  4.06065127e-07 
 4.89778819e+03  4.02095703e-07 
 5.01187234e+03  3.98165507e-07 
 5.12861384e+03  3.94274151e-07 
 5.24807460e+03  3.90421249e-07 
 5.37031796e+03  3.86606421e-07 
 5.49540874e+03  3.82829290e-07 
 5.62341325e+03  3.79089482e-07 
 5.75439937e+03  3.75386627e-07 
 5.88843655e+03  3.71720360e-07 
 6.02559586e+03  3.68090319e-07 
 6.16595002e+03  3.64496145e-07 
 6.30957344e+03  3.60937482e-07 
 6.45654229e+03  3.57413981e-07 
 6.60693448e+03  3.53925292e-07 
 6.76082975e+03  3.50471071e-07 
 6.91830971e+03  3.47050978e-07 
 7.07945784e+03  3.43664674e-07 
 7.24435960e+03  3.40311827e-07 
 7.41310241e+03  3.36992104e-07 
 7.58577575e+03  3.33705179e-07 
 7.76247117e+03  3.30450728e-07 
 7.94328235e+03  3.27228429e-07 
 8.12830516e+03  3.24037965e-07 
 8.31763771e+03  3.20879022e-07 
 8.51138038e+03  3.17751287e-07 
 8.70963590e+03  3.14654454e-07 
 8.91250938e+03  3.11588217e-07 
 9.12010839e+03  3.08552273e-07 
 9.33254301e+03  3.05546324e-07 
 9.54992586e+03  3.02570074e-07 
 9.77237221e+03  2.99623230e-07 
 1.00000000e+04  2.96705501e-07 
 1.02329299e+04  2.93816601e-07 
 1.04712855e+04  2.90956245e-07 
 1.07151931e+04  2.88124152e-07 
 1.09647820e+04  2.85320044e-07 
 1.12201845e+04  2.82543643e-07 
 1.14815362e+04  2.79794678e-07 
 1.17489755e+04  2.77072877e-07 
 1.20226443e+04  2.74377974e-07 
 1.23026877e+04  2.71709704e-07 
 1.25892541e+04  2.69067804e-07 
 1.28824955e+04  2.66452014e-07 
 1.31825674e+04  2.63862078e-07 
 1.34896288e+04  2.61297740e-07 
 1.38038426e+04  2.58758750e-07 
 1.41253754e+04  2.56244858e-07 
 1.44543977e+04  2.53755817e-07 
 1.47910839e+04  2.51291382e-07 
 1.51356125e+04  2.48851312e-07 
 1.54881662e+04  2.46435368e-07 
 1.58489319e+04  2.44043311e-07 
 1.62181010e+04  2.41674907e-07 
 1.65958691e+04  2.39329925e-07 
 1.69824365e+04  2.37008133e-07 
 1.73780083e+04  2.34709304e-07 
 1.77827941e+04  2.32433213e-07 
 1.81970086e+04  2.30179637e-07 
 1.86208714e+04  2.27948354e-07 
 1.90546072e+04  2.25739146e-07 
 1.94984460e+04  2.23551797e-07 
 1.99526231e+04  2.21386091e-07 
 2.04173794e+04  2.19241817e-07 
 2.08929613e+04  2.17118765e-07 
 2.13796209e+04  2.15016726e-07 
 2.18776162e+04  2.12935495e-07 
 2.23872114e+04  2.10874868e-07 
 2.29086765e+04  2.08834644e-07 
 2.34422882e+04  2.06814621e-07 
 2.39883292e+04  2.04814604e-07 
 2.45470892e+04  2.02834395e-07 
 2.51188643e+04  2.00873802e-07 
 2.57039578e+04  1.98932631e-07 
 2.63026799e+04  1.97010694e-07 
 2.69153480e+04  1.95107803e-07 
 2.75422870e+04  1.93223770e-07 
 2.81838293e+04  1.91358412e-07 
 2.88403150e+04  1.89511547e-07 
 2.95120923e+04  1.87682994e-07 
 3.01995172e+04  1.85872574e-07 
 3.09029543e+04  1.84080110e-07 
 3.16227766e+04  1.82305427e-07 
 3.23593657e+04  1.80548351e-07 
 3.31131121e+04  1.78808711e-07 
 3.38844156e+04  1.77086337e-07 
 3.46736850e+04  1.75381061e-07 
 3.54813389e+04  1.73692716e-07 
 3.63078055e+04  1.72021136e-07 
 3.71535229e+04  1.70366160e-07 
 3.80189396e+04  1.68727624e-07 
 3.89045145e+04  1.67105370e-07 
 3.98107171e+04  1.65499238e-07 
 4.07380278e+04  1.63909073e-07 
 4.16869383e+04  1.62334718e-07 
 4.26579519e+04  1.60776021e-07 
 4.36515832e+04  1.59232829e-07 
 4.46683592e+04  1.57704991e-07 
 4.57088190e+04  1.56192358e-07 
 4.67735141e+04  1.54694783e-07 
 4.78630092e+04  1.53212120e-07 
 4.89778819e+04  1.51744225e-07 
 5.01187234e+04  1.50290953e-07 
 5.12861384e+04  1.48852163e-07 
 5.24807460e+04  1.47427715e-07 
 5.37031796e+04  1.46017471e-07 
 5.49540874e+04  1.44621291e-07 
 5.62341325e+04  1.43239042e-07 
 5.75439937e+04  1.41870587e-07 
 5.88843655e+04  1.40515793e-07 
 6.02559586e+04  1.39174529e-07 
 6.16595002e+04  1.37846663e-07 
 6.30957344e+04  1.36532067e-07 
 6.45654229e+04  1.35230611e-07 
 6.60693448e+04  1.33942170e-07 
 6.76082975e+04  1.32666617e-07 
 6.91830971e+04  1.31403829e-07 
 7.07945784e+04  1.30153683e-07 
 7.24435960e+04  1.28916056e-07 
 7.41310241e+04  1.27690829e-07 
 7.58577575e+04  1.26477881e-07 
 7.76247117e+04  1.25277095e-07 
 7.94328235e+04  1.24088354e-07 
 8.12830516e+04  1.22911541e-07 
 8.31763771e+04  1.21746543e-07 
 8.51138038e+04  1.20593246e-07 
 8.70963590e+04  1.19451538e-07 
 8.91250938e+04  1.18321307e-07 
 9.12010839e+04  1.17202444e-07 
 9.33254301e+04  1.16094839e-07 
 9.54992586e+04  1.14998385e-07 
 9.77237221e+04  1.13912975e-07 
 1.00000000e+05  1.12838503e-07 
 1.02329299e+05  1.11774865e-07 
 1.04712855e+05  1.10721957e-07 
 1.07151931e+05  1.09679677e-07 
 1.09647820e+05  1.08647922e-07 
 1.12201845e+05  1.07626594e-07 
 1.14815362e+05  1.06615591e-07 
 1.17489755e+05  1.05614817e-07 
 1.20226443e+05  1.04624172e-07 
 1.23026877e+05  1.03643562e-07 
 1.25892541e+05  1.02672890e-07 
 1.28824955e+05  1.01712062e-07 
 1.31825674e+05  1.00760985e-07 
 1.34896288e+05  9.98195649e-08 
 1.38038426e+05  9.88877111e-08 
 1.41253754e+05  9.79653325e-08 
 1.44543977e+05  9.70523394e-08 
 1.47910839e+05  9.61486428e-08 
 1.51356125e+05  9.52541546e-08 
 1.54881662e+05  9.43687877e-08 
 1.58489319e+05  9.34924559e-08 
 1.62181010e+05  9.26250736e-08 
 1.65958691e+05  9.17665565e-08 
 1.69824365e+05  9.09168207e-08 
 1.73780083e+05  9.00757834e-08 
 1.77827941e+05  8.92433627e-08 
 1.81970086e+05  8.84194773e-08 
 1.86208714e+05  8.76040469e-08 
 1.90546072e+05  8.67969919e-08 
 1.94984460e+05  8.59982336e-08 
 1.99526231e+05  8.52076939e-08 
 2.04173794e+05  8.44252958e-08 
 2.08929613e+05  8.36509629e-08 
 2.13796209e+05  8.28846194e-08 
 2.18776162e+05  8.21261905e-08 
 2.23872114e+05  8.13756022e-08 
 2.29086765e+05  8.06327809e-08 
 2.34422882e+05  7.98976542e-08 
 2.39883292e+05  7.91701501e-08 
 2.45470892e+05  7.84501975e-08 
 2.51188643e+05  7.77377257e-08 
 2.57039578e+05  7.70326652e-08 
 2.63026799e+05  7.63349468e-08 
 2.69153480e+05  7.56445022e-08 
 2.75422870e+05  7.49612636e-08 
 2.81838293e+05  7.42851642e-08 
 2.88403150e+05  7.36161374e-08 
 2.95120923e+05  7.29541178e-08 
 3.01995172e+05  7.22990401e-08 
 3.09029543e+05  7.16508402e-08 
 3.16227766e+05  7.10094542e-08 
 3.23593657e+05  7.03748191e-08 
 3.31131121e+05  6.97468724e-08 
 3.38844156e+05  6.91255523e-08 
 3.46736850e+05  6.85107975e-08 
 3.54813389e+05  6.79025474e-08 
 3.63078055e+05  6.73007420e-08 
 3.71535229e+05  6.67053219e-08 
 3.80189396e+05  6.61162282e-08 
 3.89045145e+05  6.55334027e-08 
 3.98107171e+05  6.49567877e-08 
 4.07380278e+05  6.43863260e-08 
 4.16869383e+05  6.38219613e-08 
 4.26579519e+05  6.32636373e-08 
 4.36515832e+05  6.27112988e-08 
 4.46683592e+05  6.21648907e-08 
 4.57088190e+05  6.16243588e-08 
 4.67735141e+05  6.10896491e-08 
 4.78630092e+05  6.05607084e-08 
 4.89778819e+05  6.00374840e-08 
 5.01187234e+05  5.95199234e-08 
 5.12861384e+05  5.90079749e-08 
 5.24807460e+05  5.85015872e-08 
 5.37031796e+05  5.80007097e-08 
 5.49540874e+05  5.75052919e-08 
 5.62341325e+05  5.70152840e-08 
 5.75439937e+05  5.65306368e-08 
 5.88843655e+05  5.60513013e-08 
 6.02559586e+05  5.55772292e-08 
 6.16595002e+05  5.51083725e-08 
 6.30957344e+05  5.46446838e-08 
 6.45654229e+05  5.41861159e-08 
 6.60693448e+05  5.37326223e-08 
 6.76082975e+05  5.32841569e-08 
 6.91830971e+05  5.28406739e-08 
 7.07945784e+05  5.24021280e-08 
 7.24435960e+05  5.19684743e-08 
 7.41310241e+05  5.15396684e-08 
 7.58577575e+05  5.11156662e-08 
 7.76247117e+05  5.06964240e-08 
 7.94328235e+05  5.02818987e-08 
 8.12830516e+05  4.98720472e-08 
 8.31763771e+05  4.94668273e-08 
 8.51138038e+05  4.90661967e-08 
 8.70963590e+05  4.86701138e-08 
 8.91250938e+05  4.82785373e-08 
 9.12010839e+05  4.78914261e-08 
 9.33254301e+05  4.75087397e-08 
 9.54992586e+05  4.71304379e-08 
 9.77237221e+05  4.67564806e-08 
 1.00000000e+06  4.63868285e-08 
 1.02329299e+06  4.60214422e-08 
 1.04712855e+06  4.56602830e-08 
 1.07151931e+06  4.53033123e-08 
 1.09647820e+06  4.49504919e-08 
 1.12201845e+06  4.46017840e-08 
 1.14815362e+06  4.42571509e-08 
 1.17489755e+06  4.39165555e-08 
 1.20226443e+06  4.35799608e-08 
 1.23026877e+06  4.32473303e-08 
 1.25892541e+06  4.29186275e-08 
 1.28824955e+06  4.25938165e-08 
 1.31825674e+06  4.22728616e-08 
 1.34896288e+06  4.19557273e-08 
 1.38038426e+06  4.16423784e-08 
 1.41253754e+06  4.13327802e-08 
 1.44543977e+06  4.10268979e-08 
 1.47910839e+06  4.07246974e-08 
 1.51356125e+06  4.04261445e-08 
 1.54881662e+06  4.01312054e-08 
 1.58489319e+06  3.98398467e-08 
 1.62181010e+06  3.95520350e-08 
 1.65958691e+06  3.92677373e-08 
 1.69824365e+06  3.89869210e-08 
 1.73780083e+06  3.87095534e-08 
 1.77827941e+06  3.84356022e-08 
 1.81970086e+06  3.81650355e-08 
 1.86208714e+06  3.78978214e-08 
 1.90546072e+06  3.76339284e-08 
 1.94984460e+06  3.73733251e-08 
 1.99526231e+06  3.71159804e-08 
 2.04173794e+06  3.68618634e-08 
 2.08929613e+06  3.66109433e-08 
 2.13796209e+06  3.63631898e-08 
 2.18776162e+06  3.61185726e-08 
 2.23872114e+06  3.58770617e-08 
 2.29086765e+06  3.56386271e-08 
 2.34422882e+06  3.54032394e-08 
 2.39883292e+06  3.51708689e-08 
 2.45470892e+06  3.49414866e-08 
 2.51188643e+06  3.47150633e-08 
 2.57039578e+06  3.44915702e-08 
 2.63026799e+06  3.42709787e-08 
 2.69153480e+06  3.40532603e-08 
 2.75422870e+06  3.38383866e-08 
 2.81838293e+06  3.36263297e-08 
 2.88403150e+06  3.34170615e-08 
 2.95120923e+06  3.32105544e-08 
 3.01995172e+06  3.30067807e-08 
 3.09029543e+06  3.28057132e-08 
 3.16227766e+06  3.26073245e-08 
 3.23593657e+06  3.24115876e-08 
 3.31131121e+06  3.22184756e-08 
 3.38844156e+06  3.20279619e-08 
 3.46736850e+06  3.18400199e-08 
 3.54813389e+06  3.16546232e-08 
 3.63078055e+06  3.14717455e-08 
 3.71535229e+06  3.12913610e-08 
 3.80189396e+06  3.11134436e-08 
 3.89045145e+06  3.09379675e-08 
 3.98107171e+06  3.07649074e-08 
 4.07380278e+06  3.05942376e-08 
 4.16869383e+06  3.04259330e-08 
 4.26579519e+06  3.02599685e-08 
 4.36515832e+06  3.00963190e-08 
 4.46683592e+06  2.99349598e-08 
 4.57088190e+06  2.97758663e-08 
 4.67735141e+06  2.96190138e-08 
 4.78630092e+06  2.94643782e-08 
 4.89778819e+06  2.93119352e-08 
 5.01187234e+06  2.91616607e-08 
 5.12861384e+06  2.90135308e-08 
 5.24807460e+06  2.88675218e-08 
 5.37031796e+06  2.87236101e-08 
 5.49540874e+06  2.85817722e-08 
 5.62341325e+06  2.84419849e-08 
 5.75439937e+06  2.83042249e-08 
 5.88843655e+06  2.81684692e-08 
 6.02559586e+06  2.80346950e-08 
 6.16595002e+06  2.79028796e-08 
 6.30957344e+06  2.77730004e-08 
 6.45654229e+06  2.76450350e-08 
 6.60693448e+06  2.75189611e-08 
 6.76082975e+06  2.73947565e-08 
 6.91830971e+06  2.72723993e-08 
 7.07945784e+06  2.71518677e-08 
 7.24435960e+06  2.70331400e-08 
 7.41310241e+06  2.69161946e-08 
 7.58577575e+06  2.68010101e-08 
 7.76247117e+06  2.66875654e-08 
 7.94328235e+06  2.65758392e-08 
 8.12830516e+06  2.64658108e-08 
 8.31763771e+06  2.63574592e-08 
 8.51138038e+06  2.62507639e-08 
 8.70963590e+06  2.61457043e-08 
 8.91250938e+06  2.60422601e-08 
 9.12010839e+06  2.59404112e-08 
 9.33254301e+06  2.58401375e-08 
 9.54992586e+06  2.57414191e-08 
 9.77237221e+06  2.56442362e-08 
 1.00000000e+07  2.55485694e-08 
 1.02329299e+07  2.54543992e-08 
 1.04712855e+07  2.53617062e-08 
 1.07151931e+07  2.52704715e-08 
 1.09647820e+07  2.51806760e-08 
 1.12201845e+07  2.50923009e-08 
 1.14815362e+07  2.50053276e-08 
 1.17489755e+07  2.49197376e-08 
 1.20226443e+07  2.48355126e-08 
 1.23026877e+07  2.47526343e-08 
 1.25892541e+07  2.46710848e-08 
 1.28824955e+07  2.45908462e-08 
 1.31825674e+07  2.45119008e-08 
 1.34896288e+07  2.44342311e-08 
 1.38038426e+07  2.43578196e-08 
 1.41253754e+07  2.42826492e-08 
 1.44543977e+07  2.42087028e-08 
 1.47910839e+07  2.41359634e-08 
 1.51356125e+07  2.40644143e-08 
 1.54881662e+07  2.39940391e-08 
 1.58489319e+07  2.39248211e-08 
 1.62181010e+07  2.38567442e-08 
 1.65958691e+07  2.37897923e-08 
 1.69824365e+07  2.37239494e-08 
 1.73780083e+07  2.36591997e-08 
 1.77827941e+07  2.35955277e-08 
 1.81970086e+07  2.35329178e-08 
 1.86208714e+07  2.34713549e-08 
 1.90546072e+07  2.34108237e-08 
 1.94984460e+07  2.33513094e-08 
 1.99526231e+07  2.32927970e-08 
 2.04173794e+07  2.32352720e-08 
 2.08929613e+07  2.31787198e-08 
 2.13796209e+07  2.31231262e-08 
 2.18776162e+07  2.30684770e-08 
 2.23872114e+07  2.30147583e-08 
 2.29086765e+07  2.29619561e-08 
 2.34422882e+07  2.29100568e-08 
 2.39883292e+07  2.28590469e-08 
 2.45470892e+07  2.28089131e-08 
 2.51188643e+07  2.27596421e-08 
 2.57039578e+07  2.27112210e-08 
 2.63026799e+07  2.26636368e-08 
 2.69153480e+07  2.26168770e-08 
 2.75422870e+07  2.25709288e-08 
 2.81838293e+07  2.25257800e-08 
 2.88403150e+07  2.24814183e-08 
 2.95120923e+07  2.24378316e-08 
 3.01995172e+07  2.23950081e-08 
 3.09029543e+07  2.23529360e-08 
 3.16227766e+07  2.23116036e-08 
 3.23593657e+07  2.22709996e-08 
 3.31131121e+07  2.22311127e-08 
 3.38844156e+07  2.21919317e-08 
 3.46736850e+07  2.21534458e-08 
 3.54813389e+07  2.21156440e-08 
 3.63078055e+07  2.20785157e-08 
 3.71535229e+07  2.20420504e-08 
 3.80189396e+07  2.20062378e-08 
 3.89045145e+07  2.19710677e-08 
 3.98107171e+07  2.19365301e-08 
 4.07380278e+07  2.19026150e-08 
 4.16869383e+07  2.18693127e-08 
 4.26579519e+07  2.18366137e-08 
 4.36515832e+07  2.18045085e-08 
 4.46683592e+07  2.17729878e-08 
 4.57088190e+07  2.17420426e-08 
 4.67735141e+07  2.17116638e-08 
 4.78630092e+07  2.16818426e-08 
 4.89778819e+07  2.16525704e-08 
 5.01187234e+07  2.16238386e-08 
 5.12861384e+07  2.15956388e-08 
 5.24807460e+07  2.15679629e-08 
 5.37031796e+07  2.15408028e-08 
 5.49540874e+07  2.15141505e-08 
 5.62341325e+07  2.14879982e-08 
 5.75439937e+07  2.14623384e-08 
 5.88843655e+07  2.14371635e-08 
 6.02559586e+07  2.14124663e-08 
 6.16595002e+07  2.13882396e-08 
 6.30957344e+07  2.13644762e-08 
 6.45654229e+07  2.13411695e-08 
 6.60693448e+07  2.13183126e-08 
 6.76082975e+07  2.12958989e-08 
 6.91830971e+07  2.12739221e-08 
 7.07945784e+07  2.12523758e-08 
 7.24435960e+07  2.12312539e-08 
 7.41310241e+07  2.12105506e-08 
 7.58577575e+07  2.11902599e-08 
 7.76247117e+07  2.11703761e-08 
 7.94328235e+07  2.11508939e-08 
 8.12830516e+07  2.11318078e-08 
 8.31763771e+07  2.11131126e-08 
 8.51138038e+07  2.10948034e-08 
 8.70963590e+07  2.10768751e-08 
 8.91250938e+07  2.10593232e-08 
 9.12010839e+07  2.10421431e-08 
 9.33254301e+07  2.10253303e-08 
 9.54992586e+07  2.10088807e-08 
 9.77237221e+07  2.09927901e-08 
 1.00000000e+08  2.09770548e-08 
 1.02329299e+08  2.09616709e-08 
 1.04712855e+08  2.09466351e-08 
 1.07151931e+08  2.09319438e-08 
 1.09647820e+08  2.09175939e-08 
 1.12201845e+08  2.09035824e-08 
 1.14815362e+08  2.08899065e-08 
 1.17489755e+08  2.08765635e-08 
 1.20226443e+08  2.08635511e-08 
 1.23026877e+08  2.08508669e-08 
 1.25892541e+08  2.08385090e-08 
 1.28824955e+08  2.08264754e-08 
 1.31825674e+08  2.08147646e-08 
 1.34896288e+08  2.08033751e-08 
 1.38038426e+08  2.07923057e-08 
 1.41253754e+08  2.07815554e-08 
 1.44543977e+08  2.07711235e-08 
 1.47910839e+08  2.07610093e-08 
 1.51356125e+08  2.07512127e-08 
 1.54881662e+08  2.07417335e-08 
 1.58489319e+08  2.07325719e-08 
 1.62181010e+08  2.07237284e-08 
 1.65958691e+08  2.07152036e-08 
 1.69824365e+08  2.07069986e-08 
 1.73780083e+08  2.06991144e-08 
 1.77827941e+08  2.06915528e-08 
 1.81970086e+08  2.06843153e-08 
 1.86208714e+08  2.06774042e-08 
 1.90546072e+08  2.06708218e-08 
 1.94984460e+08  2.06645708e-08 
 1.99526231e+08  2.06586543e-08 
 2.04173794e+08  2.06530755e-08 
 2.08929613e+08  2.06478382e-08 
 2.13796209e+08  2.06429463e-08 
 2.18776162e+08  2.06384043e-08 
 2.23872114e+08  2.06342168e-08 
 2.29086765e+08  2.06303889e-08 
 2.34422882e+08  2.06269262e-08 
 2.39883292e+08  2.06238346e-08 
 2.45470892e+08  2.06211201e-08 
 2.51188643e+08  2.06187896e-08 
 2.57039578e+08  2.06168502e-08 
 2.63026799e+08  2.06153092e-08 
 2.69153480e+08  2.06141748e-08 
 2.75422870e+08  2.06134552e-08 
 2.81838293e+08  2.06131594e-08 
 2.88403150e+08  2.06132966e-08 
 2.95120923e+08  2.06138767e-08 
 3.01995172e+08  2.06149099e-08 
 3.09029543e+08  2.06164069e-08 
 3.16227766e+08  2.06183790e-08 
 3.23593657e+08  2.06208379e-08 
 3.31131121e+08  2.06237960e-08 
 3.38844156e+08  2.06272659e-08 
 3.46736850e+08  2.06312609e-08 
 3.54813389e+08  2.06357949e-08 
 3.63078055e+08  2.06408821e-08 
 3.71535229e+08  2.06465374e-08 
 3.80189396e+08  2.06527761e-08 
 3.89045145e+08  2.06596141e-08 
 3.98107171e+08  2.06670678e-08 
 4.07380278e+08  2.06751540e-08 
 4.16869383e+08  2.06838901e-08 
 4.26579519e+08  2.06932939e-08 
 4.36515832e+08  2.07033838e-08 
 4.46683592e+08  2.07141785e-08 
 4.57088190e+08  2.07256971e-08 
 4.67735141e+08  2.07379593e-08 
 4.78630092e+08  2.07509849e-08 
 4.89778819e+08  2.07647944e-08 
 5.01187234e+08  2.07794081e-08 
 5.12861384e+08  2.07948471e-08 
 5.24807460e+08  2.08111323e-08 
 5.37031796e+08  2.08282849e-08 
 5.49540874e+08  2.08463264e-08 
 5.62341325e+08  2.08652779e-08 
 5.75439937e+08  2.08851610e-08 
 5.88843655e+08  2.09059968e-08 
 6.02559586e+08  2.09278065e-08 
 6.16595002e+08  2.09506107e-08 
 6.30957344e+08  2.09744299e-08 
 6.45654229e+08  2.09992841e-08 
 6.60693448e+08  2.10251928e-08 
 6.76082975e+08  2.10521745e-08 
 6.91830971e+08  2.10802473e-08 
 7.07945784e+08  2.11094282e-08 
 7.24435960e+08  2.11397329e-08 
 7.41310241e+08  2.11711763e-08 
 7.58577575e+08  2.12037717e-08 
 7.76247117e+08  2.12375308e-08 
 7.94328235e+08  2.12724638e-08 
 8.12830516e+08  2.13085789e-08 
 8.31763771e+08  2.13458825e-08 
 8.51138038e+08  2.13843785e-08 
 8.70963590e+08  2.14240685e-08 
 8.91250938e+08  2.14649518e-08 
 9.12010839e+08  2.15070245e-08 
 9.33254301e+08  2.15502799e-08 
 9.54992586e+08  2.15947083e-08 
 9.77237221e+08  2.16402965e-08 
 1.00000000e+09  2.16870277e-08 
