 1.00000000e+00 -2.96202120e-04 
 1.25892541e+00 -3.72896375e-04 
 1.58489319e+00 -4.69448723e-04 
 1.99526231e+00 -5.91000927e-04 
 2.51188643e+00 -7.44026085e-04 
 3.16227766e+00 -9.36673346e-04 
 3.98107171e+00 -1.17920188e-03 
 5.01187234e+00 -1.48452721e-03 
 6.30957344e+00 -1.86890903e-03 
 7.94328235e+00 -2.35281707e-03 
 1.00000000e+01 -2.96202119e-03 
 1.25892541e+01 -3.72896375e-03 
 1.58489319e+01 -4.69448722e-03 
 1.99526231e+01 -5.91000925e-03 
 2.51188643e+01 -7.44026081e-03 
 3.16227766e+01 -9.36673337e-03 
 3.98107171e+01 -1.17920186e-02 
 5.01187234e+01 -1.48452718e-02 
 6.30957344e+01 -1.86890896e-02 
 7.94328235e+01 -2.35281694e-02 
 1.00000000e+02 -2.96202093e-02 
 1.25892541e+02 -3.72896323e-02 
 1.58489319e+02 -4.69448618e-02 
 1.99526231e+02 -5.91000717e-02 
 2.51188643e+02 -7.44025667e-02 
 3.16227766e+02 -9.36672512e-02 
 3.98107171e+02 -1.17920021e-01 
 5.01187234e+02 -1.48452389e-01 
 6.30957344e+02 -1.86890240e-01 
 7.94328235e+02 -2.35280385e-01 
 1.00000000e+03 -2.96199482e-01 
 1.25892541e+03 -3.72891112e-01 
 1.58489319e+03 -4.69438222e-01 
 1.99526231e+03 -5.90979974e-01 
 2.51188643e+03 -7.43984281e-01 
 3.16227766e+03 -9.36589940e-01 
 3.98107171e+03 -1.17903548e+00 
 5.01187234e+03 -1.48419525e+00 
 6.30957344e+03 -1.86824683e+00 
 7.94328235e+03 -2.35149631e+00 
 1.00000000e+04 -2.95938748e+00 
 1.25892541e+04 -3.72371372e+00 
 1.58489319e+04 -4.68402751e+00 
 1.99526231e+04 -5.88918814e+00 
 2.51188643e+04 -7.39887031e+00 
 3.16227766e+04 -9.28462705e+00 
 3.98107171e+04 -1.16296817e+01 
 5.01187234e+04 -1.45259403e+01 
 6.30957344e+04 -1.80657943e+01 
 7.94328235e+04 -2.23255620e+01 
 1.00000000e+05 -2.73382603e+01 
 1.25892541e+05 -3.30583048e+01 
 1.58489319e+05 -3.93311629e+01 
 1.99526231e+05 -4.58912355e+01 
 2.51188643e+05 -5.24057449e+01 
 3.16227766e+05 -5.85531239e+01 
 3.98107171e+05 -6.40953441e+01 
 5.01187234e+05 -6.89090487e+01 
 6.30957344e+05 -7.29734327e+01 
 7.94328235e+05 -7.63365831e+01 
 1.00000000e+06 -7.90815943e+01 
 1.25892541e+06 -8.13022660e+01 
 1.58489319e+06 -8.30891165e+01 
 1.99526231e+06 -8.45228984e+01 
 2.51188643e+06 -8.56725818e+01 
 3.16227766e+06 -8.65956371e+01 
 3.98107171e+06 -8.73393215e+01 
 5.01187234e+06 -8.79422817e+01 
 6.30957344e+06 -8.84361459e+01 
 7.94328235e+06 -8.88469718e+01 
 1.00000000e+07 -8.91965151e+01 
 1.25892541e+07 -8.95033277e+01 
 1.58489319e+07 -8.97837145e+01 
 1.99526231e+07 -9.00525847e+01 
 2.51188643e+07 -9.03242354e+01 
 3.16227766e+07 -9.06131015e+01 
 3.98107171e+07 -9.09345095e+01 
 5.01187234e+07 -9.13054654e+01 
 6.30957344e+07 -9.17455057e+01 
 7.94328235e+07 -9.22776313e+01 
 1.00000000e+08 -9.29293199e+01 
 1.25892541e+08 -9.37335734e+01 
 1.58489319e+08 -9.47298619e+01 
 1.99526231e+08 -9.59646592e+01 
 2.51188643e+08 -9.74909571e+01 
 3.16227766e+08 -9.93656746e+01 
 3.98107171e+08 -1.01643295e+02 
 5.01187234e+08 -1.04363803e+02 
 6.30957344e+08 -1.07534224e+02 
 7.94328235e+08 -1.11107761e+02 
 1.00000000e+09 -1.14973004e+02 
