 1.00000000e+00 -2.96701371e-04 
 1.25892541e+00 -3.73524896e-04 
 1.58489319e+00 -4.70239983e-04 
 1.99526231e+00 -5.91997065e-04 
 2.51188643e+00 -7.45280148e-04 
 3.16227766e+00 -9.38252118e-04 
 3.98107171e+00 -1.18118943e-03 
 5.01187234e+00 -1.48702939e-03 
 6.30957344e+00 -1.87205909e-03 
 7.94328235e+00 -2.35678276e-03 
 1.00000000e+01 -2.96701371e-03 
 1.25892541e+01 -3.73524895e-03 
 1.58489319e+01 -4.70239982e-03 
 1.99526231e+01 -5.91997063e-03 
 2.51188643e+01 -7.45280144e-03 
 3.16227766e+01 -9.38252109e-03 
 3.98107171e+01 -1.18118942e-02 
 5.01187234e+01 -1.48702936e-02 
 6.30957344e+01 -1.87205903e-02 
 7.94328235e+01 -2.35678263e-02 
 1.00000000e+02 -2.96701345e-02 
 1.25892541e+02 -3.73524843e-02 
 1.58489319e+02 -4.70239878e-02 
 1.99526231e+02 -5.91996854e-02 
 2.51188643e+02 -7.45279728e-02 
 3.16227766e+02 -9.38251280e-02 
 3.98107171e+02 -1.18118776e-01 
 5.01187234e+02 -1.48702606e-01 
 6.30957344e+02 -1.87205243e-01 
 7.94328235e+02 -2.35676948e-01 
 1.00000000e+03 -2.96698721e-01 
 1.25892541e+03 -3.73519608e-01 
 1.58489319e+03 -4.70229432e-01 
 1.99526231e+03 -5.91976013e-01 
 2.51188643e+03 -7.45238146e-01 
 3.16227766e+03 -9.38168318e-01 
 3.98107171e+03 -1.18102225e+00 
 5.01187234e+03 -1.48669586e+00 
 6.30957344e+03 -1.87139377e+00 
 7.94328235e+03 -2.35545576e+00 
 1.00000000e+04 -2.96436756e+00 
 1.25892541e+04 -3.72997413e+00 
 1.58489319e+04 -4.69189078e+00 
 1.99526231e+04 -5.89905147e+00 
 2.51188643e+04 -7.41121649e+00 
 3.16227766e+04 -9.30003052e+00 
 3.98107171e+04 -1.16488021e+01 
 5.01187234e+04 -1.45494905e+01 
 6.30957344e+04 -1.80944628e+01 
 7.94328235e+04 -2.23598694e+01 
 1.00000000e+05 -2.73783433e+01 
 1.25892541e+05 -3.31036775e+01 
 1.58489319e+05 -3.93805872e+01 
 1.99526231e+05 -4.59428682e+01 
 2.51188643e+05 -5.24576058e+01 
 3.16227766e+05 -5.86036820e+01 
 3.98107171e+05 -6.41439168e+01 
 5.01187234e+05 -6.89558779e+01 
 6.30957344e+05 -7.30195367e+01 
 7.94328235e+05 -7.63835544e+01 
 1.00000000e+06 -7.91314553e+01 
 1.25892541e+06 -8.13574154e+01 
 1.58489319e+06 -8.31523571e+01 
 1.99526231e+06 -8.45975287e+01 
 2.51188643e+06 -8.57625407e+01 
 3.16227766e+06 -8.67056970e+01 
 3.98107171e+06 -8.74753337e+01 
 5.01187234e+06 -8.81114832e+01 
 6.30957344e+06 -8.86475416e+01 
 7.94328235e+06 -8.91118118e+01 
 1.00000000e+07 -8.95288896e+01 
 1.25892541e+07 -8.99209108e+01 
 1.58489319e+07 -9.03086923e+01 
 1.99526231e+07 -9.07128116e+01 
 2.51188643e+07 -9.11546660e+01 
 3.16227766e+07 -9.16575511e+01 
 3.98107171e+07 -9.22477849e+01 
 5.01187234e+07 -9.29558814e+01 
 6.30957344e+07 -9.38177241e+01 
 7.94328235e+07 -9.48755848e+01 
 1.00000000e+08 -9.61786188e+01 
 1.25892541e+08 -9.77820609e+01 
 1.58489319e+08 -9.97435959e+01 
 1.99526231e+08 -1.02114159e+02 
 2.51188643e+08 -1.04918864e+02 
 3.16227766e+08 -1.08123290e+02 
 3.98107171e+08 -1.11586065e+02 
 5.01187234e+08 -1.15020551e+02 
 6.30957344e+08 -1.18028339e+02 
 7.94328235e+08 -1.20274130e+02 
 1.00000000e+09 -1.21745445e+02 
