 1.00000000e+00  1.75491672e+01 
 1.25892541e+00  1.75491672e+01 
 1.58489319e+00  1.75491672e+01 
 1.99526231e+00  1.75491672e+01 
 2.51188643e+00  1.75491672e+01 
 3.16227766e+00  1.75491672e+01 
 3.98107171e+00  1.75491672e+01 
 5.01187234e+00  1.75491672e+01 
 6.30957344e+00  1.75491672e+01 
 7.94328235e+00  1.75491672e+01 
 1.00000000e+01  1.75491672e+01 
 1.25892541e+01  1.75491672e+01 
 1.58489319e+01  1.75491672e+01 
 1.99526231e+01  1.75491672e+01 
 2.51188643e+01  1.75491672e+01 
 3.16227766e+01  1.75491672e+01 
 3.98107171e+01  1.75491672e+01 
 5.01187234e+01  1.75491671e+01 
 6.30957344e+01  1.75491671e+01 
 7.94328235e+01  1.75491671e+01 
 1.00000000e+02  1.75491670e+01 
 1.25892541e+02  1.75491670e+01 
 1.58489319e+02  1.75491668e+01 
 1.99526231e+02  1.75491666e+01 
 2.51188643e+02  1.75491663e+01 
 3.16227766e+02  1.75491657e+01 
 3.98107171e+02  1.75491649e+01 
 5.01187234e+02  1.75491635e+01 
 6.30957344e+02  1.75491614e+01 
 7.94328235e+02  1.75491580e+01 
 1.00000000e+03  1.75491526e+01 
 1.25892541e+03  1.75491441e+01 
 1.58489319e+03  1.75491307e+01 
 1.99526231e+03  1.75491093e+01 
 2.51188643e+03  1.75490754e+01 
 3.16227766e+03  1.75490218e+01 
 3.98107171e+03  1.75489367e+01 
 5.01187234e+03  1.75488020e+01 
 6.30957344e+03  1.75485883e+01 
 7.94328235e+03  1.75482498e+01 
 1.00000000e+04  1.75477134e+01 
 1.25892541e+04  1.75468632e+01 
 1.58489319e+04  1.75455162e+01 
 1.99526231e+04  1.75433823e+01 
 2.51188643e+04  1.75400023e+01 
 3.16227766e+04  1.75346507e+01 
 3.98107171e+04  1.75261826e+01 
 5.01187234e+04  1.75127952e+01 
 6.30957344e+04  1.74916618e+01 
 7.94328235e+04  1.74583768e+01 
 1.00000000e+05  1.74061408e+01 
 1.25892541e+05  1.73246180e+01 
 1.58489319e+05  1.71984683e+01 
 1.99526231e+05  1.70057503e+01 
 2.51188643e+05  1.67168184e+01 
 3.16227766e+05  1.62949612e+01 
 3.98107171e+05  1.57004262e+01 
 5.01187234e+05  1.48985973e+01 
 6.30957344e+05  1.38701747e+01 
 7.94328235e+05  1.26180304e+01 
 1.00000000e+06  1.11661356e+01 
 1.25892541e+06  9.55132456e+00 
 1.58489319e+06  7.81320459e+00 
 1.99526231e+06  5.98695141e+00 
 2.51188643e+06  4.10026374e+00 
 3.16227766e+06  2.17330679e+00 
 3.98107171e+06  2.20027721e-01 
 5.01187234e+06 -1.75024274e+00 
 6.30957344e+06 -3.73139549e+00 
 7.94328235e+06 -5.71948703e+00 
 1.00000000e+07 -7.71199704e+00 
 1.25892541e+07 -9.70732892e+00 
 1.58489319e+07 -1.17044831e+01 
 1.99526231e+07 -1.37028484e+01 
 2.51188643e+07 -1.57020733e+01 
 3.16227766e+07 -1.77019909e+01 
 3.98107171e+07 -1.97025833e+01 
 5.01187234e+07 -2.17039778e+01 
 6.30957344e+07 -2.37064736e+01 
 7.94328235e+07 -2.57106053e+01 
 1.00000000e+08 -2.77172540e+01 
 1.25892541e+08 -2.97278277e+01 
 1.58489319e+08 -3.17445420e+01 
 1.99526231e+08 -3.37708384e+01 
 2.51188643e+08 -3.58119845e+01 
 3.16227766e+08 -3.78758673e+01 
 3.98107171e+08 -3.99739011e+01 
 5.01187234e+08 -4.21217248e+01 
 6.30957344e+08 -4.43389182e+01 
 7.94328235e+08 -4.66463909e+01 
 1.00000000e+09 -4.90600025e+01 
