 1.00000000e+00  1.75491724e+01 
 1.25892541e+00  1.75491724e+01 
 1.58489319e+00  1.75491724e+01 
 1.99526231e+00  1.75491724e+01 
 2.51188643e+00  1.75491724e+01 
 3.16227766e+00  1.75491724e+01 
 3.98107171e+00  1.75491724e+01 
 5.01187234e+00  1.75491724e+01 
 6.30957344e+00  1.75491724e+01 
 7.94328235e+00  1.75491724e+01 
 1.00000000e+01  1.75491724e+01 
 1.25892541e+01  1.75491724e+01 
 1.58489319e+01  1.75491724e+01 
 1.99526231e+01  1.75491724e+01 
 2.51188643e+01  1.75491724e+01 
 3.16227766e+01  1.75491724e+01 
 3.98107171e+01  1.75491724e+01 
 5.01187234e+01  1.75491724e+01 
 6.30957344e+01  1.75491724e+01 
 7.94328235e+01  1.75491724e+01 
 1.00000000e+02  1.75491723e+01 
 1.25892541e+02  1.75491722e+01 
 1.58489319e+02  1.75491721e+01 
 1.99526231e+02  1.75491719e+01 
 2.51188643e+02  1.75491715e+01 
 3.16227766e+02  1.75491710e+01 
 3.98107171e+02  1.75491701e+01 
 5.01187234e+02  1.75491688e+01 
 6.30957344e+02  1.75491666e+01 
 7.94328235e+02  1.75491632e+01 
 1.00000000e+03  1.75491579e+01 
 1.25892541e+03  1.75491493e+01 
 1.58489319e+03  1.75491358e+01 
 1.99526231e+03  1.75491144e+01 
 2.51188643e+03  1.75490804e+01 
 3.16227766e+03  1.75490266e+01 
 3.98107171e+03  1.75489412e+01 
 5.01187234e+03  1.75488060e+01 
 6.30957344e+03  1.75485917e+01 
 7.94328235e+03  1.75482521e+01 
 1.00000000e+04  1.75477138e+01 
 1.25892541e+04  1.75468609e+01 
 1.58489319e+04  1.75455095e+01 
 1.99526231e+04  1.75433685e+01 
 2.51188643e+04  1.75399774e+01 
 3.16227766e+04  1.75346083e+01 
 3.98107171e+04  1.75261125e+01 
 5.01187234e+04  1.75126814e+01 
 6.30957344e+04  1.74914793e+01 
 7.94328235e+04  1.74580868e+01 
 1.00000000e+05  1.74056836e+01 
 1.25892541e+05  1.73239040e+01 
 1.58489319e+05  1.71973663e+01 
 1.99526231e+05  1.70040769e+01 
 2.51188643e+05  1.67143347e+01 
 3.16227766e+05  1.62913873e+01 
 3.98107171e+05  1.56954853e+01 
 5.01187234e+05  1.48920860e+01 
 6.30957344e+05  1.38620310e+01 
 7.94328235e+05  1.26083567e+01 
 1.00000000e+06  1.11551607e+01 
 1.25892541e+06  9.53933130e+00 
 1.58489319e+06  7.80046429e+00 
 1.99526231e+06  5.97368778e+00 
 2.51188643e+06  4.08664359e+00 
 3.16227766e+06  2.15944572e+00 
 3.98107171e+06  2.06000612e-01 
 5.01187234e+06 -1.76439210e+00 
 6.30957344e+06 -3.74564774e+00 
 7.94328235e+06 -5.73384418e+00 
 1.00000000e+07 -7.72648344e+00 
 1.25892541e+07 -9.72199665e+00 
 1.58489319e+07 -1.17194233e+01 
 1.99526231e+07 -1.37182110e+01 
 2.51188643e+07 -1.57180990e+01 
 3.16227766e+07 -1.77190632e+01 
 3.98107171e+07 -1.97213100e+01 
 5.01187234e+07 -2.17253205e+01 
 6.30957344e+07 -2.37319502e+01 
 7.94328235e+07 -2.57426042e+01 
 1.00000000e+08 -2.77595182e+01 
 1.25892541e+08 -2.97861839e+01 
 1.58489319e+08 -3.18279654e+01 
 1.99526231e+08 -3.38929269e+01 
 2.51188643e+08 -3.59928050e+01 
 3.16227766e+08 -3.81438271e+01 
 3.98107171e+08 -4.03666262e+01 
 5.01187234e+08 -4.26838937e+01 
 6.30957344e+08 -4.51141775e+01 
 7.94328235e+08 -4.76615513e+01 
 1.00000000e+09 -5.03045344e+01 
