 1.00000000e+00  1.51625671e-05 
 1.02329299e+00  1.50133738e-05 
 1.04712855e+00  1.48656590e-05 
 1.07151931e+00  1.47194080e-05 
 1.09647820e+00  1.45746060e-05 
 1.12201845e+00  1.44312386e-05 
 1.14815362e+00  1.42892914e-05 
 1.17489755e+00  1.41487503e-05 
 1.20226443e+00  1.40096012e-05 
 1.23026877e+00  1.38718302e-05 
 1.25892541e+00  1.37354235e-05 
 1.28824955e+00  1.36003675e-05 
 1.31825674e+00  1.34666487e-05 
 1.34896288e+00  1.33342537e-05 
 1.38038426e+00  1.32031694e-05 
 1.41253754e+00  1.30733826e-05 
 1.44543977e+00  1.29448804e-05 
 1.47910839e+00  1.28176500e-05 
 1.51356125e+00  1.26916786e-05 
 1.54881662e+00  1.25669537e-05 
 1.58489319e+00  1.24434629e-05 
 1.62181010e+00  1.23211938e-05 
 1.65958691e+00  1.22001342e-05 
 1.69824365e+00  1.20802722e-05 
 1.73780083e+00  1.19615956e-05 
 1.77827941e+00  1.18440928e-05 
 1.81970086e+00  1.17277520e-05 
 1.86208714e+00  1.16125616e-05 
 1.90546072e+00  1.14985101e-05 
 1.94984460e+00  1.13855862e-05 
 1.99526231e+00  1.12737787e-05 
 2.04173794e+00  1.11630764e-05 
 2.08929613e+00  1.10534682e-05 
 2.13796209e+00  1.09449434e-05 
 2.18776162e+00  1.08374911e-05 
 2.23872114e+00  1.07311005e-05 
 2.29086765e+00  1.06257612e-05 
 2.34422882e+00  1.05214627e-05 
 2.39883292e+00  1.04181946e-05 
 2.45470892e+00  1.03159465e-05 
 2.51188643e+00  1.02147085e-05 
 2.57039578e+00  1.01144703e-05 
 2.63026799e+00  1.00152221e-05 
 2.69153480e+00  9.91695405e-06 
 2.75422870e+00  9.81965630e-06 
 2.81838293e+00  9.72331923e-06 
 2.88403150e+00  9.62793327e-06 
 2.95120923e+00  9.53348897e-06 
 3.01995172e+00  9.43997695e-06 
 3.09029543e+00  9.34738793e-06 
 3.16227766e+00  9.25571274e-06 
 3.23593657e+00  9.16494227e-06 
 3.31131121e+00  9.07506754e-06 
 3.38844156e+00  8.98607963e-06 
 3.46736850e+00  8.89796972e-06 
 3.54813389e+00  8.81072909e-06 
 3.63078055e+00  8.72434908e-06 
 3.71535229e+00  8.63882114e-06 
 3.80189396e+00  8.55413680e-06 
 3.89045145e+00  8.47028767e-06 
 3.98107171e+00  8.38726546e-06 
 4.07380278e+00  8.30506194e-06 
 4.16869383e+00  8.22366898e-06 
 4.26579519e+00  8.14307852e-06 
 4.36515832e+00  8.06328259e-06 
 4.46683592e+00  7.98427330e-06 
 4.57088190e+00  7.90604284e-06 
 4.67735141e+00  7.82858346e-06 
 4.78630092e+00  7.75188750e-06 
 4.89778819e+00  7.67594740e-06 
 5.01187234e+00  7.60075564e-06 
 5.12861384e+00  7.52630479e-06 
 5.24807460e+00  7.45258749e-06 
 5.37031796e+00  7.37959647e-06 
 5.49540874e+00  7.30732452e-06 
 5.62341325e+00  7.23576449e-06 
 5.75439937e+00  7.16490932e-06 
 5.88843655e+00  7.09475202e-06 
 6.02559586e+00  7.02528567e-06 
 6.16595002e+00  6.95650340e-06 
 6.30957344e+00  6.88839844e-06 
 6.45654229e+00  6.82096405e-06 
 6.60693448e+00  6.75419360e-06 
 6.76082975e+00  6.68808050e-06 
 6.91830971e+00  6.62261823e-06 
 7.07945784e+00  6.55780033e-06 
 7.24435960e+00  6.49362041e-06 
 7.41310241e+00  6.43007216e-06 
 7.58577575e+00  6.36714930e-06 
 7.76247117e+00  6.30484565e-06 
 7.94328235e+00  6.24315505e-06 
 8.12830516e+00  6.18207145e-06 
 8.31763771e+00  6.12158881e-06 
 8.51138038e+00  6.06170120e-06 
 8.70963590e+00  6.00240270e-06 
 8.91250938e+00  5.94368749e-06 
 9.12010839e+00  5.88554979e-06 
 9.33254301e+00  5.82798387e-06 
 9.54992586e+00  5.77098408e-06 
 9.77237221e+00  5.71454481e-06 
 1.00000000e+01  5.65866050e-06 
 1.02329299e+01  5.60332566e-06 
 1.04712855e+01  5.54853486e-06 
 1.07151931e+01  5.49428270e-06 
 1.09647820e+01  5.44056385e-06 
 1.12201845e+01  5.38737305e-06 
 1.14815362e+01  5.33470504e-06 
 1.17489755e+01  5.28255468e-06 
 1.20226443e+01  5.23091682e-06 
 1.23026877e+01  5.17978641e-06 
 1.25892541e+01  5.12915842e-06 
 1.28824955e+01  5.07902788e-06 
 1.31825674e+01  5.02938987e-06 
 1.34896288e+01  4.98023952e-06 
 1.38038426e+01  4.93157200e-06 
 1.41253754e+01  4.88338254e-06 
 1.44543977e+01  4.83566642e-06 
 1.47910839e+01  4.78841895e-06 
 1.51356125e+01  4.74163549e-06 
 1.54881662e+01  4.69531147e-06 
 1.58489319e+01  4.64944233e-06 
 1.62181010e+01  4.60402359e-06 
 1.65958691e+01  4.55905080e-06 
 1.69824365e+01  4.51451953e-06 
 1.73780083e+01  4.47042544e-06 
 1.77827941e+01  4.42676420e-06 
 1.81970086e+01  4.38353153e-06 
 1.86208714e+01  4.34072321e-06 
 1.90546072e+01  4.29833503e-06 
 1.94984460e+01  4.25636285e-06 
 1.99526231e+01  4.21480257e-06 
 2.04173794e+01  4.17365010e-06 
 2.08929613e+01  4.13290143e-06 
 2.13796209e+01  4.09255256e-06 
 2.18776162e+01  4.05259956e-06 
 2.23872114e+01  4.01303850e-06 
 2.29086765e+01  3.97386553e-06 
 2.34422882e+01  3.93507681e-06 
 2.39883292e+01  3.89666854e-06 
 2.45470892e+01  3.85863698e-06 
 2.51188643e+01  3.82097840e-06 
 2.57039578e+01  3.78368913e-06 
 2.63026799e+01  3.74676552e-06 
 2.69153480e+01  3.71020396e-06 
 2.75422870e+01  3.67400088e-06 
 2.81838293e+01  3.63815274e-06 
 2.88403150e+01  3.60265605e-06 
 2.95120923e+01  3.56750733e-06 
 3.01995172e+01  3.53270316e-06 
 3.09029543e+01  3.49824013e-06 
 3.16227766e+01  3.46411489e-06 
 3.23593657e+01  3.43032409e-06 
 3.31131121e+01  3.39686445e-06 
 3.38844156e+01  3.36373270e-06 
 3.46736850e+01  3.33092561e-06 
 3.54813389e+01  3.29843997e-06 
 3.63078055e+01  3.26627262e-06 
 3.71535229e+01  3.23442042e-06 
 3.80189396e+01  3.20288026e-06 
 3.89045145e+01  3.17164908e-06 
 3.98107171e+01  3.14072382e-06 
 4.07380278e+01  3.11010147e-06 
 4.16869383e+01  3.07977905e-06 
 4.26579519e+01  3.04975360e-06 
 4.36515832e+01  3.02002220e-06 
 4.46683592e+01  2.99058194e-06 
 4.57088190e+01  2.96142997e-06 
 4.67735141e+01  2.93256345e-06 
 4.78630092e+01  2.90397955e-06 
 4.89778819e+01  2.87567551e-06 
 5.01187234e+01  2.84764856e-06 
 5.12861384e+01  2.81989597e-06 
 5.24807460e+01  2.79241505e-06 
 5.37031796e+01  2.76520312e-06 
 5.49540874e+01  2.73825754e-06 
 5.62341325e+01  2.71157567e-06 
 5.75439937e+01  2.68515493e-06 
 5.88843655e+01  2.65899275e-06 
 6.02559586e+01  2.63308658e-06 
 6.16595002e+01  2.60743390e-06 
 6.30957344e+01  2.58203222e-06 
 6.45654229e+01  2.55687906e-06 
 6.60693448e+01  2.53197200e-06 
 6.76082975e+01  2.50730859e-06 
 6.91830971e+01  2.48288645e-06 
 7.07945784e+01  2.45870321e-06 
 7.24435960e+01  2.43475651e-06 
 7.41310241e+01  2.41104403e-06 
 7.58577575e+01  2.38756346e-06 
 7.76247117e+01  2.36431253e-06 
 7.94328235e+01  2.34128897e-06 
 8.12830516e+01  2.31849055e-06 
 8.31763771e+01  2.29591507e-06 
 8.51138038e+01  2.27356032e-06 
 8.70963590e+01  2.25142413e-06 
 8.91250938e+01  2.22950437e-06 
 9.12010839e+01  2.20779889e-06 
 9.33254301e+01  2.18630561e-06 
 9.54992586e+01  2.16502242e-06 
 9.77237221e+01  2.14394727e-06 
 1.00000000e+02  2.12307811e-06 
 1.02329299e+02  2.10241292e-06 
 1.04712855e+02  2.08194970e-06 
 1.07151931e+02  2.06168645e-06 
 1.09647820e+02  2.04162123e-06 
 1.12201845e+02  2.02175207e-06 
 1.14815362e+02  2.00207706e-06 
 1.17489755e+02  1.98259429e-06 
 1.20226443e+02  1.96330187e-06 
 1.23026877e+02  1.94419794e-06 
 1.25892541e+02  1.92528063e-06 
 1.28824955e+02  1.90654813e-06 
 1.31825674e+02  1.88799861e-06 
 1.34896288e+02  1.86963028e-06 
 1.38038426e+02  1.85144136e-06 
 1.41253754e+02  1.83343009e-06 
 1.44543977e+02  1.81559472e-06 
 1.47910839e+02  1.79793354e-06 
 1.51356125e+02  1.78044482e-06 
 1.54881662e+02  1.76312689e-06 
 1.58489319e+02  1.74597805e-06 
 1.62181010e+02  1.72899666e-06 
 1.65958691e+02  1.71218107e-06 
 1.69824365e+02  1.69552966e-06 
 1.73780083e+02  1.67904080e-06 
 1.77827941e+02  1.66271292e-06 
 1.81970086e+02  1.64654442e-06 
 1.86208714e+02  1.63053376e-06 
 1.90546072e+02  1.61467937e-06 
 1.94984460e+02  1.59897973e-06 
 1.99526231e+02  1.58343331e-06 
 2.04173794e+02  1.56803863e-06 
 2.08929613e+02  1.55279418e-06 
 2.13796209e+02  1.53769850e-06 
 2.18776162e+02  1.52275012e-06 
 2.23872114e+02  1.50794761e-06 
 2.29086765e+02  1.49328954e-06 
 2.34422882e+02  1.47877448e-06 
 2.39883292e+02  1.46440104e-06 
 2.45470892e+02  1.45016782e-06 
 2.51188643e+02  1.43607347e-06 
 2.57039578e+02  1.42211660e-06 
 2.63026799e+02  1.40829588e-06 
 2.69153480e+02  1.39460998e-06 
 2.75422870e+02  1.38105757e-06 
 2.81838293e+02  1.36763734e-06 
 2.88403150e+02  1.35434800e-06 
 2.95120923e+02  1.34118826e-06 
 3.01995172e+02  1.32815687e-06 
 3.09029543e+02  1.31525256e-06 
 3.16227766e+02  1.30247408e-06 
 3.23593657e+02  1.28982021e-06 
 3.31131121e+02  1.27728972e-06 
 3.38844156e+02  1.26488140e-06 
 3.46736850e+02  1.25259407e-06 
 3.54813389e+02  1.24042653e-06 
 3.63078055e+02  1.22837761e-06 
 3.71535229e+02  1.21644615e-06 
 3.80189396e+02  1.20463101e-06 
 3.89045145e+02  1.19293104e-06 
 3.98107171e+02  1.18134511e-06 
 4.07380278e+02  1.16987211e-06 
 4.16869383e+02  1.15851094e-06 
 4.26579519e+02  1.14726049e-06 
 4.36515832e+02  1.13611969e-06 
 4.46683592e+02  1.12508747e-06 
 4.57088190e+02  1.11416276e-06 
 4.67735141e+02  1.10334450e-06 
 4.78630092e+02  1.09263166e-06 
 4.89778819e+02  1.08202321e-06 
 5.01187234e+02  1.07151813e-06 
 5.12861384e+02  1.06111540e-06 
 5.24807460e+02  1.05081402e-06 
 5.37031796e+02  1.04061301e-06 
 5.49540874e+02  1.03051137e-06 
 5.62341325e+02  1.02050815e-06 
 5.75439937e+02  1.01060237e-06 
 5.88843655e+02  1.00079308e-06 
 6.02559586e+02  9.91079346e-07 
 6.16595002e+02  9.81460226e-07 
 6.30957344e+02  9.71934797e-07 
 6.45654229e+02  9.62502144e-07 
 6.60693448e+02  9.53161358e-07 
 6.76082975e+02  9.43911544e-07 
 6.91830971e+02  9.34751810e-07 
 7.07945784e+02  9.25681277e-07 
 7.24435960e+02  9.16699073e-07 
 7.41310241e+02  9.07804335e-07 
 7.58577575e+02  8.98996208e-07 
 7.76247117e+02  8.90273846e-07 
 7.94328235e+02  8.81636411e-07 
 8.12830516e+02  8.73083073e-07 
 8.31763771e+02  8.64613011e-07 
 8.51138038e+02  8.56225410e-07 
 8.70963590e+02  8.47919467e-07 
 8.91250938e+02  8.39694383e-07 
 9.12010839e+02  8.31549367e-07 
 9.33254301e+02  8.23483639e-07 
 9.54992586e+02  8.15496424e-07 
 9.77237221e+02  8.07586955e-07 
 1.00000000e+03  7.99754474e-07 
 1.02329299e+03  7.91998227e-07 
 1.04712855e+03  7.84317472e-07 
 1.07151931e+03  7.76711470e-07 
 1.09647820e+03  7.69179492e-07 
 1.12201845e+03  7.61720816e-07 
 1.14815362e+03  7.54334726e-07 
 1.17489755e+03  7.47020513e-07 
 1.20226443e+03  7.39777476e-07 
 1.23026877e+03  7.32604920e-07 
 1.25892541e+03  7.25502158e-07 
 1.28824955e+03  7.18468508e-07 
 1.31825674e+03  7.11503295e-07 
 1.34896288e+03  7.04605853e-07 
 1.38038426e+03  6.97775519e-07 
 1.41253754e+03  6.91011639e-07 
 1.44543977e+03  6.84313565e-07 
 1.47910839e+03  6.77680655e-07 
 1.51356125e+03  6.71112273e-07 
 1.54881662e+03  6.64607789e-07 
 1.58489319e+03  6.58166580e-07 
 1.62181010e+03  6.51788030e-07 
 1.65958691e+03  6.45471527e-07 
 1.69824365e+03  6.39216466e-07 
 1.73780083e+03  6.33022248e-07 
 1.77827941e+03  6.26888279e-07 
 1.81970086e+03  6.20813972e-07 
 1.86208714e+03  6.14798746e-07 
 1.90546072e+03  6.08842024e-07 
 1.94984460e+03  6.02943236e-07 
 1.99526231e+03  5.97101817e-07 
 2.04173794e+03  5.91317209e-07 
 2.08929613e+03  5.85588856e-07 
 2.13796209e+03  5.79916212e-07 
 2.18776162e+03  5.74298733e-07 
 2.23872114e+03  5.68735881e-07 
 2.29086765e+03  5.63227124e-07 
 2.34422882e+03  5.57771935e-07 
 2.39883292e+03  5.52369792e-07 
 2.45470892e+03  5.47020179e-07 
 2.51188643e+03  5.41722583e-07 
 2.57039578e+03  5.36476497e-07 
 2.63026799e+03  5.31281421e-07 
 2.69153480e+03  5.26136856e-07 
 2.75422870e+03  5.21042311e-07 
 2.81838293e+03  5.15997299e-07 
 2.88403150e+03  5.11001338e-07 
 2.95120923e+03  5.06053949e-07 
 3.01995172e+03  5.01154660e-07 
 3.09029543e+03  4.96303002e-07 
 3.16227766e+03  4.91498512e-07 
 3.23593657e+03  4.86740730e-07 
 3.31131121e+03  4.82029201e-07 
 3.38844156e+03  4.77363476e-07 
 3.46736850e+03  4.72743108e-07 
 3.54813389e+03  4.68167656e-07 
 3.63078055e+03  4.63636683e-07 
 3.71535229e+03  4.59149756e-07 
 3.80189396e+03  4.54706445e-07 
 3.89045145e+03  4.50306328e-07 
 3.98107171e+03  4.45948982e-07 
 4.07380278e+03  4.41633993e-07 
 4.16869383e+03  4.37360948e-07 
 4.26579519e+03  4.33129439e-07 
 4.36515832e+03  4.28939062e-07 
 4.46683592e+03  4.24789417e-07 
 4.57088190e+03  4.20680107e-07 
 4.67735141e+03  4.16610740e-07 
 4.78630092e+03  4.12580929e-07 
 4.89778819e+03  4.08590287e-07 
 5.01187234e+03  4.04638434e-07 
 5.12861384e+03  4.00724993e-07 
 5.24807460e+03  3.96849591e-07 
 5.37031796e+03  3.93011858e-07 
 5.49540874e+03  3.89211426e-07 
 5.62341325e+03  3.85447935e-07 
 5.75439937e+03  3.81721024e-07 
 5.88843655e+03  3.78030338e-07 
 6.02559586e+03  3.74375525e-07 
 6.16595002e+03  3.70756237e-07 
 6.30957344e+03  3.67172128e-07 
 6.45654229e+03  3.63622856e-07 
 6.60693448e+03  3.60108082e-07 
 6.76082975e+03  3.56627473e-07 
 6.91830971e+03  3.53180694e-07 
 7.07945784e+03  3.49767419e-07 
 7.24435960e+03  3.46387322e-07 
 7.41310241e+03  3.43040079e-07 
 7.58577575e+03  3.39725373e-07 
 7.76247117e+03  3.36442887e-07 
 7.94328235e+03  3.33192308e-07 
 8.12830516e+03  3.29973327e-07 
 8.31763771e+03  3.26785636e-07 
 8.51138038e+03  3.23628932e-07 
 8.70963590e+03  3.20502914e-07 
 8.91250938e+03  3.17407284e-07 
 9.12010839e+03  3.14341747e-07 
 9.33254301e+03  3.11306012e-07 
 9.54992586e+03  3.08299788e-07 
 9.77237221e+03  3.05322789e-07 
 1.00000000e+04  3.02374733e-07 
 1.02329299e+04  2.99455337e-07 
 1.04712855e+04  2.96564324e-07 
 1.07151931e+04  2.93701419e-07 
 1.09647820e+04  2.90866349e-07 
 1.12201845e+04  2.88058843e-07 
 1.14815362e+04  2.85278636e-07 
 1.17489755e+04  2.82525461e-07 
 1.20226443e+04  2.79799057e-07 
 1.23026877e+04  2.77099164e-07 
 1.25892541e+04  2.74425525e-07 
 1.28824955e+04  2.71777886e-07 
 1.31825674e+04  2.69155994e-07 
 1.34896288e+04  2.66559600e-07 
 1.38038426e+04  2.63988457e-07 
 1.41253754e+04  2.61442320e-07 
 1.44543977e+04  2.58920947e-07 
 1.47910839e+04  2.56424098e-07 
 1.51356125e+04  2.53951535e-07 
 1.54881662e+04  2.51503023e-07 
 1.58489319e+04  2.49078330e-07 
 1.62181010e+04  2.46677223e-07 
 1.65958691e+04  2.44299476e-07 
 1.69824365e+04  2.41944861e-07 
 1.73780083e+04  2.39613155e-07 
 1.77827941e+04  2.37304137e-07 
 1.81970086e+04  2.35017585e-07 
 1.86208714e+04  2.32753283e-07 
 1.90546072e+04  2.30511016e-07 
 1.94984460e+04  2.28290571e-07 
 1.99526231e+04  2.26091735e-07 
 2.04173794e+04  2.23914301e-07 
 2.08929613e+04  2.21758060e-07 
 2.13796209e+04  2.19622809e-07 
 2.18776162e+04  2.17508344e-07 
 2.23872114e+04  2.15414463e-07 
 2.29086765e+04  2.13340969e-07 
 2.34422882e+04  2.11287664e-07 
 2.39883292e+04  2.09254352e-07 
 2.45470892e+04  2.07240841e-07 
 2.51188643e+04  2.05246939e-07 
 2.57039578e+04  2.03272457e-07 
 2.63026799e+04  2.01317206e-07 
 2.69153480e+04  1.99381002e-07 
 2.75422870e+04  1.97463660e-07 
 2.81838293e+04  1.95564998e-07 
 2.88403150e+04  1.93684836e-07 
 2.95120923e+04  1.91822994e-07 
 3.01995172e+04  1.89979297e-07 
 3.09029543e+04  1.88153569e-07 
 3.16227766e+04  1.86345636e-07 
 3.23593657e+04  1.84555327e-07 
 3.31131121e+04  1.82782472e-07 
 3.38844156e+04  1.81026902e-07 
 3.46736850e+04  1.79288451e-07 
 3.54813389e+04  1.77566954e-07 
 3.63078055e+04  1.75862247e-07 
 3.71535229e+04  1.74174167e-07 
 3.80189396e+04  1.72502556e-07 
 3.89045145e+04  1.70847254e-07 
 3.98107171e+04  1.69208104e-07 
 4.07380278e+04  1.67584951e-07 
 4.16869383e+04  1.65977639e-07 
 4.26579519e+04  1.64386018e-07 
 4.36515832e+04  1.62809935e-07 
 4.46683592e+04  1.61249241e-07 
 4.57088190e+04  1.59703788e-07 
 4.67735141e+04  1.58173429e-07 
 4.78630092e+04  1.56658019e-07 
 4.89778819e+04  1.55157414e-07 
 5.01187234e+04  1.53671471e-07 
 5.12861384e+04  1.52200051e-07 
 5.24807460e+04  1.50743012e-07 
 5.37031796e+04  1.49300218e-07 
 5.49540874e+04  1.47871530e-07 
 5.62341325e+04  1.46456813e-07 
 5.75439937e+04  1.45055933e-07 
 5.88843655e+04  1.43668758e-07 
 6.02559586e+04  1.42295155e-07 
 6.16595002e+04  1.40934994e-07 
 6.30957344e+04  1.39588147e-07 
 6.45654229e+04  1.38254484e-07 
 6.60693448e+04  1.36933881e-07 
 6.76082975e+04  1.35626211e-07 
 6.91830971e+04  1.34331351e-07 
 7.07945784e+04  1.33049178e-07 
 7.24435960e+04  1.31779570e-07 
 7.41310241e+04  1.30522406e-07 
 7.58577575e+04  1.29277568e-07 
 7.76247117e+04  1.28044937e-07 
 7.94328235e+04  1.26824397e-07 
 8.12830516e+04  1.25615832e-07 
 8.31763771e+04  1.24419126e-07 
 8.51138038e+04  1.23234168e-07 
 8.70963590e+04  1.22060843e-07 
 8.91250938e+04  1.20899042e-07 
 9.12010839e+04  1.19748653e-07 
 9.33254301e+04  1.18609568e-07 
 9.54992586e+04  1.17481679e-07 
 9.77237221e+04  1.16364878e-07 
 1.00000000e+05  1.15259061e-07 
 1.02329299e+05  1.14164121e-07 
 1.04712855e+05  1.13079956e-07 
 1.07151931e+05  1.12006462e-07 
 1.09647820e+05  1.10943537e-07 
 1.12201845e+05  1.09891082e-07 
 1.14815362e+05  1.08848995e-07 
 1.17489755e+05  1.07817179e-07 
 1.20226443e+05  1.06795535e-07 
 1.23026877e+05  1.05783967e-07 
 1.25892541e+05  1.04782378e-07 
 1.28824955e+05  1.03790674e-07 
 1.31825674e+05  1.02808760e-07 
 1.34896288e+05  1.01836544e-07 
 1.38038426e+05  1.00873934e-07 
 1.41253754e+05  9.99208369e-08 
 1.44543977e+05  9.89771640e-08 
 1.47910839e+05  9.80428253e-08 
 1.51356125e+05  9.71177322e-08 
 1.54881662e+05  9.62017970e-08 
 1.58489319e+05  9.52949329e-08 
 1.62181010e+05  9.43970537e-08 
 1.65958691e+05  9.35080745e-08 
 1.69824365e+05  9.26279109e-08 
 1.73780083e+05  9.17564794e-08 
 1.77827941e+05  9.08936973e-08 
 1.81970086e+05  9.00394829e-08 
 1.86208714e+05  8.91937551e-08 
 1.90546072e+05  8.83564338e-08 
 1.94984460e+05  8.75274394e-08 
 1.99526231e+05  8.67066933e-08 
 2.04173794e+05  8.58941178e-08 
 2.08929613e+05  8.50896356e-08 
 2.13796209e+05  8.42931704e-08 
 2.18776162e+05  8.35046468e-08 
 2.23872114e+05  8.27239898e-08 
 2.29086765e+05  8.19511254e-08 
 2.34422882e+05  8.11859803e-08 
 2.39883292e+05  8.04284817e-08 
 2.45470892e+05  7.96785579e-08 
 2.51188643e+05  7.89361376e-08 
 2.57039578e+05  7.82011503e-08 
 2.63026799e+05  7.74735263e-08 
 2.69153480e+05  7.67531964e-08 
 2.75422870e+05  7.60400922e-08 
 2.81838293e+05  7.53341461e-08 
 2.88403150e+05  7.46352909e-08 
 2.95120923e+05  7.39434603e-08 
 3.01995172e+05  7.32585884e-08 
 3.09029543e+05  7.25806103e-08 
 3.16227766e+05  7.19094615e-08 
 3.23593657e+05  7.12450782e-08 
 3.31131121e+05  7.05873971e-08 
 3.38844156e+05  6.99363559e-08 
 3.46736850e+05  6.92918925e-08 
 3.54813389e+05  6.86539456e-08 
 3.63078055e+05  6.80224546e-08 
 3.71535229e+05  6.73973593e-08 
 3.80189396e+05  6.67786002e-08 
 3.89045145e+05  6.61661184e-08 
 3.98107171e+05  6.55598557e-08 
 4.07380278e+05  6.49597541e-08 
 4.16869383e+05  6.43657566e-08 
 4.26579519e+05  6.37778066e-08 
 4.36515832e+05  6.31958480e-08 
 4.46683592e+05  6.26198252e-08 
 4.57088190e+05  6.20496834e-08 
 4.67735141e+05  6.14853681e-08 
 4.78630092e+05  6.09268255e-08 
 4.89778819e+05  6.03740022e-08 
 5.01187234e+05  5.98268455e-08 
 5.12861384e+05  5.92853030e-08 
 5.24807460e+05  5.87493230e-08 
 5.37031796e+05  5.82188542e-08 
 5.49540874e+05  5.76938459e-08 
 5.62341325e+05  5.71742478e-08 
 5.75439937e+05  5.66600102e-08 
 5.88843655e+05  5.61510839e-08 
 6.02559586e+05  5.56474199e-08 
 6.16595002e+05  5.51489701e-08 
 6.30957344e+05  5.46556867e-08 
 6.45654229e+05  5.41675222e-08 
 6.60693448e+05  5.36844298e-08 
 6.76082975e+05  5.32063630e-08 
 6.91830971e+05  5.27332760e-08 
 7.07945784e+05  5.22651231e-08 
 7.24435960e+05  5.18018593e-08 
 7.41310241e+05  5.13434401e-08 
 7.58577575e+05  5.08898211e-08 
 7.76247117e+05  5.04409586e-08 
 7.94328235e+05  4.99968093e-08 
 8.12830516e+05  4.95573303e-08 
 8.31763771e+05  4.91224790e-08 
 8.51138038e+05  4.86922135e-08 
 8.70963590e+05  4.82664920e-08 
 8.91250938e+05  4.78452732e-08 
 9.12010839e+05  4.74285163e-08 
 9.33254301e+05  4.70161809e-08 
 9.54992586e+05  4.66082268e-08 
 9.77237221e+05  4.62046143e-08 
 1.00000000e+06  4.58053042e-08 
 1.02329299e+06  4.54102574e-08 
 1.04712855e+06  4.50194355e-08 
 1.07151931e+06  4.46328002e-08 
 1.09647820e+06  4.42503137e-08 
 1.12201845e+06  4.38719385e-08 
 1.14815362e+06  4.34976376e-08 
 1.17489755e+06  4.31273741e-08 
 1.20226443e+06  4.27611117e-08 
 1.23026877e+06  4.23988143e-08 
 1.25892541e+06  4.20404462e-08 
 1.28824955e+06  4.16859719e-08 
 1.31825674e+06  4.13353565e-08 
 1.34896288e+06  4.09885651e-08 
 1.38038426e+06  4.06455635e-08 
 1.41253754e+06  4.03063174e-08 
 1.44543977e+06  3.99707931e-08 
 1.47910839e+06  3.96389572e-08 
 1.51356125e+06  3.93107766e-08 
 1.54881662e+06  3.89862183e-08 
 1.58489319e+06  3.86652498e-08 
 1.62181010e+06  3.83478389e-08 
 1.65958691e+06  3.80339536e-08 
 1.69824365e+06  3.77235623e-08 
 1.73780083e+06  3.74166336e-08 
 1.77827941e+06  3.71131363e-08 
 1.81970086e+06  3.68130398e-08 
 1.86208714e+06  3.65163133e-08 
 1.90546072e+06  3.62229266e-08 
 1.94984460e+06  3.59328498e-08 
 1.99526231e+06  3.56460531e-08 
 2.04173794e+06  3.53625070e-08 
 2.08929613e+06  3.50821823e-08 
 2.13796209e+06  3.48050499e-08 
 2.18776162e+06  3.45310813e-08 
 2.23872114e+06  3.42602479e-08 
 2.29086765e+06  3.39925214e-08 
 2.34422882e+06  3.37278739e-08 
 2.39883292e+06  3.34662776e-08 
 2.45470892e+06  3.32077051e-08 
 2.51188643e+06  3.29521289e-08 
 2.57039578e+06  3.26995220e-08 
 2.63026799e+06  3.24498577e-08 
 2.69153480e+06  3.22031092e-08 
 2.75422870e+06  3.19592501e-08 
 2.81838293e+06  3.17182543e-08 
 2.88403150e+06  3.14800958e-08 
 2.95120923e+06  3.12447488e-08 
 3.01995172e+06  3.10121877e-08 
 3.09029543e+06  3.07823872e-08 
 3.16227766e+06  3.05553220e-08 
 3.23593657e+06  3.03309673e-08 
 3.31131121e+06  3.01092982e-08 
 3.38844156e+06  2.98902901e-08 
 3.46736850e+06  2.96739187e-08 
 3.54813389e+06  2.94601597e-08 
 3.63078055e+06  2.92489890e-08 
 3.71535229e+06  2.90403829e-08 
 3.80189396e+06  2.88343176e-08 
 3.89045145e+06  2.86307697e-08 
 3.98107171e+06  2.84297157e-08 
 4.07380278e+06  2.82311326e-08 
 4.16869383e+06  2.80349973e-08 
 4.26579519e+06  2.78412870e-08 
 4.36515832e+06  2.76499790e-08 
 4.46683592e+06  2.74610508e-08 
 4.57088190e+06  2.72744801e-08 
 4.67735141e+06  2.70902446e-08 
 4.78630092e+06  2.69083224e-08 
 4.89778819e+06  2.67286914e-08 
 5.01187234e+06  2.65513300e-08 
 5.12861384e+06  2.63762165e-08 
 5.24807460e+06  2.62033295e-08 
 5.37031796e+06  2.60326476e-08 
 5.49540874e+06  2.58641498e-08 
 5.62341325e+06  2.56978149e-08 
 5.75439937e+06  2.55336221e-08 
 5.88843655e+06  2.53715506e-08 
 6.02559586e+06  2.52115797e-08 
 6.16595002e+06  2.50536890e-08 
 6.30957344e+06  2.48978581e-08 
 6.45654229e+06  2.47440668e-08 
 6.60693448e+06  2.45922949e-08 
 6.76082975e+06  2.44425225e-08 
 6.91830971e+06  2.42947297e-08 
 7.07945784e+06  2.41488967e-08 
 7.24435960e+06  2.40050040e-08 
 7.41310241e+06  2.38630320e-08 
 7.58577575e+06  2.37229615e-08 
 7.76247117e+06  2.35847730e-08 
 7.94328235e+06  2.34484476e-08 
 8.12830516e+06  2.33139661e-08 
 8.31763771e+06  2.31813097e-08 
 8.51138038e+06  2.30504595e-08 
 8.70963590e+06  2.29213970e-08 
 8.91250938e+06  2.27941035e-08 
 9.12010839e+06  2.26685605e-08 
 9.33254301e+06  2.25447498e-08 
 9.54992586e+06  2.24226531e-08 
 9.77237221e+06  2.23022524e-08 
 1.00000000e+07  2.21835295e-08 
 1.02329299e+07  2.20664665e-08 
 1.04712855e+07  2.19510458e-08 
 1.07151931e+07  2.18372497e-08 
 1.09647820e+07  2.17250604e-08 
 1.12201845e+07  2.16144607e-08 
 1.14815362e+07  2.15054331e-08 
 1.17489755e+07  2.13979603e-08 
 1.20226443e+07  2.12920254e-08 
 1.23026877e+07  2.11876111e-08 
 1.25892541e+07  2.10847006e-08 
 1.28824955e+07  2.09832770e-08 
 1.31825674e+07  2.08833237e-08 
 1.34896288e+07  2.07848241e-08 
 1.38038426e+07  2.06877616e-08 
 1.41253754e+07  2.05921199e-08 
 1.44543977e+07  2.04978826e-08 
 1.47910839e+07  2.04050336e-08 
 1.51356125e+07  2.03135569e-08 
 1.54881662e+07  2.02234364e-08 
 1.58489319e+07  2.01346563e-08 
 1.62181010e+07  2.00472009e-08 
 1.65958691e+07  1.99610546e-08 
 1.69824365e+07  1.98762017e-08 
 1.73780083e+07  1.97926270e-08 
 1.77827941e+07  1.97103150e-08 
 1.81970086e+07  1.96292506e-08 
 1.86208714e+07  1.95494188e-08 
 1.90546072e+07  1.94708044e-08 
 1.94984460e+07  1.93933927e-08 
 1.99526231e+07  1.93171690e-08 
 2.04173794e+07  1.92421185e-08 
 2.08929613e+07  1.91682268e-08 
 2.13796209e+07  1.90954793e-08 
 2.18776162e+07  1.90238620e-08 
 2.23872114e+07  1.89533604e-08 
 2.29086765e+07  1.88839607e-08 
 2.34422882e+07  1.88156488e-08 
 2.39883292e+07  1.87484108e-08 
 2.45470892e+07  1.86822332e-08 
 2.51188643e+07  1.86171021e-08 
 2.57039578e+07  1.85530043e-08 
 2.63026799e+07  1.84899262e-08 
 2.69153480e+07  1.84278547e-08 
 2.75422870e+07  1.83667766e-08 
 2.81838293e+07  1.83066789e-08 
 2.88403150e+07  1.82475487e-08 
 2.95120923e+07  1.81893733e-08 
 3.01995172e+07  1.81321399e-08 
 3.09029543e+07  1.80758361e-08 
 3.16227766e+07  1.80204495e-08 
 3.23593657e+07  1.79659677e-08 
 3.31131121e+07  1.79123787e-08 
 3.38844156e+07  1.78596703e-08 
 3.46736850e+07  1.78078307e-08 
 3.54813389e+07  1.77568481e-08 
 3.63078055e+07  1.77067109e-08 
 3.71535229e+07  1.76574075e-08 
 3.80189396e+07  1.76089264e-08 
 3.89045145e+07  1.75612565e-08 
 3.98107171e+07  1.75143866e-08 
 4.07380278e+07  1.74683057e-08 
 4.16869383e+07  1.74230028e-08 
 4.26579519e+07  1.73784673e-08 
 4.36515832e+07  1.73346884e-08 
 4.46683592e+07  1.72916558e-08 
 4.57088190e+07  1.72493590e-08 
 4.67735141e+07  1.72077878e-08 
 4.78630092e+07  1.71669322e-08 
 4.89778819e+07  1.71267820e-08 
 5.01187234e+07  1.70873277e-08 
 5.12861384e+07  1.70485593e-08 
 5.24807460e+07  1.70104674e-08 
 5.37031796e+07  1.69730425e-08 
 5.49540874e+07  1.69362755e-08 
 5.62341325e+07  1.69001570e-08 
 5.75439937e+07  1.68646782e-08 
 5.88843655e+07  1.68298301e-08 
 6.02559586e+07  1.67956040e-08 
 6.16595002e+07  1.67619914e-08 
 6.30957344e+07  1.67289838e-08 
 6.45654229e+07  1.66965728e-08 
 6.60693448e+07  1.66647504e-08 
 6.76082975e+07  1.66335086e-08 
 6.91830971e+07  1.66028394e-08 
 7.07945784e+07  1.65727352e-08 
 7.24435960e+07  1.65431884e-08 
 7.41310241e+07  1.65141915e-08 
 7.58577575e+07  1.64857374e-08 
 7.76247117e+07  1.64578188e-08 
 7.94328235e+07  1.64304289e-08 
 8.12830516e+07  1.64035608e-08 
 8.31763771e+07  1.63772079e-08 
 8.51138038e+07  1.63513637e-08 
 8.70963590e+07  1.63260219e-08 
 8.91250938e+07  1.63011763e-08 
 9.12010839e+07  1.62768208e-08 
 9.33254301e+07  1.62529498e-08 
 9.54992586e+07  1.62295574e-08 
 9.77237221e+07  1.62066383e-08 
 1.00000000e+08  1.61841871e-08 
 1.02329299e+08  1.61621985e-08 
 1.04712855e+08  1.61406678e-08 
 1.07151931e+08  1.61195900e-08 
 1.09647820e+08  1.60989607e-08 
 1.12201845e+08  1.60787752e-08 
 1.14815362e+08  1.60590296e-08 
 1.17489755e+08  1.60397196e-08 
 1.20226443e+08  1.60208414e-08 
 1.23026877e+08  1.60023915e-08 
 1.25892541e+08  1.59843664e-08 
 1.28824955e+08  1.59667629e-08 
 1.31825674e+08  1.59495779e-08 
 1.34896288e+08  1.59328087e-08 
 1.38038426e+08  1.59164526e-08 
 1.41253754e+08  1.59005074e-08 
 1.44543977e+08  1.58849710e-08 
 1.47910839e+08  1.58698414e-08 
 1.51356125e+08  1.58551170e-08 
 1.54881662e+08  1.58407965e-08 
 1.58489319e+08  1.58268786e-08 
 1.62181010e+08  1.58133626e-08 
 1.65958691e+08  1.58002479e-08 
 1.69824365e+08  1.57875340e-08 
 1.73780083e+08  1.57752210e-08 
 1.77827941e+08  1.57633092e-08 
 1.81970086e+08  1.57517989e-08 
 1.86208714e+08  1.57406912e-08 
 1.90546072e+08  1.57299871e-08 
 1.94984460e+08  1.57196881e-08 
 1.99526231e+08  1.57097961e-08 
 2.04173794e+08  1.57003131e-08 
 2.08929613e+08  1.56912418e-08 
 2.13796209e+08  1.56825849e-08 
 2.18776162e+08  1.56743456e-08 
 2.23872114e+08  1.56665277e-08 
 2.29086765e+08  1.56591351e-08 
 2.34422882e+08  1.56521721e-08 
 2.39883292e+08  1.56456437e-08 
 2.45470892e+08  1.56395550e-08 
 2.51188643e+08  1.56339118e-08 
 2.57039578e+08  1.56287202e-08 
 2.63026799e+08  1.56239867e-08 
 2.69153480e+08  1.56197185e-08 
 2.75422870e+08  1.56159231e-08 
 2.81838293e+08  1.56126086e-08 
 2.88403150e+08  1.56097835e-08 
 2.95120923e+08  1.56074570e-08 
 3.01995172e+08  1.56056388e-08 
 3.09029543e+08  1.56043390e-08 
 3.16227766e+08  1.56035684e-08 
 3.23593657e+08  1.56033384e-08 
 3.31131121e+08  1.56036610e-08 
 3.38844156e+08  1.56045487e-08 
 3.46736850e+08  1.56060148e-08 
 3.54813389e+08  1.56080730e-08 
 3.63078055e+08  1.56107380e-08 
 3.71535229e+08  1.56140249e-08 
 3.80189396e+08  1.56179494e-08 
 3.89045145e+08  1.56225282e-08 
 3.98107171e+08  1.56277785e-08 
 4.07380278e+08  1.56337181e-08 
 4.16869383e+08  1.56403658e-08 
 4.26579519e+08  1.56477409e-08 
 4.36515832e+08  1.56558635e-08 
 4.46683592e+08  1.56647543e-08 
 4.57088190e+08  1.56744351e-08 
 4.67735141e+08  1.56849280e-08 
 4.78630092e+08  1.56962560e-08 
 4.89778819e+08  1.57084430e-08 
 5.01187234e+08  1.57215133e-08 
 5.12861384e+08  1.57354922e-08 
 5.24807460e+08  1.57504054e-08 
 5.37031796e+08  1.57662796e-08 
 5.49540874e+08  1.57831418e-08 
 5.62341325e+08  1.58010199e-08 
 5.75439937e+08  1.58199424e-08 
 5.88843655e+08  1.58399382e-08 
 6.02559586e+08  1.58610368e-08 
 6.16595002e+08  1.58832681e-08 
 6.30957344e+08  1.59066626e-08 
 6.45654229e+08  1.59312511e-08 
 6.60693448e+08  1.59570647e-08 
 6.76082975e+08  1.59841346e-08 
 6.91830971e+08  1.60124924e-08 
 7.07945784e+08  1.60421695e-08 
 7.24435960e+08  1.60731975e-08 
 7.41310241e+08  1.61056079e-08 
 7.58577575e+08  1.61394317e-08 
 7.76247117e+08  1.61746998e-08 
 7.94328235e+08  1.62114425e-08 
 8.12830516e+08  1.62496895e-08 
 8.31763771e+08  1.62894698e-08 
 8.51138038e+08  1.63308114e-08 
 8.70963590e+08  1.63737412e-08 
 8.91250938e+08  1.64182850e-08 
 9.12010839e+08  1.64644670e-08 
 9.33254301e+08  1.65123098e-08 
 9.54992586e+08  1.65618342e-08 
 9.77237221e+08  1.66130590e-08 
 1.00000000e+09  1.66660008e-08 
