 1.00000000e+00  1.51625583e-05 
 1.02329299e+00  1.50133651e-05 
 1.04712855e+00  1.48656504e-05 
 1.07151931e+00  1.47193995e-05 
 1.09647820e+00  1.45745975e-05 
 1.12201845e+00  1.44312302e-05 
 1.14815362e+00  1.42892831e-05 
 1.17489755e+00  1.41487421e-05 
 1.20226443e+00  1.40095931e-05 
 1.23026877e+00  1.38718221e-05 
 1.25892541e+00  1.37354155e-05 
 1.28824955e+00  1.36003596e-05 
 1.31825674e+00  1.34666409e-05 
 1.34896288e+00  1.33342460e-05 
 1.38038426e+00  1.32031617e-05 
 1.41253754e+00  1.30733750e-05 
 1.44543977e+00  1.29448729e-05 
 1.47910839e+00  1.28176425e-05 
 1.51356125e+00  1.26916712e-05 
 1.54881662e+00  1.25669464e-05 
 1.58489319e+00  1.24434556e-05 
 1.62181010e+00  1.23211866e-05 
 1.65958691e+00  1.22001271e-05 
 1.69824365e+00  1.20802651e-05 
 1.73780083e+00  1.19615886e-05 
 1.77827941e+00  1.18440859e-05 
 1.81970086e+00  1.17277451e-05 
 1.86208714e+00  1.16125548e-05 
 1.90546072e+00  1.14985034e-05 
 1.94984460e+00  1.13855795e-05 
 1.99526231e+00  1.12737721e-05 
 2.04173794e+00  1.11630698e-05 
 2.08929613e+00  1.10534617e-05 
 2.13796209e+00  1.09449370e-05 
 2.18776162e+00  1.08374847e-05 
 2.23872114e+00  1.07310942e-05 
 2.29086765e+00  1.06257550e-05 
 2.34422882e+00  1.05214565e-05 
 2.39883292e+00  1.04181884e-05 
 2.45470892e+00  1.03159404e-05 
 2.51188643e+00  1.02147024e-05 
 2.57039578e+00  1.01144644e-05 
 2.63026799e+00  1.00152162e-05 
 2.69153480e+00  9.91694819e-06 
 2.75422870e+00  9.81965049e-06 
 2.81838293e+00  9.72331347e-06 
 2.88403150e+00  9.62792757e-06 
 2.95120923e+00  9.53348332e-06 
 3.01995172e+00  9.43997135e-06 
 3.09029543e+00  9.34738239e-06 
 3.16227766e+00  9.25570724e-06 
 3.23593657e+00  9.16493683e-06 
 3.31131121e+00  9.07506215e-06 
 3.38844156e+00  8.98607429e-06 
 3.46736850e+00  8.89796443e-06 
 3.54813389e+00  8.81072384e-06 
 3.63078055e+00  8.72434388e-06 
 3.71535229e+00  8.63881599e-06 
 3.80189396e+00  8.55413170e-06 
 3.89045145e+00  8.47028262e-06 
 3.98107171e+00  8.38726045e-06 
 4.07380278e+00  8.30505698e-06 
 4.16869383e+00  8.22366407e-06 
 4.26579519e+00  8.14307365e-06 
 4.36515832e+00  8.06327777e-06 
 4.46683592e+00  7.98426853e-06 
 4.57088190e+00  7.90603811e-06 
 4.67735141e+00  7.82857877e-06 
 4.78630092e+00  7.75188286e-06 
 4.89778819e+00  7.67594280e-06 
 5.01187234e+00  7.60075108e-06 
 5.12861384e+00  7.52630028e-06 
 5.24807460e+00  7.45258302e-06 
 5.37031796e+00  7.37959204e-06 
 5.49540874e+00  7.30732013e-06 
 5.62341325e+00  7.23576014e-06 
 5.75439937e+00  7.16490501e-06 
 5.88843655e+00  7.09474776e-06 
 6.02559586e+00  7.02528144e-06 
 6.16595002e+00  6.95649921e-06 
 6.30957344e+00  6.88839429e-06 
 6.45654229e+00  6.82095994e-06 
 6.60693448e+00  6.75418953e-06 
 6.76082975e+00  6.68807647e-06 
 6.91830971e+00  6.62261423e-06 
 7.07945784e+00  6.55779637e-06 
 7.24435960e+00  6.49361649e-06 
 7.41310241e+00  6.43006827e-06 
 7.58577575e+00  6.36714545e-06 
 7.76247117e+00  6.30484183e-06 
 7.94328235e+00  6.24315128e-06 
 8.12830516e+00  6.18206771e-06 
 8.31763771e+00  6.12158511e-06 
 8.51138038e+00  6.06169752e-06 
 8.70963590e+00  6.00239906e-06 
 8.91250938e+00  5.94368389e-06 
 9.12010839e+00  5.88554622e-06 
 9.33254301e+00  5.82798034e-06 
 9.54992586e+00  5.77098058e-06 
 9.77237221e+00  5.71454133e-06 
 1.00000000e+01  5.65865706e-06 
 1.02329299e+01  5.60332226e-06 
 1.04712855e+01  5.54853148e-06 
 1.07151931e+01  5.49427936e-06 
 1.09647820e+01  5.44056054e-06 
 1.12201845e+01  5.38736976e-06 
 1.14815362e+01  5.33470179e-06 
 1.17489755e+01  5.28255146e-06 
 1.20226443e+01  5.23091363e-06 
 1.23026877e+01  5.17978325e-06 
 1.25892541e+01  5.12915529e-06 
 1.28824955e+01  5.07902478e-06 
 1.31825674e+01  5.02938680e-06 
 1.34896288e+01  4.98023647e-06 
 1.38038426e+01  4.93156899e-06 
 1.41253754e+01  4.88337956e-06 
 1.44543977e+01  4.83566346e-06 
 1.47910839e+01  4.78841601e-06 
 1.51356125e+01  4.74163259e-06 
 1.54881662e+01  4.69530859e-06 
 1.58489319e+01  4.64943948e-06 
 1.62181010e+01  4.60402077e-06 
 1.65958691e+01  4.55904800e-06 
 1.69824365e+01  4.51451676e-06 
 1.73780083e+01  4.47042270e-06 
 1.77827941e+01  4.42676148e-06 
 1.81970086e+01  4.38352884e-06 
 1.86208714e+01  4.34072054e-06 
 1.90546072e+01  4.29833239e-06 
 1.94984460e+01  4.25636024e-06 
 1.99526231e+01  4.21479997e-06 
 2.04173794e+01  4.17364753e-06 
 2.08929613e+01  4.13289888e-06 
 2.13796209e+01  4.09255004e-06 
 2.18776162e+01  4.05259706e-06 
 2.23872114e+01  4.01303603e-06 
 2.29086765e+01  3.97386308e-06 
 2.34422882e+01  3.93507438e-06 
 2.39883292e+01  3.89666614e-06 
 2.45470892e+01  3.85863460e-06 
 2.51188643e+01  3.82097604e-06 
 2.57039578e+01  3.78368679e-06 
 2.63026799e+01  3.74676320e-06 
 2.69153480e+01  3.71020166e-06 
 2.75422870e+01  3.67399860e-06 
 2.81838293e+01  3.63815049e-06 
 2.88403150e+01  3.60265382e-06 
 2.95120923e+01  3.56750512e-06 
 3.01995172e+01  3.53270097e-06 
 3.09029543e+01  3.49823796e-06 
 3.16227766e+01  3.46411274e-06 
 3.23593657e+01  3.43032196e-06 
 3.31131121e+01  3.39686234e-06 
 3.38844156e+01  3.36373061e-06 
 3.46736850e+01  3.33092354e-06 
 3.54813389e+01  3.29843792e-06 
 3.63078055e+01  3.26627059e-06 
 3.71535229e+01  3.23441841e-06 
 3.80189396e+01  3.20287827e-06 
 3.89045145e+01  3.17164710e-06 
 3.98107171e+01  3.14072186e-06 
 4.07380278e+01  3.11009953e-06 
 4.16869383e+01  3.07977713e-06 
 4.26579519e+01  3.04975170e-06 
 4.36515832e+01  3.02002031e-06 
 4.46683592e+01  2.99058007e-06 
 4.57088190e+01  2.96142812e-06 
 4.67735141e+01  2.93256161e-06 
 4.78630092e+01  2.90397774e-06 
 4.89778819e+01  2.87567371e-06 
 5.01187234e+01  2.84764677e-06 
 5.12861384e+01  2.81989421e-06 
 5.24807460e+01  2.79241330e-06 
 5.37031796e+01  2.76520139e-06 
 5.49540874e+01  2.73825582e-06 
 5.62341325e+01  2.71157397e-06 
 5.75439937e+01  2.68515325e-06 
 5.88843655e+01  2.65899108e-06 
 6.02559586e+01  2.63308492e-06 
 6.16595002e+01  2.60743226e-06 
 6.30957344e+01  2.58203059e-06 
 6.45654229e+01  2.55687746e-06 
 6.60693448e+01  2.53197040e-06 
 6.76082975e+01  2.50730701e-06 
 6.91830971e+01  2.48288489e-06 
 7.07945784e+01  2.45870166e-06 
 7.24435960e+01  2.43475497e-06 
 7.41310241e+01  2.41104251e-06 
 7.58577575e+01  2.38756195e-06 
 7.76247117e+01  2.36431103e-06 
 7.94328235e+01  2.34128749e-06 
 8.12830516e+01  2.31848909e-06 
 8.31763771e+01  2.29591362e-06 
 8.51138038e+01  2.27355888e-06 
 8.70963590e+01  2.25142271e-06 
 8.91250938e+01  2.22950296e-06 
 9.12010839e+01  2.20779750e-06 
 9.33254301e+01  2.18630422e-06 
 9.54992586e+01  2.16502105e-06 
 9.77237221e+01  2.14394591e-06 
 1.00000000e+02  2.12307677e-06 
 1.02329299e+02  2.10241159e-06 
 1.04712855e+02  2.08194838e-06 
 1.07151931e+02  2.06168515e-06 
 1.09647820e+02  2.04161993e-06 
 1.12201845e+02  2.02175079e-06 
 1.14815362e+02  2.00207579e-06 
 1.17489755e+02  1.98259303e-06 
 1.20226443e+02  1.96330062e-06 
 1.23026877e+02  1.94419670e-06 
 1.25892541e+02  1.92527941e-06 
 1.28824955e+02  1.90654691e-06 
 1.31825674e+02  1.88799741e-06 
 1.34896288e+02  1.86962909e-06 
 1.38038426e+02  1.85144018e-06 
 1.41253754e+02  1.83342892e-06 
 1.44543977e+02  1.81559357e-06 
 1.47910839e+02  1.79793239e-06 
 1.51356125e+02  1.78044369e-06 
 1.54881662e+02  1.76312576e-06 
 1.58489319e+02  1.74597694e-06 
 1.62181010e+02  1.72899556e-06 
 1.65958691e+02  1.71217998e-06 
 1.69824365e+02  1.69552857e-06 
 1.73780083e+02  1.67903973e-06 
 1.77827941e+02  1.66271185e-06 
 1.81970086e+02  1.64654337e-06 
 1.86208714e+02  1.63053271e-06 
 1.90546072e+02  1.61467833e-06 
 1.94984460e+02  1.59897870e-06 
 1.99526231e+02  1.58343230e-06 
 2.04173794e+02  1.56803762e-06 
 2.08929613e+02  1.55279318e-06 
 2.13796209e+02  1.53769751e-06 
 2.18776162e+02  1.52274914e-06 
 2.23872114e+02  1.50794664e-06 
 2.29086765e+02  1.49328857e-06 
 2.34422882e+02  1.47877352e-06 
 2.39883292e+02  1.46440009e-06 
 2.45470892e+02  1.45016689e-06 
 2.51188643e+02  1.43607254e-06 
 2.57039578e+02  1.42211568e-06 
 2.63026799e+02  1.40829497e-06 
 2.69153480e+02  1.39460908e-06 
 2.75422870e+02  1.38105667e-06 
 2.81838293e+02  1.36763645e-06 
 2.88403150e+02  1.35434712e-06 
 2.95120923e+02  1.34118740e-06 
 3.01995172e+02  1.32815601e-06 
 3.09029543e+02  1.31525170e-06 
 3.16227766e+02  1.30247323e-06 
 3.23593657e+02  1.28981937e-06 
 3.31131121e+02  1.27728889e-06 
 3.38844156e+02  1.26488058e-06 
 3.46736850e+02  1.25259325e-06 
 3.54813389e+02  1.24042572e-06 
 3.63078055e+02  1.22837681e-06 
 3.71535229e+02  1.21644536e-06 
 3.80189396e+02  1.20463022e-06 
 3.89045145e+02  1.19293026e-06 
 3.98107171e+02  1.18134434e-06 
 4.07380278e+02  1.16987135e-06 
 4.16869383e+02  1.15851018e-06 
 4.26579519e+02  1.14725974e-06 
 4.36515832e+02  1.13611895e-06 
 4.46683592e+02  1.12508673e-06 
 4.57088190e+02  1.11416203e-06 
 4.67735141e+02  1.10334378e-06 
 4.78630092e+02  1.09263095e-06 
 4.89778819e+02  1.08202250e-06 
 5.01187234e+02  1.07151743e-06 
 5.12861384e+02  1.06111470e-06 
 5.24807460e+02  1.05081333e-06 
 5.37031796e+02  1.04061232e-06 
 5.49540874e+02  1.03051069e-06 
 5.62341325e+02  1.02050747e-06 
 5.75439937e+02  1.01060170e-06 
 5.88843655e+02  1.00079242e-06 
 6.02559586e+02  9.91078691e-07 
 6.16595002e+02  9.81459577e-07 
 6.30957344e+02  9.71934154e-07 
 6.45654229e+02  9.62501506e-07 
 6.60693448e+02  9.53160726e-07 
 6.76082975e+02  9.43910917e-07 
 6.91830971e+02  9.34751189e-07 
 7.07945784e+02  9.25680661e-07 
 7.24435960e+02  9.16698463e-07 
 7.41310241e+02  9.07803730e-07 
 7.58577575e+02  8.98995609e-07 
 7.76247117e+02  8.90273252e-07 
 7.94328235e+02  8.81635822e-07 
 8.12830516e+02  8.73082489e-07 
 8.31763771e+02  8.64612432e-07 
 8.51138038e+02  8.56224837e-07 
 8.70963590e+02  8.47918899e-07 
 8.91250938e+02  8.39693819e-07 
 9.12010839e+02  8.31548809e-07 
 9.33254301e+02  8.23483086e-07 
 9.54992586e+02  8.15495876e-07 
 9.77237221e+02  8.07586412e-07 
 1.00000000e+03  7.99753935e-07 
 1.02329299e+03  7.91997693e-07 
 1.04712855e+03  7.84316942e-07 
 1.07151931e+03  7.76710945e-07 
 1.09647820e+03  7.69178972e-07 
 1.12201845e+03  7.61720300e-07 
 1.14815362e+03  7.54334214e-07 
 1.17489755e+03  7.47020006e-07 
 1.20226443e+03  7.39776973e-07 
 1.23026877e+03  7.32604422e-07 
 1.25892541e+03  7.25501664e-07 
 1.28824955e+03  7.18468018e-07 
 1.31825674e+03  7.11502809e-07 
 1.34896288e+03  7.04605371e-07 
 1.38038426e+03  6.97775041e-07 
 1.41253754e+03  6.91011166e-07 
 1.44543977e+03  6.84313096e-07 
 1.47910839e+03  6.77680189e-07 
 1.51356125e+03  6.71111811e-07 
 1.54881662e+03  6.64607331e-07 
 1.58489319e+03  6.58166126e-07 
 1.62181010e+03  6.51787580e-07 
 1.65958691e+03  6.45471080e-07 
 1.69824365e+03  6.39216023e-07 
 1.73780083e+03  6.33021808e-07 
 1.77827941e+03  6.26887843e-07 
 1.81970086e+03  6.20813540e-07 
 1.86208714e+03  6.14798317e-07 
 1.90546072e+03  6.08841599e-07 
 1.94984460e+03  6.02942814e-07 
 1.99526231e+03  5.97101399e-07 
 2.04173794e+03  5.91316794e-07 
 2.08929613e+03  5.85588445e-07 
 2.13796209e+03  5.79915804e-07 
 2.18776162e+03  5.74298328e-07 
 2.23872114e+03  5.68735479e-07 
 2.29086765e+03  5.63226725e-07 
 2.34422882e+03  5.57771540e-07 
 2.39883292e+03  5.52369400e-07 
 2.45470892e+03  5.47019790e-07 
 2.51188643e+03  5.41722197e-07 
 2.57039578e+03  5.36476114e-07 
 2.63026799e+03  5.31281041e-07 
 2.69153480e+03  5.26136479e-07 
 2.75422870e+03  5.21041937e-07 
 2.81838293e+03  5.15996928e-07 
 2.88403150e+03  5.11000969e-07 
 2.95120923e+03  5.06053583e-07 
 3.01995172e+03  5.01154297e-07 
 3.09029543e+03  4.96302642e-07 
 3.16227766e+03  4.91498154e-07 
 3.23593657e+03  4.86740375e-07 
 3.31131121e+03  4.82028849e-07 
 3.38844156e+03  4.77363127e-07 
 3.46736850e+03  4.72742761e-07 
 3.54813389e+03  4.68167312e-07 
 3.63078055e+03  4.63636341e-07 
 3.71535229e+03  4.59149416e-07 
 3.80189396e+03  4.54706109e-07 
 3.89045145e+03  4.50305993e-07 
 3.98107171e+03  4.45948650e-07 
 4.07380278e+03  4.41633664e-07 
 4.16869383e+03  4.37360621e-07 
 4.26579519e+03  4.33129114e-07 
 4.36515832e+03  4.28938740e-07 
 4.46683592e+03  4.24789096e-07 
 4.57088190e+03  4.20679789e-07 
 4.67735141e+03  4.16610424e-07 
 4.78630092e+03  4.12580615e-07 
 4.89778819e+03  4.08589975e-07 
 5.01187234e+03  4.04638125e-07 
 5.12861384e+03  4.00724686e-07 
 5.24807460e+03  3.96849286e-07 
 5.37031796e+03  3.93011554e-07 
 5.49540874e+03  3.89211125e-07 
 5.62341325e+03  3.85447635e-07 
 5.75439937e+03  3.81720726e-07 
 5.88843655e+03  3.78030043e-07 
 6.02559586e+03  3.74375232e-07 
 6.16595002e+03  3.70755945e-07 
 6.30957344e+03  3.67171838e-07 
 6.45654229e+03  3.63622567e-07 
 6.60693448e+03  3.60107796e-07 
 6.76082975e+03  3.56627188e-07 
 6.91830971e+03  3.53180411e-07 
 7.07945784e+03  3.49767138e-07 
 7.24435960e+03  3.46387042e-07 
 7.41310241e+03  3.43039801e-07 
 7.58577575e+03  3.39725097e-07 
 7.76247117e+03  3.36442612e-07 
 7.94328235e+03  3.33192035e-07 
 8.12830516e+03  3.29973055e-07 
 8.31763771e+03  3.26785366e-07 
 8.51138038e+03  3.23628663e-07 
 8.70963590e+03  3.20502647e-07 
 8.91250938e+03  3.17407018e-07 
 9.12010839e+03  3.14341483e-07 
 9.33254301e+03  3.11305749e-07 
 9.54992586e+03  3.08299526e-07 
 9.77237221e+03  3.05322529e-07 
 1.00000000e+04  3.02374474e-07 
 1.02329299e+04  2.99455079e-07 
 1.04712855e+04  2.96564068e-07 
 1.07151931e+04  2.93701164e-07 
 1.09647820e+04  2.90866095e-07 
 1.12201845e+04  2.88058591e-07 
 1.14815362e+04  2.85278384e-07 
 1.17489755e+04  2.82525211e-07 
 1.20226443e+04  2.79798808e-07 
 1.23026877e+04  2.77098916e-07 
 1.25892541e+04  2.74425278e-07 
 1.28824955e+04  2.71777640e-07 
 1.31825674e+04  2.69155749e-07 
 1.34896288e+04  2.66559356e-07 
 1.38038426e+04  2.63988214e-07 
 1.41253754e+04  2.61442078e-07 
 1.44543977e+04  2.58920706e-07 
 1.47910839e+04  2.56423858e-07 
 1.51356125e+04  2.53951296e-07 
 1.54881662e+04  2.51502785e-07 
 1.58489319e+04  2.49078093e-07 
 1.62181010e+04  2.46676987e-07 
 1.65958691e+04  2.44299241e-07 
 1.69824365e+04  2.41944627e-07 
 1.73780083e+04  2.39612922e-07 
 1.77827941e+04  2.37303904e-07 
 1.81970086e+04  2.35017353e-07 
 1.86208714e+04  2.32753052e-07 
 1.90546072e+04  2.30510786e-07 
 1.94984460e+04  2.28290340e-07 
 1.99526231e+04  2.26091506e-07 
 2.04173794e+04  2.23914072e-07 
 2.08929613e+04  2.21757832e-07 
 2.13796209e+04  2.19622581e-07 
 2.18776162e+04  2.17508117e-07 
 2.23872114e+04  2.15414237e-07 
 2.29086765e+04  2.13340743e-07 
 2.34422882e+04  2.11287438e-07 
 2.39883292e+04  2.09254127e-07 
 2.45470892e+04  2.07240617e-07 
 2.51188643e+04  2.05246715e-07 
 2.57039578e+04  2.03272233e-07 
 2.63026799e+04  2.01316983e-07 
 2.69153480e+04  1.99380779e-07 
 2.75422870e+04  1.97463437e-07 
 2.81838293e+04  1.95564776e-07 
 2.88403150e+04  1.93684614e-07 
 2.95120923e+04  1.91822773e-07 
 3.01995172e+04  1.89979076e-07 
 3.09029543e+04  1.88153348e-07 
 3.16227766e+04  1.86345415e-07 
 3.23593657e+04  1.84555107e-07 
 3.31131121e+04  1.82782252e-07 
 3.38844156e+04  1.81026682e-07 
 3.46736850e+04  1.79288232e-07 
 3.54813389e+04  1.77566734e-07 
 3.63078055e+04  1.75862027e-07 
 3.71535229e+04  1.74173948e-07 
 3.80189396e+04  1.72502337e-07 
 3.89045145e+04  1.70847035e-07 
 3.98107171e+04  1.69207885e-07 
 4.07380278e+04  1.67584731e-07 
 4.16869383e+04  1.65977420e-07 
 4.26579519e+04  1.64385798e-07 
 4.36515832e+04  1.62809715e-07 
 4.46683592e+04  1.61249021e-07 
 4.57088190e+04  1.59703568e-07 
 4.67735141e+04  1.58173209e-07 
 4.78630092e+04  1.56657799e-07 
 4.89778819e+04  1.55157194e-07 
 5.01187234e+04  1.53671252e-07 
 5.12861384e+04  1.52199831e-07 
 5.24807460e+04  1.50742792e-07 
 5.37031796e+04  1.49299997e-07 
 5.49540874e+04  1.47871309e-07 
 5.62341325e+04  1.46456592e-07 
 5.75439937e+04  1.45055712e-07 
 5.88843655e+04  1.43668536e-07 
 6.02559586e+04  1.42294933e-07 
 6.16595002e+04  1.40934772e-07 
 6.30957344e+04  1.39587924e-07 
 6.45654229e+04  1.38254262e-07 
 6.60693448e+04  1.36933658e-07 
 6.76082975e+04  1.35625988e-07 
 6.91830971e+04  1.34331127e-07 
 7.07945784e+04  1.33048953e-07 
 7.24435960e+04  1.31779345e-07 
 7.41310241e+04  1.30522181e-07 
 7.58577575e+04  1.29277342e-07 
 7.76247117e+04  1.28044711e-07 
 7.94328235e+04  1.26824170e-07 
 8.12830516e+04  1.25615604e-07 
 8.31763771e+04  1.24418898e-07 
 8.51138038e+04  1.23233939e-07 
 8.70963590e+04  1.22060614e-07 
 8.91250938e+04  1.20898812e-07 
 9.12010839e+04  1.19748422e-07 
 9.33254301e+04  1.18609337e-07 
 9.54992586e+04  1.17481447e-07 
 9.77237221e+04  1.16364646e-07 
 1.00000000e+05  1.15258827e-07 
 1.02329299e+05  1.14163887e-07 
 1.04712855e+05  1.13079721e-07 
 1.07151931e+05  1.12006226e-07 
 1.09647820e+05  1.10943301e-07 
 1.12201845e+05  1.09890844e-07 
 1.14815362e+05  1.08848757e-07 
 1.17489755e+05  1.07816940e-07 
 1.20226443e+05  1.06795295e-07 
 1.23026877e+05  1.05783726e-07 
 1.25892541e+05  1.04782136e-07 
 1.28824955e+05  1.03790431e-07 
 1.31825674e+05  1.02808516e-07 
 1.34896288e+05  1.01836299e-07 
 1.38038426e+05  1.00873688e-07 
 1.41253754e+05  9.99205900e-08 
 1.44543977e+05  9.89769160e-08 
 1.47910839e+05  9.80425762e-08 
 1.51356125e+05  9.71174820e-08 
 1.54881662e+05  9.62015457e-08 
 1.58489319e+05  9.52946804e-08 
 1.62181010e+05  9.43968001e-08 
 1.65958691e+05  9.35078197e-08 
 1.69824365e+05  9.26276549e-08 
 1.73780083e+05  9.17562222e-08 
 1.77827941e+05  9.08934389e-08 
 1.81970086e+05  9.00392232e-08 
 1.86208714e+05  8.91934942e-08 
 1.90546072e+05  8.83561715e-08 
 1.94984460e+05  8.75271758e-08 
 1.99526231e+05  8.67064284e-08 
 2.04173794e+05  8.58938515e-08 
 2.08929613e+05  8.50893680e-08 
 2.13796209e+05  8.42929014e-08 
 2.18776162e+05  8.35043764e-08 
 2.23872114e+05  8.27237180e-08 
 2.29086765e+05  8.19508522e-08 
 2.34422882e+05  8.11857055e-08 
 2.39883292e+05  8.04282055e-08 
 2.45470892e+05  7.96782802e-08 
 2.51188643e+05  7.89358583e-08 
 2.57039578e+05  7.82008695e-08 
 2.63026799e+05  7.74732439e-08 
 2.69153480e+05  7.67529125e-08 
 2.75422870e+05  7.60398067e-08 
 2.81838293e+05  7.53338590e-08 
 2.88403150e+05  7.46350021e-08 
 2.95120923e+05  7.39431698e-08 
 3.01995172e+05  7.32582963e-08 
 3.09029543e+05  7.25803165e-08 
 3.16227766e+05  7.19091660e-08 
 3.23593657e+05  7.12447810e-08 
 3.31131121e+05  7.05870982e-08 
 3.38844156e+05  6.99360552e-08 
 3.46736850e+05  6.92915900e-08 
 3.54813389e+05  6.86536413e-08 
 3.63078055e+05  6.80221484e-08 
 3.71535229e+05  6.73970513e-08 
 3.80189396e+05  6.67782904e-08 
 3.89045145e+05  6.61658068e-08 
 3.98107171e+05  6.55595421e-08 
 4.07380278e+05  6.49594387e-08 
 4.16869383e+05  6.43654393e-08 
 4.26579519e+05  6.37774874e-08 
 4.36515832e+05  6.31955268e-08 
 4.46683592e+05  6.26195021e-08 
 4.57088190e+05  6.20493583e-08 
 4.67735141e+05  6.14850411e-08 
 4.78630092e+05  6.09264965e-08 
 4.89778819e+05  6.03736713e-08 
 5.01187234e+05  5.98265125e-08 
 5.12861384e+05  5.92849680e-08 
 5.24807460e+05  5.87489860e-08 
 5.37031796e+05  5.82185152e-08 
 5.49540874e+05  5.76935048e-08 
 5.62341325e+05  5.71739047e-08 
 5.75439937e+05  5.66596651e-08 
 5.88843655e+05  5.61507366e-08 
 6.02559586e+05  5.56470706e-08 
 6.16595002e+05  5.51486187e-08 
 6.30957344e+05  5.46553332e-08 
 6.45654229e+05  5.41671666e-08 
 6.60693448e+05  5.36840721e-08 
 6.76082975e+05  5.32060033e-08 
 6.91830971e+05  5.27329141e-08 
 7.07945784e+05  5.22647591e-08 
 7.24435960e+05  5.18014933e-08 
 7.41310241e+05  5.13430719e-08 
 7.58577575e+05  5.08894508e-08 
 7.76247117e+05  5.04405862e-08 
 7.94328235e+05  4.99964348e-08 
 8.12830516e+05  4.95569536e-08 
 8.31763771e+05  4.91221003e-08 
 8.51138038e+05  4.86918327e-08 
 8.70963590e+05  4.82661091e-08 
 8.91250938e+05  4.78448882e-08 
 9.12010839e+05  4.74281293e-08 
 9.33254301e+05  4.70157917e-08 
 9.54992586e+05  4.66078356e-08 
 9.77237221e+05  4.62042210e-08 
 1.00000000e+06  4.58049089e-08 
 1.02329299e+06  4.54098601e-08 
 1.04712855e+06  4.50190362e-08 
 1.07151931e+06  4.46323989e-08 
 1.09647820e+06  4.42499105e-08 
 1.12201845e+06  4.38715334e-08 
 1.14815362e+06  4.34972306e-08 
 1.17489755e+06  4.31269653e-08 
 1.20226443e+06  4.27607010e-08 
 1.23026877e+06  4.23984018e-08 
 1.25892541e+06  4.20400318e-08 
 1.28824955e+06  4.16855558e-08 
 1.31825674e+06  4.13349386e-08 
 1.34896288e+06  4.09881456e-08 
 1.38038426e+06  4.06451423e-08 
 1.41253754e+06  4.03058947e-08 
 1.44543977e+06  3.99703689e-08 
 1.47910839e+06  3.96385315e-08 
 1.51356125e+06  3.93103493e-08 
 1.54881662e+06  3.89857896e-08 
 1.58489319e+06  3.86648198e-08 
 1.62181010e+06  3.83474077e-08 
 1.65958691e+06  3.80335212e-08 
 1.69824365e+06  3.77231288e-08 
 1.73780083e+06  3.74161989e-08 
 1.77827941e+06  3.71127007e-08 
 1.81970086e+06  3.68126032e-08 
 1.86208714e+06  3.65158759e-08 
 1.90546072e+06  3.62224885e-08 
 1.94984460e+06  3.59324110e-08 
 1.99526231e+06  3.56456137e-08 
 2.04173794e+06  3.53620672e-08 
 2.08929613e+06  3.50817421e-08 
 2.13796209e+06  3.48046094e-08 
 2.18776162e+06  3.45306407e-08 
 2.23872114e+06  3.42598072e-08 
 2.29086765e+06  3.39920808e-08 
 2.34422882e+06  3.37274335e-08 
 2.39883292e+06  3.34658376e-08 
 2.45470892e+06  3.32072655e-08 
 2.51188643e+06  3.29516900e-08 
 2.57039578e+06  3.26990839e-08 
 2.63026799e+06  3.24494205e-08 
 2.69153480e+06  3.22026732e-08 
 2.75422870e+06  3.19588154e-08 
 2.81838293e+06  3.17178211e-08 
 2.88403150e+06  3.14796642e-08 
 2.95120923e+06  3.12443190e-08 
 3.01995172e+06  3.10117599e-08 
 3.09029543e+06  3.07819616e-08 
 3.16227766e+06  3.05548990e-08 
 3.23593657e+06  3.03305469e-08 
 3.31131121e+06  3.01088807e-08 
 3.38844156e+06  2.98898758e-08 
 3.46736850e+06  2.96735078e-08 
 3.54813389e+06  2.94597525e-08 
 3.63078055e+06  2.92485858e-08 
 3.71535229e+06  2.90399839e-08 
 3.80189396e+06  2.88339232e-08 
 3.89045145e+06  2.86303801e-08 
 3.98107171e+06  2.84293313e-08 
 4.07380278e+06  2.82307537e-08 
 4.16869383e+06  2.80346242e-08 
 4.26579519e+06  2.78409201e-08 
 4.36515832e+06  2.76496187e-08 
 4.46683592e+06  2.74606975e-08 
 4.57088190e+06  2.72741341e-08 
 4.67735141e+06  2.70899064e-08 
 4.78630092e+06  2.69079923e-08 
 4.89778819e+06  2.67283699e-08 
 5.01187234e+06  2.65510176e-08 
 5.12861384e+06  2.63759137e-08 
 5.24807460e+06  2.62030368e-08 
 5.37031796e+06  2.60323655e-08 
 5.49540874e+06  2.58638788e-08 
 5.62341325e+06  2.56975556e-08 
 5.75439937e+06  2.55333751e-08 
 5.88843655e+06  2.53713164e-08 
 6.02559586e+06  2.52113590e-08 
 6.16595002e+06  2.50534824e-08 
 6.30957344e+06  2.48976663e-08 
 6.45654229e+06  2.47438904e-08 
 6.60693448e+06  2.45921347e-08 
 6.76082975e+06  2.44423791e-08 
 6.91830971e+06  2.42946040e-08 
 7.07945784e+06  2.41487895e-08 
 7.24435960e+06  2.40049161e-08 
 7.41310241e+06  2.38629643e-08 
 7.58577575e+06  2.37229148e-08 
 7.76247117e+06  2.35847483e-08 
 7.94328235e+06  2.34484457e-08 
 8.12830516e+06  2.33139881e-08 
 8.31763771e+06  2.31813566e-08 
 8.51138038e+06  2.30505325e-08 
 8.70963590e+06  2.29214970e-08 
 8.91250938e+06  2.27942316e-08 
 9.12010839e+06  2.26687181e-08 
 9.33254301e+06  2.25449380e-08 
 9.54992586e+06  2.24228732e-08 
 9.77237221e+06  2.23025056e-08 
 1.00000000e+07  2.21838172e-08 
 1.02329299e+07  2.20667903e-08 
 1.04712855e+07  2.19514070e-08 
 1.07151931e+07  2.18376498e-08 
 1.09647820e+07  2.17255011e-08 
 1.12201845e+07  2.16149435e-08 
 1.14815362e+07  2.15059597e-08 
 1.17489755e+07  2.13985326e-08 
 1.20226443e+07  2.12926450e-08 
 1.23026877e+07  2.11882800e-08 
 1.25892541e+07  2.10854208e-08 
 1.28824955e+07  2.09840505e-08 
 1.31825674e+07  2.08841526e-08 
 1.34896288e+07  2.07857105e-08 
 1.38038426e+07  2.06887078e-08 
 1.41253754e+07  2.05931283e-08 
 1.44543977e+07  2.04989556e-08 
 1.47910839e+07  2.04061738e-08 
 1.51356125e+07  2.03147668e-08 
 1.54881662e+07  2.02247188e-08 
 1.58489319e+07  2.01360140e-08 
 1.62181010e+07  2.00486368e-08 
 1.65958691e+07  1.99625717e-08 
 1.69824365e+07  1.98778033e-08 
 1.73780083e+07  1.97943162e-08 
 1.77827941e+07  1.97120953e-08 
 1.81970086e+07  1.96311255e-08 
 1.86208714e+07  1.95513918e-08 
 1.90546072e+07  1.94728795e-08 
 1.94984460e+07  1.93955738e-08 
 1.99526231e+07  1.93194601e-08 
 2.04173794e+07  1.92445239e-08 
 2.08929613e+07  1.91707509e-08 
 2.13796209e+07  1.90981268e-08 
 2.18776162e+07  1.90266374e-08 
 2.23872114e+07  1.89562689e-08 
 2.29086765e+07  1.88870072e-08 
 2.34422882e+07  1.88188387e-08 
 2.39883292e+07  1.87517498e-08 
 2.45470892e+07  1.86857268e-08 
 2.51188643e+07  1.86207564e-08 
 2.57039578e+07  1.85568255e-08 
 2.63026799e+07  1.84939207e-08 
 2.69153480e+07  1.84320292e-08 
 2.75422870e+07  1.83711382e-08 
 2.81838293e+07  1.83112347e-08 
 2.88403150e+07  1.82523063e-08 
 2.95120923e+07  1.81943404e-08 
 3.01995172e+07  1.81373247e-08 
 3.09029543e+07  1.80812470e-08 
 3.16227766e+07  1.80260953e-08 
 3.23593657e+07  1.79718576e-08 
 3.31131121e+07  1.79185221e-08 
 3.38844156e+07  1.78660771e-08 
 3.46736850e+07  1.78145112e-08 
 3.54813389e+07  1.77638130e-08 
 3.63078055e+07  1.77139712e-08 
 3.71535229e+07  1.76649748e-08 
 3.80189396e+07  1.76168128e-08 
 3.89045145e+07  1.75694745e-08 
 3.98107171e+07  1.75229491e-08 
 4.07380278e+07  1.74772263e-08 
 4.16869383e+07  1.74322956e-08 
 4.26579519e+07  1.73881469e-08 
 4.36515832e+07  1.73447702e-08 
 4.46683592e+07  1.73021555e-08 
 4.57088190e+07  1.72602932e-08 
 4.67735141e+07  1.72191737e-08 
 4.78630092e+07  1.71787876e-08 
 4.89778819e+07  1.71391258e-08 
 5.01187234e+07  1.71001790e-08 
 5.12861384e+07  1.70619384e-08 
 5.24807460e+07  1.70243954e-08 
 5.37031796e+07  1.69875413e-08 
 5.49540874e+07  1.69513678e-08 
 5.62341325e+07  1.69158666e-08 
 5.75439937e+07  1.68810298e-08 
 5.88843655e+07  1.68468495e-08 
 6.02559586e+07  1.68133180e-08 
 6.16595002e+07  1.67804279e-08 
 6.30957344e+07  1.67481719e-08 
 6.45654229e+07  1.67165429e-08 
 6.60693448e+07  1.66855340e-08 
 6.76082975e+07  1.66551385e-08 
 6.91830971e+07  1.66253500e-08 
 7.07945784e+07  1.65961621e-08 
 7.24435960e+07  1.65675687e-08 
 7.41310241e+07  1.65395641e-08 
 7.58577575e+07  1.65121425e-08 
 7.76247117e+07  1.64852986e-08 
 7.94328235e+07  1.64590271e-08 
 8.12830516e+07  1.64333230e-08 
 8.31763771e+07  1.64081818e-08 
 8.51138038e+07  1.63835987e-08 
 8.70963590e+07  1.63595697e-08 
 8.91250938e+07  1.63360907e-08 
 9.12010839e+07  1.63131580e-08 
 9.33254301e+07  1.62907680e-08 
 9.54992586e+07  1.62689176e-08 
 9.77237221e+07  1.62476039e-08 
 1.00000000e+08  1.62268241e-08 
 1.02329299e+08  1.62065759e-08 
 1.04712855e+08  1.61868572e-08 
 1.07151931e+08  1.61676663e-08 
 1.09647820e+08  1.61490017e-08 
 1.12201845e+08  1.61308622e-08 
 1.14815362e+08  1.61132470e-08 
 1.17489755e+08  1.60961556e-08 
 1.20226443e+08  1.60795879e-08 
 1.23026877e+08  1.60635440e-08 
 1.25892541e+08  1.60480245e-08 
 1.28824955e+08  1.60330303e-08 
 1.31825674e+08  1.60185628e-08 
 1.34896288e+08  1.60046237e-08 
 1.38038426e+08  1.59912149e-08 
 1.41253754e+08  1.59783392e-08 
 1.44543977e+08  1.59659993e-08 
 1.47910839e+08  1.59541987e-08 
 1.51356125e+08  1.59429411e-08 
 1.54881662e+08  1.59322308e-08 
 1.58489319e+08  1.59220727e-08 
 1.62181010e+08  1.59124719e-08 
 1.65958691e+08  1.59034340e-08 
 1.69824365e+08  1.58949655e-08 
 1.73780083e+08  1.58870729e-08 
 1.77827941e+08  1.58797637e-08 
 1.81970086e+08  1.58730456e-08 
 1.86208714e+08  1.58669271e-08 
 1.90546072e+08  1.58614172e-08 
 1.94984460e+08  1.58565254e-08 
 1.99526231e+08  1.58522620e-08 
 2.04173794e+08  1.58486377e-08 
 2.08929613e+08  1.58456640e-08 
 2.13796209e+08  1.58433531e-08 
 2.18776162e+08  1.58417176e-08 
 2.23872114e+08  1.58407710e-08 
 2.29086765e+08  1.58405274e-08 
 2.34422882e+08  1.58410017e-08 
 2.39883292e+08  1.58422094e-08 
 2.45470892e+08  1.58441668e-08 
 2.51188643e+08  1.58468910e-08 
 2.57039578e+08  1.58503996e-08 
 2.63026799e+08  1.58547111e-08 
 2.69153480e+08  1.58598448e-08 
 2.75422870e+08  1.58658208e-08 
 2.81838293e+08  1.58726597e-08 
 2.88403150e+08  1.58803834e-08 
 2.95120923e+08  1.58890138e-08 
 3.01995172e+08  1.58985743e-08 
 3.09029543e+08  1.59090887e-08 
 3.16227766e+08  1.59205815e-08 
 3.23593657e+08  1.59330782e-08 
 3.31131121e+08  1.59466047e-08 
 3.38844156e+08  1.59611879e-08 
 3.46736850e+08  1.59768552e-08 
 3.54813389e+08  1.59936347e-08 
 3.63078055e+08  1.60115552e-08 
 3.71535229e+08  1.60306459e-08 
 3.80189396e+08  1.60509367e-08 
 3.89045145e+08  1.60724580e-08 
 3.98107171e+08  1.60952406e-08 
 4.07380278e+08  1.61193155e-08 
 4.16869383e+08  1.61447144e-08 
 4.26579519e+08  1.61714689e-08 
 4.36515832e+08  1.61996107e-08 
 4.46683592e+08  1.62291719e-08 
 4.57088190e+08  1.62601843e-08 
 4.67735141e+08  1.62926795e-08 
 4.78630092e+08  1.63266888e-08 
 4.89778819e+08  1.63622435e-08 
 5.01187234e+08  1.63993738e-08 
 5.12861384e+08  1.64381095e-08 
 5.24807460e+08  1.64784794e-08 
 5.37031796e+08  1.65205114e-08 
 5.49540874e+08  1.65642322e-08 
 5.62341325e+08  1.66096669e-08 
 5.75439937e+08  1.66568391e-08 
 5.88843655e+08  1.67057706e-08 
 6.02559586e+08  1.67564812e-08 
 6.16595002e+08  1.68089882e-08 
 6.30957344e+08  1.68633067e-08 
 6.45654229e+08  1.69194487e-08 
 6.60693448e+08  1.69774237e-08 
 6.76082975e+08  1.70372372e-08 
 6.91830971e+08  1.70988916e-08 
 7.07945784e+08  1.71623854e-08 
 7.24435960e+08  1.72277130e-08 
 7.41310241e+08  1.72948644e-08 
 7.58577575e+08  1.73638250e-08 
 7.76247117e+08  1.74345751e-08 
 7.94328235e+08  1.75070902e-08 
 8.12830516e+08  1.75813400e-08 
 8.31763771e+08  1.76572886e-08 
 8.51138038e+08  1.77348943e-08 
 8.70963590e+08  1.78141092e-08 
 8.91250938e+08  1.78948790e-08 
 9.12010839e+08  1.79771429e-08 
 9.33254301e+08  1.80608337e-08 
 9.54992586e+08  1.81458768e-08 
 9.77237221e+08  1.82321916e-08 
 1.00000000e+09  1.83196896e-08 
