 1.00000000e+00 -1.05052852e-04 
 1.25892541e+00 -1.32253704e-04 
 1.58489319e+00 -1.66497549e-04 
 1.99526231e+00 -2.09607996e-04 
 2.51188643e+00 -2.63880832e-04 
 3.16227766e+00 -3.32206286e-04 
 3.98107171e+00 -4.18222935e-04 
 5.01187234e+00 -5.26511481e-04 
 6.30957344e+00 -6.62838683e-04 
 7.94328235e+00 -8.34464461e-04 
 1.00000000e+01 -1.05052852e-03 
 1.25892541e+01 -1.32253704e-03 
 1.58489319e+01 -1.66497549e-03 
 1.99526231e+01 -2.09607996e-03 
 2.51188643e+01 -2.63880832e-03 
 3.16227766e+01 -3.32206285e-03 
 3.98107171e+01 -4.18222934e-03 
 5.01187234e+01 -5.26511479e-03 
 6.30957344e+01 -6.62838680e-03 
 7.94328235e+01 -8.34464456e-03 
 1.00000000e+02 -1.05052850e-02 
 1.25892541e+02 -1.32253702e-02 
 1.58489319e+02 -1.66497545e-02 
 1.99526231e+02 -2.09607987e-02 
 2.51188643e+02 -2.63880814e-02 
 3.16227766e+02 -3.32206249e-02 
 3.98107171e+02 -4.18222861e-02 
 5.01187234e+02 -5.26511333e-02 
 6.30957344e+02 -6.62838387e-02 
 7.94328235e+02 -8.34463872e-02 
 1.00000000e+03 -1.05052734e-01 
 1.25892541e+03 -1.32253470e-01 
 1.58489319e+03 -1.66497081e-01 
 1.99526231e+03 -2.09607062e-01 
 2.51188643e+03 -2.63878969e-01 
 3.16227766e+03 -3.32202567e-01 
 3.98107171e+03 -4.18215516e-01 
 5.01187234e+03 -5.26496679e-01 
 6.30957344e+03 -6.62809150e-01 
 7.94328235e+03 -8.34405538e-01 
 1.00000000e+04 -1.05041096e+00 
 1.25892541e+04 -1.32230251e+00 
 1.58489319e+04 -1.66450762e+00 
 1.99526231e+04 -2.09514671e+00 
 2.51188643e+04 -2.63694713e+00 
 3.16227766e+04 -3.31835204e+00 
 3.98107171e+04 -4.17483399e+00 
 5.01187234e+04 -5.25038652e+00 
 6.30957344e+04 -6.59908614e+00 
 7.94328235e+04 -8.28645193e+00 
 1.00000000e+05 -1.03900169e+01 
 1.25892541e+05 -1.29979826e+01 
 1.58489319e+05 -1.62040079e+01 
 1.99526231e+05 -2.00952616e+01 
 2.51188643e+05 -2.47306760e+01 
 3.16227766e+05 -3.01088524e+01 
 3.98107171e+05 -3.61328080e+01 
 5.01187234e+05 -4.25905181e+01 
 6.30957344e+05 -4.91748149e+01 
 7.94328235e+05 -5.55481832e+01 
 1.00000000e+06 -6.14238824e+01 
 1.25892541e+06 -6.66203640e+01 
 1.58489319e+06 -7.10691178e+01 
 1.99526231e+06 -7.47887003e+01 
 2.51188643e+06 -7.78489958e+01 
 3.16227766e+06 -8.03416069e+01 
 3.98107171e+06 -8.23609648e+01 
 5.01187234e+06 -8.39945386e+01 
 6.30957344e+06 -8.53189737e+01 
 7.94328235e+06 -8.63995193e+01 
 1.00000000e+07 -8.72910384e+01 
 1.25892541e+07 -8.80396500e+01 
 1.58489319e+07 -8.86845276e+01 
 1.99526231e+07 -8.92596467e+01 
 2.51188643e+07 -8.97954138e+01 
 3.16227766e+07 -9.03201763e+01 
 3.98107171e+07 -9.08616417e+01 
 5.01187234e+07 -9.14482354e+01 
 6.30957344e+07 -9.21104135e+01 
 7.94328235e+07 -9.28819039e+01 
 1.00000000e+08 -9.38007632e+01 
 1.25892541e+08 -9.49099723e+01 
 1.58489319e+08 -9.62569928e+01 
 1.99526231e+08 -9.78912064e+01 
 2.51188643e+08 -9.98574504e+01 
 3.16227766e+08 -1.02183198e+02 
 3.98107171e+08 -1.04857287e+02 
 5.01187234e+08 -1.07801605e+02 
 6.30957344e+08 -1.10846302e+02 
 7.94328235e+08 -1.13731845e+02 
 1.00000000e+09 -1.16164368e+02 
