 1.00000000e+00 -1.04866853e-04 
 1.25892541e+00 -1.32019547e-04 
 1.58489319e+00 -1.66202762e-04 
 1.99526231e+00 -2.09236881e-04 
 2.51188643e+00 -2.63413626e-04 
 3.16227766e+00 -3.31618108e-04 
 3.98107171e+00 -4.17482463e-04 
 5.01187234e+00 -5.25579282e-04 
 6.30957344e+00 -6.61665113e-04 
 7.94328235e+00 -8.32987025e-04 
 1.00000000e+01 -1.04866853e-03 
 1.25892541e+01 -1.32019547e-03 
 1.58489319e+01 -1.66202762e-03 
 1.99526231e+01 -2.09236881e-03 
 2.51188643e+01 -2.63413626e-03 
 3.16227766e+01 -3.31618107e-03 
 3.98107171e+01 -4.17482462e-03 
 5.01187234e+01 -5.25579280e-03 
 6.30957344e+01 -6.61665111e-03 
 7.94328235e+01 -8.32987020e-03 
 1.00000000e+02 -1.04866852e-02 
 1.25892541e+02 -1.32019544e-02 
 1.58489319e+02 -1.66202757e-02 
 1.99526231e+02 -2.09236871e-02 
 2.51188643e+02 -2.63413608e-02 
 3.16227766e+02 -3.31618071e-02 
 3.98107171e+02 -4.17482389e-02 
 5.01187234e+02 -5.25579134e-02 
 6.30957344e+02 -6.61664820e-02 
 7.94328235e+02 -8.32986439e-02 
 1.00000000e+03 -1.04866736e-01 
 1.25892541e+03 -1.32019313e-01 
 1.58489319e+03 -1.66202296e-01 
 1.99526231e+03 -2.09235951e-01 
 2.51188643e+03 -2.63411772e-01 
 3.16227766e+03 -3.31614408e-01 
 3.98107171e+03 -4.17475081e-01 
 5.01187234e+03 -5.25564552e-01 
 6.30957344e+03 -6.61635726e-01 
 7.94328235e+03 -8.32928391e-01 
 1.00000000e+04 -1.04855155e+00 
 1.25892541e+04 -1.31996208e+00 
 1.58489319e+04 -1.66156205e+00 
 1.99526231e+04 -2.09144014e+00 
 2.51188643e+04 -2.63228420e+00 
 3.16227766e+04 -3.31248846e+00 
 3.98107171e+04 -4.16746551e+00 
 5.01187234e+04 -5.24113660e+00 
 6.30957344e+04 -6.58749356e+00 
 7.94328235e+04 -8.27196093e+00 
 1.00000000e+05 -1.03719757e+01 
 1.25892541e+05 -1.29756606e+01 
 1.58489319e+05 -1.61766489e+01 
 1.99526231e+05 -2.00621958e+01 
 2.51188643e+05 -2.46915073e+01 
 3.16227766e+05 -3.00637061e+01 
 3.98107171e+05 -3.60825453e+01 
 5.01187234e+05 -4.25367468e+01 
 6.30957344e+05 -4.91195605e+01 
 7.94328235e+05 -5.54932973e+01 
 1.00000000e+06 -6.13704903e+01 
 1.25892541e+06 -6.65686090e+01 
 1.58489319e+06 -7.10182141e+01 
 1.99526231e+06 -7.47371298e+01 
 2.51188643e+06 -7.77946904e+01 
 3.16227766e+06 -8.02820440e+01 
 3.98107171e+06 -8.22931680e+01 
 5.01187234e+06 -8.39149992e+01 
 6.30957344e+06 -8.52235092e+01 
 7.94328235e+06 -8.62830744e+01 
 1.00000000e+07 -8.71474300e+01 
 1.25892541e+07 -8.78612463e+01 
 1.58489319e+07 -8.84618498e+01 
 1.99526231e+07 -8.89808748e+01 
 2.51188643e+07 -8.94457761e+01 
 3.16227766e+07 -8.98811996e+01 
 3.98107171e+07 -9.03102399e+01 
 5.01187234e+07 -9.07556232e+01 
 6.30957344e+07 -9.12408582e+01 
 7.94328235e+07 -9.17913839e+01 
 1.00000000e+08 -9.24357286e+01 
 1.25892541e+08 -9.32066442e+01 
 1.58489319e+08 -9.41421006e+01 
 1.99526231e+08 -9.52858533e+01 
 2.51188643e+08 -9.66870026e+01 
 3.16227766e+08 -9.83974650e+01 
 3.98107171e+08 -1.00465601e+02 
 5.01187234e+08 -1.02923657e+02 
 6.30957344e+08 -1.05767254e+02 
 7.94328235e+08 -1.08928997e+02 
 1.00000000e+09 -1.12257628e+02 
