 1.00000000e+00  1.77576244e+01 
 1.25892541e+00  1.77576244e+01 
 1.58489319e+00  1.77576244e+01 
 1.99526231e+00  1.77576244e+01 
 2.51188643e+00  1.77576244e+01 
 3.16227766e+00  1.77576244e+01 
 3.98107171e+00  1.77576244e+01 
 5.01187234e+00  1.77576244e+01 
 6.30957344e+00  1.77576244e+01 
 7.94328235e+00  1.77576244e+01 
 1.00000000e+01  1.77576244e+01 
 1.25892541e+01  1.77576244e+01 
 1.58489319e+01  1.77576244e+01 
 1.99526231e+01  1.77576244e+01 
 2.51188643e+01  1.77576244e+01 
 3.16227766e+01  1.77576244e+01 
 3.98107171e+01  1.77576244e+01 
 5.01187234e+01  1.77576244e+01 
 6.30957344e+01  1.77576244e+01 
 7.94328235e+01  1.77576244e+01 
 1.00000000e+02  1.77576244e+01 
 1.25892541e+02  1.77576243e+01 
 1.58489319e+02  1.77576243e+01 
 1.99526231e+02  1.77576242e+01 
 2.51188643e+02  1.77576241e+01 
 3.16227766e+02  1.77576239e+01 
 3.98107171e+02  1.77576236e+01 
 5.01187234e+02  1.77576232e+01 
 6.30957344e+02  1.77576225e+01 
 7.94328235e+02  1.77576213e+01 
 1.00000000e+03  1.77576195e+01 
 1.25892541e+03  1.77576167e+01 
 1.58489319e+03  1.77576121e+01 
 1.99526231e+03  1.77576050e+01 
 2.51188643e+03  1.77575936e+01 
 3.16227766e+03  1.77575756e+01 
 3.98107171e+03  1.77575470e+01 
 5.01187234e+03  1.77575017e+01 
 6.30957344e+03  1.77574299e+01 
 7.94328235e+03  1.77573162e+01 
 1.00000000e+04  1.77571359e+01 
 1.25892541e+04  1.77568502e+01 
 1.58489319e+04  1.77563974e+01 
 1.99526231e+04  1.77556798e+01 
 2.51188643e+04  1.77545429e+01 
 3.16227766e+04  1.77527415e+01 
 3.98107171e+04  1.77498881e+01 
 5.01187234e+04  1.77453696e+01 
 6.30957344e+04  1.77382178e+01 
 7.94328235e+04  1.77269070e+01 
 1.00000000e+05  1.77090408e+01 
 1.25892541e+05  1.76808744e+01 
 1.58489319e+05  1.76366046e+01 
 1.99526231e+05  1.75673532e+01 
 2.51188643e+05  1.74598100e+01 
 3.16227766e+05  1.72946398e+01 
 3.98107171e+05  1.70450871e+01 
 5.01187234e+05  1.66767891e+01 
 6.30957344e+05  1.61503745e+01 
 7.94328235e+05  1.54281663e+01 
 1.00000000e+06  1.44841160e+01 
 1.25892541e+06  1.33125825e+01 
 1.58489319e+06  1.19304318e+01 
 1.99526231e+06  1.03709678e+01 
 2.51188643e+06  8.67383220e+00 
 3.16227766e+06  6.87639748e+00 
 3.98107171e+06  5.00924384e+00 
 5.01187234e+06  3.09520031e+00 
 6.30957344e+06  1.15031705e+00 
 7.94328235e+06 -8.14554039e-01 
 1.00000000e+07 -2.79225929e+00 
 1.25892541e+07 -4.77816047e+00 
 1.58489319e+07 -6.76928453e+00 
 1.99526231e+07 -8.76374374e+00 
 2.51188643e+07 -1.07603534e+01 
 3.16227766e+07 -1.27583861e+01 
 3.98107171e+07 -1.47574191e+01 
 5.01187234e+07 -1.67572441e+01 
 6.30957344e+07 -1.87578234e+01 
 7.94328235e+07 -2.07592815e+01 
 1.00000000e+08 -2.27619312e+01 
 1.25892541e+08 -2.47663401e+01 
 1.58489319e+08 -2.67734483e+01 
 1.99526231e+08 -2.87847616e+01 
 2.51188643e+08 -3.08026511e+01 
 3.16227766e+08 -3.28308021e+01 
 3.98107171e+08 -3.48748579e+01 
 5.01187234e+08 -3.69432744e+01 
 6.30957344e+08 -3.90483034e+01 
 7.94328235e+08 -4.12067684e+01 
 1.00000000e+09 -4.34398244e+01 
