 1.00000000e+00  1.77575918e+01 
 1.25892541e+00  1.77575918e+01 
 1.58489319e+00  1.77575918e+01 
 1.99526231e+00  1.77575918e+01 
 2.51188643e+00  1.77575918e+01 
 3.16227766e+00  1.77575918e+01 
 3.98107171e+00  1.77575918e+01 
 5.01187234e+00  1.77575918e+01 
 6.30957344e+00  1.77575918e+01 
 7.94328235e+00  1.77575918e+01 
 1.00000000e+01  1.77575918e+01 
 1.25892541e+01  1.77575918e+01 
 1.58489319e+01  1.77575918e+01 
 1.99526231e+01  1.77575918e+01 
 2.51188643e+01  1.77575918e+01 
 3.16227766e+01  1.77575918e+01 
 3.98107171e+01  1.77575918e+01 
 5.01187234e+01  1.77575918e+01 
 6.30957344e+01  1.77575917e+01 
 7.94328235e+01  1.77575917e+01 
 1.00000000e+02  1.77575917e+01 
 1.25892541e+02  1.77575917e+01 
 1.58489319e+02  1.77575916e+01 
 1.99526231e+02  1.77575916e+01 
 2.51188643e+02  1.77575915e+01 
 3.16227766e+02  1.77575913e+01 
 3.98107171e+02  1.77575910e+01 
 5.01187234e+02  1.77575905e+01 
 6.30957344e+02  1.77575898e+01 
 7.94328235e+02  1.77575887e+01 
 1.00000000e+03  1.77575869e+01 
 1.25892541e+03  1.77575840e+01 
 1.58489319e+03  1.77575795e+01 
 1.99526231e+03  1.77575723e+01 
 2.51188643e+03  1.77575610e+01 
 3.16227766e+03  1.77575430e+01 
 3.98107171e+03  1.77575144e+01 
 5.01187234e+03  1.77574692e+01 
 6.30957344e+03  1.77573975e+01 
 7.94328235e+03  1.77572838e+01 
 1.00000000e+04  1.77571037e+01 
 1.25892541e+04  1.77568183e+01 
 1.58489319e+04  1.77563660e+01 
 1.99526231e+04  1.77556492e+01 
 2.51188643e+04  1.77545134e+01 
 3.16227766e+04  1.77527138e+01 
 3.98107171e+04  1.77498633e+01 
 5.01187234e+04  1.77453493e+01 
 6.30957344e+04  1.77382047e+01 
 7.94328235e+04  1.77269053e+01 
 1.00000000e+05  1.77090570e+01 
 1.25892541e+05  1.76809188e+01 
 1.58489319e+05  1.76366928e+01 
 1.99526231e+05  1.75675090e+01 
 2.51188643e+05  1.74600688e+01 
 3.16227766e+05  1.72950517e+01 
 3.98107171e+05  1.70457198e+01 
 5.01187234e+05  1.66777253e+01 
 6.30957344e+05  1.61517021e+01 
 7.94328235e+05  1.54299593e+01 
 1.00000000e+06  1.44864118e+01 
 1.25892541e+06  1.33153679e+01 
 1.58489319e+06  1.19336486e+01 
 1.99526231e+06  1.03745320e+01 
 2.51188643e+06  8.67765698e+00 
 3.16227766e+06  6.88040770e+00 
 3.98107171e+06  5.01338160e+00 
 5.01187234e+06  3.09942458e+00 
 6.30957344e+06  1.15460068e+00 
 7.94328235e+06 -8.10227395e-01 
 1.00000000e+07 -2.78789755e+00 
 1.25892541e+07 -4.77376432e+00 
 1.58489319e+07 -6.76484737e+00 
 1.99526231e+07 -8.75925018e+00 
 2.51188643e+07 -1.07557759e+01 
 3.16227766e+07 -1.27536790e+01 
 3.98107171e+07 -1.47525089e+01 
 5.01187234e+07 -1.67520134e+01 
 6.30957344e+07 -1.87520859e+01 
 7.94328235e+07 -2.07527419e+01 
 1.00000000e+08 -2.27541225e+01 
 1.25892541e+08 -2.47565240e+01 
 1.58489319e+08 -2.67604611e+01 
 1.99526231e+08 -2.87667739e+01 
 2.51188643e+08 -3.07768010e+01 
 3.16227766e+08 -3.27926465e+01 
 3.98107171e+08 -3.48175818e+01 
 5.01187234e+08 -3.68566217e+01 
 6.30957344e+08 -3.89172985e+01 
 7.94328235e+08 -4.10105662e+01 
 1.00000000e+09 -4.31515560e+01 
