 1.00000000e+00  1.80344750e-05 
 1.02329299e+00  1.78576656e-05 
 1.04712855e+00  1.76826003e-05 
 1.07151931e+00  1.75092618e-05 
 1.09647820e+00  1.73376328e-05 
 1.12201845e+00  1.71676964e-05 
 1.14815362e+00  1.69994358e-05 
 1.17489755e+00  1.68328343e-05 
 1.20226443e+00  1.66678754e-05 
 1.23026877e+00  1.65045427e-05 
 1.25892541e+00  1.63428203e-05 
 1.28824955e+00  1.61826920e-05 
 1.31825674e+00  1.60241420e-05 
 1.34896288e+00  1.58671546e-05 
 1.38038426e+00  1.57117144e-05 
 1.41253754e+00  1.55578059e-05 
 1.44543977e+00  1.54054139e-05 
 1.47910839e+00  1.52545235e-05 
 1.51356125e+00  1.51051196e-05 
 1.54881662e+00  1.49571876e-05 
 1.58489319e+00  1.48107128e-05 
 1.62181010e+00  1.46656807e-05 
 1.65958691e+00  1.45220771e-05 
 1.69824365e+00  1.43798878e-05 
 1.73780083e+00  1.42390987e-05 
 1.77827941e+00  1.40996960e-05 
 1.81970086e+00  1.39616658e-05 
 1.86208714e+00  1.38249947e-05 
 1.90546072e+00  1.36896690e-05 
 1.94984460e+00  1.35556755e-05 
 1.99526231e+00  1.34230009e-05 
 2.04173794e+00  1.32916323e-05 
 2.08929613e+00  1.31615565e-05 
 2.13796209e+00  1.30327608e-05 
 2.18776162e+00  1.29052326e-05 
 2.23872114e+00  1.27789593e-05 
 2.29086765e+00  1.26539283e-05 
 2.34422882e+00  1.25301275e-05 
 2.39883292e+00  1.24075446e-05 
 2.45470892e+00  1.22861675e-05 
 2.51188643e+00  1.21659843e-05 
 2.57039578e+00  1.20469833e-05 
 2.63026799e+00  1.19291526e-05 
 2.69153480e+00  1.18124806e-05 
 2.75422870e+00  1.16969560e-05 
 2.81838293e+00  1.15825674e-05 
 2.88403150e+00  1.14693034e-05 
 2.95120923e+00  1.13571530e-05 
 3.01995172e+00  1.12461051e-05 
 3.09029543e+00  1.11361488e-05 
 3.16227766e+00  1.10272734e-05 
 3.23593657e+00  1.09194681e-05 
 3.31131121e+00  1.08127223e-05 
 3.38844156e+00  1.07070256e-05 
 3.46736850e+00  1.06023675e-05 
 3.54813389e+00  1.04987378e-05 
 3.63078055e+00  1.03961263e-05 
 3.71535229e+00  1.02945230e-05 
 3.80189396e+00  1.01939178e-05 
 3.89045145e+00  1.00943010e-05 
 3.98107171e+00  9.99566264e-06 
 4.07380278e+00  9.89799315e-06 
 4.16869383e+00  9.80128293e-06 
 4.26579519e+00  9.70552249e-06 
 4.36515832e+00  9.61070245e-06 
 4.46683592e+00  9.51681351e-06 
 4.57088190e+00  9.42384646e-06 
 4.67735141e+00  9.33179220e-06 
 4.78630092e+00  9.24064169e-06 
 4.89778819e+00  9.15038602e-06 
 5.01187234e+00  9.06101633e-06 
 5.12861384e+00  8.97252389e-06 
 5.24807460e+00  8.88490000e-06 
 5.37031796e+00  8.79813611e-06 
 5.49540874e+00  8.71222371e-06 
 5.62341325e+00  8.62715439e-06 
 5.75439937e+00  8.54291983e-06 
 5.88843655e+00  8.45951178e-06 
 6.02559586e+00  8.37692208e-06 
 6.16595002e+00  8.29514265e-06 
 6.30957344e+00  8.21416549e-06 
 6.45654229e+00  8.13398268e-06 
 6.60693448e+00  8.05458637e-06 
 6.76082975e+00  7.97596882e-06 
 6.91830971e+00  7.89812232e-06 
 7.07945784e+00  7.82103927e-06 
 7.24435960e+00  7.74471213e-06 
 7.41310241e+00  7.66913346e-06 
 7.58577575e+00  7.59429585e-06 
 7.76247117e+00  7.52019200e-06 
 7.94328235e+00  7.44681467e-06 
 8.12830516e+00  7.37415670e-06 
 8.31763771e+00  7.30221099e-06 
 8.51138038e+00  7.23097051e-06 
 8.70963590e+00  7.16042831e-06 
 8.91250938e+00  7.09057750e-06 
 9.12010839e+00  7.02141126e-06 
 9.33254301e+00  6.95292285e-06 
 9.54992586e+00  6.88510559e-06 
 9.77237221e+00  6.81795285e-06 
 1.00000000e+01  6.75145808e-06 
 1.02329299e+01  6.68561481e-06 
 1.04712855e+01  6.62041660e-06 
 1.07151931e+01  6.55585710e-06 
 1.09647820e+01  6.49193003e-06 
 1.12201845e+01  6.42862913e-06 
 1.14815362e+01  6.36594826e-06 
 1.17489755e+01  6.30388129e-06 
 1.20226443e+01  6.24242217e-06 
 1.23026877e+01  6.18156493e-06 
 1.25892541e+01  6.12130364e-06 
 1.28824955e+01  6.06163241e-06 
 1.31825674e+01  6.00254545e-06 
 1.34896288e+01  5.94403699e-06 
 1.38038426e+01  5.88610135e-06 
 1.41253754e+01  5.82873287e-06 
 1.44543977e+01  5.77192599e-06 
 1.47910839e+01  5.71567516e-06 
 1.51356125e+01  5.65997491e-06 
 1.54881662e+01  5.60481983e-06 
 1.58489319e+01  5.55020455e-06 
 1.62181010e+01  5.49612375e-06 
 1.65958691e+01  5.44257218e-06 
 1.69824365e+01  5.38954462e-06 
 1.73780083e+01  5.33703593e-06 
 1.77827941e+01  5.28504099e-06 
 1.81970086e+01  5.23355475e-06 
 1.86208714e+01  5.18257221e-06 
 1.90546072e+01  5.13208841e-06 
 1.94984460e+01  5.08209845e-06 
 1.99526231e+01  5.03259746e-06 
 2.04173794e+01  4.98358065e-06 
 2.08929613e+01  4.93504324e-06 
 2.13796209e+01  4.88698052e-06 
 2.18776162e+01  4.83938783e-06 
 2.23872114e+01  4.79226055e-06 
 2.29086765e+01  4.74559409e-06 
 2.34422882e+01  4.69938393e-06 
 2.39883292e+01  4.65362559e-06 
 2.45470892e+01  4.60831461e-06 
 2.51188643e+01  4.56344661e-06 
 2.57039578e+01  4.51901723e-06 
 2.63026799e+01  4.47502216e-06 
 2.69153480e+01  4.43145714e-06 
 2.75422870e+01  4.38831793e-06 
 2.81838293e+01  4.34560035e-06 
 2.88403150e+01  4.30330026e-06 
 2.95120923e+01  4.26141356e-06 
 3.01995172e+01  4.21993619e-06 
 3.09029543e+01  4.17886412e-06 
 3.16227766e+01  4.13819338e-06 
 3.23593657e+01  4.09792002e-06 
 3.31131121e+01  4.05804015e-06 
 3.38844156e+01  4.01854989e-06 
 3.46736850e+01  3.97944542e-06 
 3.54813389e+01  3.94072296e-06 
 3.63078055e+01  3.90237875e-06 
 3.71535229e+01  3.86440908e-06 
 3.80189396e+01  3.82681027e-06 
 3.89045145e+01  3.78957868e-06 
 3.98107171e+01  3.75271071e-06 
 4.07380278e+01  3.71620279e-06 
 4.16869383e+01  3.68005138e-06 
 4.26579519e+01  3.64425298e-06 
 4.36515832e+01  3.60880414e-06 
 4.46683592e+01  3.57370142e-06 
 4.57088190e+01  3.53894142e-06 
 4.67735141e+01  3.50452079e-06 
 4.78630092e+01  3.47043619e-06 
 4.89778819e+01  3.43668432e-06 
 5.01187234e+01  3.40326193e-06 
 5.12861384e+01  3.37016578e-06 
 5.24807460e+01  3.33739267e-06 
 5.37031796e+01  3.30493944e-06 
 5.49540874e+01  3.27280293e-06 
 5.62341325e+01  3.24098006e-06 
 5.75439937e+01  3.20946774e-06 
 5.88843655e+01  3.17826294e-06 
 6.02559586e+01  3.14736262e-06 
 6.16595002e+01  3.11676382e-06 
 6.30957344e+01  3.08646356e-06 
 6.45654229e+01  3.05645894e-06 
 6.60693448e+01  3.02674704e-06 
 6.76082975e+01  2.99732500e-06 
 6.91830971e+01  2.96818998e-06 
 7.07945784e+01  2.93933917e-06 
 7.24435960e+01  2.91076978e-06 
 7.41310241e+01  2.88247905e-06 
 7.58577575e+01  2.85446425e-06 
 7.76247117e+01  2.82672268e-06 
 7.94328235e+01  2.79925166e-06 
 8.12830516e+01  2.77204854e-06 
 8.31763771e+01  2.74511070e-06 
 8.51138038e+01  2.71843554e-06 
 8.70963590e+01  2.69202049e-06 
 8.91250938e+01  2.66586299e-06 
 9.12010839e+01  2.63996052e-06 
 9.33254301e+01  2.61431060e-06 
 9.54992586e+01  2.58891073e-06 
 9.77237221e+01  2.56375849e-06 
 1.00000000e+02  2.53885143e-06 
 1.02329299e+02  2.51418716e-06 
 1.04712855e+02  2.48976331e-06 
 1.07151931e+02  2.46557752e-06 
 1.09647820e+02  2.44162745e-06 
 1.12201845e+02  2.41791081e-06 
 1.14815362e+02  2.39442531e-06 
 1.17489755e+02  2.37116868e-06 
 1.20226443e+02  2.34813868e-06 
 1.23026877e+02  2.32533310e-06 
 1.25892541e+02  2.30274974e-06 
 1.28824955e+02  2.28038642e-06 
 1.31825674e+02  2.25824100e-06 
 1.34896288e+02  2.23631134e-06 
 1.38038426e+02  2.21459533e-06 
 1.41253754e+02  2.19309088e-06 
 1.44543977e+02  2.17179592e-06 
 1.47910839e+02  2.15070840e-06 
 1.51356125e+02  2.12982629e-06 
 1.54881662e+02  2.10914758e-06 
 1.58489319e+02  2.08867028e-06 
 1.62181010e+02  2.06839243e-06 
 1.65958691e+02  2.04831207e-06 
 1.69824365e+02  2.02842727e-06 
 1.73780083e+02  2.00873612e-06 
 1.77827941e+02  1.98923673e-06 
 1.81970086e+02  1.96992722e-06 
 1.86208714e+02  1.95080573e-06 
 1.90546072e+02  1.93187042e-06 
 1.94984460e+02  1.91311949e-06 
 1.99526231e+02  1.89455111e-06 
 2.04173794e+02  1.87616352e-06 
 2.08929613e+02  1.85795493e-06 
 2.13796209e+02  1.83992361e-06 
 2.18776162e+02  1.82206782e-06 
 2.23872114e+02  1.80438584e-06 
 2.29086765e+02  1.78687598e-06 
 2.34422882e+02  1.76953656e-06 
 2.39883292e+02  1.75236590e-06 
 2.45470892e+02  1.73536236e-06 
 2.51188643e+02  1.71852431e-06 
 2.57039578e+02  1.70185013e-06 
 2.63026799e+02  1.68533821e-06 
 2.69153480e+02  1.66898699e-06 
 2.75422870e+02  1.65279487e-06 
 2.81838293e+02  1.63676032e-06 
 2.88403150e+02  1.62088179e-06 
 2.95120923e+02  1.60515775e-06 
 3.01995172e+02  1.58958671e-06 
 3.09029543e+02  1.57416716e-06 
 3.16227766e+02  1.55889762e-06 
 3.23593657e+02  1.54377664e-06 
 3.31131121e+02  1.52880275e-06 
 3.38844156e+02  1.51397453e-06 
 3.46736850e+02  1.49929055e-06 
 3.54813389e+02  1.48474940e-06 
 3.63078055e+02  1.47034969e-06 
 3.71535229e+02  1.45609004e-06 
 3.80189396e+02  1.44196909e-06 
 3.89045145e+02  1.42798546e-06 
 3.98107171e+02  1.41413784e-06 
 4.07380278e+02  1.40042488e-06 
 4.16869383e+02  1.38684529e-06 
 4.26579519e+02  1.37339774e-06 
 4.36515832e+02  1.36008096e-06 
 4.46683592e+02  1.34689367e-06 
 4.57088190e+02  1.33383460e-06 
 4.67735141e+02  1.32090251e-06 
 4.78630092e+02  1.30809616e-06 
 4.89778819e+02  1.29541431e-06 
 5.01187234e+02  1.28285576e-06 
 5.12861384e+02  1.27041930e-06 
 5.24807460e+02  1.25810374e-06 
 5.37031796e+02  1.24590790e-06 
 5.49540874e+02  1.23383062e-06 
 5.62341325e+02  1.22187073e-06 
 5.75439937e+02  1.21002710e-06 
 5.88843655e+02  1.19829858e-06 
 6.02559586e+02  1.18668406e-06 
 6.16595002e+02  1.17518243e-06 
 6.30957344e+02  1.16379257e-06 
 6.45654229e+02  1.15251342e-06 
 6.60693448e+02  1.14134387e-06 
 6.76082975e+02  1.13028288e-06 
 6.91830971e+02  1.11932937e-06 
 7.07945784e+02  1.10848230e-06 
 7.24435960e+02  1.09774063e-06 
 7.41310241e+02  1.08710333e-06 
 7.58577575e+02  1.07656940e-06 
 7.76247117e+02  1.06613781e-06 
 7.94328235e+02  1.05580758e-06 
 8.12830516e+02  1.04557771e-06 
 8.31763771e+02  1.03544722e-06 
 8.51138038e+02  1.02541516e-06 
 8.70963590e+02  1.01548055e-06 
 8.91250938e+02  1.00564245e-06 
 9.12010839e+02  9.95899925e-07 
 9.33254301e+02  9.86252034e-07 
 9.54992586e+02  9.76697858e-07 
 9.77237221e+02  9.67236484e-07 
 1.00000000e+03  9.57867010e-07 
 1.02329299e+03  9.48588538e-07 
 1.04712855e+03  9.39400183e-07 
 1.07151931e+03  9.30301067e-07 
 1.09647820e+03  9.21290321e-07 
 1.12201845e+03  9.12367083e-07 
 1.14815362e+03  9.03530503e-07 
 1.17489755e+03  8.94779735e-07 
 1.20226443e+03  8.86113944e-07 
 1.23026877e+03  8.77532302e-07 
 1.25892541e+03  8.69033991e-07 
 1.28824955e+03  8.60618198e-07 
 1.31825674e+03  8.52284121e-07 
 1.34896288e+03  8.44030963e-07 
 1.38038426e+03  8.35857937e-07 
 1.41253754e+03  8.27764262e-07 
 1.44543977e+03  8.19749167e-07 
 1.47910839e+03  8.11811885e-07 
 1.51356125e+03  8.03951661e-07 
 1.54881662e+03  7.96167743e-07 
 1.58489319e+03  7.88459389e-07 
 1.62181010e+03  7.80825864e-07 
 1.65958691e+03  7.73266438e-07 
 1.69824365e+03  7.65780392e-07 
 1.73780083e+03  7.58367010e-07 
 1.77827941e+03  7.51025587e-07 
 1.81970086e+03  7.43755421e-07 
 1.86208714e+03  7.36555819e-07 
 1.90546072e+03  7.29426094e-07 
 1.94984460e+03  7.22365568e-07 
 1.99526231e+03  7.15373566e-07 
 2.04173794e+03  7.08449421e-07 
 2.08929613e+03  7.01592474e-07 
 2.13796209e+03  6.94802072e-07 
 2.18776162e+03  6.88077565e-07 
 2.23872114e+03  6.81418315e-07 
 2.29086765e+03  6.74823685e-07 
 2.34422882e+03  6.68293048e-07 
 2.39883292e+03  6.61825781e-07 
 2.45470892e+03  6.55421268e-07 
 2.51188643e+03  6.49078898e-07 
 2.57039578e+03  6.42798067e-07 
 2.63026799e+03  6.36578176e-07 
 2.69153480e+03  6.30418634e-07 
 2.75422870e+03  6.24318853e-07 
 2.81838293e+03  6.18278253e-07 
 2.88403150e+03  6.12296257e-07 
 2.95120923e+03  6.06372296e-07 
 3.01995172e+03  6.00505807e-07 
 3.09029543e+03  5.94696229e-07 
 3.16227766e+03  5.88943011e-07 
 3.23593657e+03  5.83245603e-07 
 3.31131121e+03  5.77603464e-07 
 3.38844156e+03  5.72016057e-07 
 3.46736850e+03  5.66482849e-07 
 3.54813389e+03  5.61003314e-07 
 3.63078055e+03  5.55576930e-07 
 3.71535229e+03  5.50203181e-07 
 3.80189396e+03  5.44881555e-07 
 3.89045145e+03  5.39611545e-07 
 3.98107171e+03  5.34392651e-07 
 4.07380278e+03  5.29224375e-07 
 4.16869383e+03  5.24106225e-07 
 4.26579519e+03  5.19037715e-07 
 4.36515832e+03  5.14018363e-07 
 4.46683592e+03  5.09047691e-07 
 4.57088190e+03  5.04125225e-07 
 4.67735141e+03  4.99250498e-07 
 4.78630092e+03  4.94423046e-07 
 4.89778819e+03  4.89642410e-07 
 5.01187234e+03  4.84908135e-07 
 5.12861384e+03  4.80219771e-07 
 5.24807460e+03  4.75576872e-07 
 5.37031796e+03  4.70978996e-07 
 5.49540874e+03  4.66425706e-07 
 5.62341325e+03  4.61916570e-07 
 5.75439937e+03  4.57451158e-07 
 5.88843655e+03  4.53029047e-07 
 6.02559586e+03  4.48649815e-07 
 6.16595002e+03  4.44313046e-07 
 6.30957344e+03  4.40018328e-07 
 6.45654229e+03  4.35765253e-07 
 6.60693448e+03  4.31553417e-07 
 6.76082975e+03  4.27382419e-07 
 6.91830971e+03  4.23251863e-07 
 7.07945784e+03  4.19161357e-07 
 7.24435960e+03  4.15110511e-07 
 7.41310241e+03  4.11098941e-07 
 7.58577575e+03  4.07126265e-07 
 7.76247117e+03  4.03192107e-07 
 7.94328235e+03  3.99296092e-07 
 8.12830516e+03  3.95437850e-07 
 8.31763771e+03  3.91617015e-07 
 8.51138038e+03  3.87833224e-07 
 8.70963590e+03  3.84086117e-07 
 8.91250938e+03  3.80375339e-07 
 9.12010839e+03  3.76700537e-07 
 9.33254301e+03  3.73061363e-07 
 9.54992586e+03  3.69457469e-07 
 9.77237221e+03  3.65888515e-07 
 1.00000000e+04  3.62354162e-07 
 1.02329299e+04  3.58854073e-07 
 1.04712855e+04  3.55387917e-07 
 1.07151931e+04  3.51955365e-07 
 1.09647820e+04  3.48556090e-07 
 1.12201845e+04  3.45189770e-07 
 1.14815362e+04  3.41856085e-07 
 1.17489755e+04  3.38554720e-07 
 1.20226443e+04  3.35285360e-07 
 1.23026877e+04  3.32047695e-07 
 1.25892541e+04  3.28841419e-07 
 1.28824955e+04  3.25666226e-07 
 1.31825674e+04  3.22521816e-07 
 1.34896288e+04  3.19407890e-07 
 1.38038426e+04  3.16324153e-07 
 1.41253754e+04  3.13270312e-07 
 1.44543977e+04  3.10246077e-07 
 1.47910839e+04  3.07251161e-07 
 1.51356125e+04  3.04285281e-07 
 1.54881662e+04  3.01348155e-07 
 1.58489319e+04  2.98439505e-07 
 1.62181010e+04  2.95559054e-07 
 1.65958691e+04  2.92706529e-07 
 1.69824365e+04  2.89881660e-07 
 1.73780083e+04  2.87084179e-07 
 1.77827941e+04  2.84313820e-07 
 1.81970086e+04  2.81570322e-07 
 1.86208714e+04  2.78853423e-07 
 1.90546072e+04  2.76162866e-07 
 1.94984460e+04  2.73498396e-07 
 1.99526231e+04  2.70859761e-07 
 2.04173794e+04  2.68246710e-07 
 2.08929613e+04  2.65658995e-07 
 2.13796209e+04  2.63096372e-07 
 2.18776162e+04  2.60558597e-07 
 2.23872114e+04  2.58045430e-07 
 2.29086765e+04  2.55556632e-07 
 2.34422882e+04  2.53091968e-07 
 2.39883292e+04  2.50651204e-07 
 2.45470892e+04  2.48234109e-07 
 2.51188643e+04  2.45840454e-07 
 2.57039578e+04  2.43470011e-07 
 2.63026799e+04  2.41122557e-07 
 2.69153480e+04  2.38797869e-07 
 2.75422870e+04  2.36495726e-07 
 2.81838293e+04  2.34215911e-07 
 2.88403150e+04  2.31958207e-07 
 2.95120923e+04  2.29722401e-07 
 3.01995172e+04  2.27508281e-07 
 3.09029543e+04  2.25315637e-07 
 3.16227766e+04  2.23144261e-07 
 3.23593657e+04  2.20993948e-07 
 3.31131121e+04  2.18864494e-07 
 3.38844156e+04  2.16755698e-07 
 3.46736850e+04  2.14667359e-07 
 3.54813389e+04  2.12599280e-07 
 3.63078055e+04  2.10551265e-07 
 3.71535229e+04  2.08523121e-07 
 3.80189396e+04  2.06514654e-07 
 3.89045145e+04  2.04525675e-07 
 3.98107171e+04  2.02555996e-07 
 4.07380278e+04  2.00605430e-07 
 4.16869383e+04  1.98673793e-07 
 4.26579519e+04  1.96760901e-07 
 4.36515832e+04  1.94866573e-07 
 4.46683592e+04  1.92990631e-07 
 4.57088190e+04  1.91132897e-07 
 4.67735141e+04  1.89293194e-07 
 4.78630092e+04  1.87471349e-07 
 4.89778819e+04  1.85667189e-07 
 5.01187234e+04  1.83880543e-07 
 5.12861384e+04  1.82111243e-07 
 5.24807460e+04  1.80359121e-07 
 5.37031796e+04  1.78624011e-07 
 5.49540874e+04  1.76905748e-07 
 5.62341325e+04  1.75204172e-07 
 5.75439937e+04  1.73519119e-07 
 5.88843655e+04  1.71850432e-07 
 6.02559586e+04  1.70197951e-07 
 6.16595002e+04  1.68561522e-07 
 6.30957344e+04  1.66940988e-07 
 6.45654229e+04  1.65336197e-07 
 6.60693448e+04  1.63746996e-07 
 6.76082975e+04  1.62173236e-07 
 6.91830971e+04  1.60614768e-07 
 7.07945784e+04  1.59071443e-07 
 7.24435960e+04  1.57543117e-07 
 7.41310241e+04  1.56029645e-07 
 7.58577575e+04  1.54530883e-07 
 7.76247117e+04  1.53046690e-07 
 7.94328235e+04  1.51576925e-07 
 8.12830516e+04  1.50121450e-07 
 8.31763771e+04  1.48680127e-07 
 8.51138038e+04  1.47252819e-07 
 8.70963590e+04  1.45839391e-07 
 8.91250938e+04  1.44439711e-07 
 9.12010839e+04  1.43053644e-07 
 9.33254301e+04  1.41681062e-07 
 9.54992586e+04  1.40321833e-07 
 9.77237221e+04  1.38975830e-07 
 1.00000000e+05  1.37642924e-07 
 1.02329299e+05  1.36322990e-07 
 1.04712855e+05  1.35015904e-07 
 1.07151931e+05  1.33721541e-07 
 1.09647820e+05  1.32439780e-07 
 1.12201845e+05  1.31170498e-07 
 1.14815362e+05  1.29913577e-07 
 1.17489755e+05  1.28668897e-07 
 1.20226443e+05  1.27436341e-07 
 1.23026877e+05  1.26215792e-07 
 1.25892541e+05  1.25007135e-07 
 1.28824955e+05  1.23810255e-07 
 1.31825674e+05  1.22625041e-07 
 1.34896288e+05  1.21451378e-07 
 1.38038426e+05  1.20289158e-07 
 1.41253754e+05  1.19138269e-07 
 1.44543977e+05  1.17998603e-07 
 1.47910839e+05  1.16870052e-07 
 1.51356125e+05  1.15752510e-07 
 1.54881662e+05  1.14645872e-07 
 1.58489319e+05  1.13550032e-07 
 1.62181010e+05  1.12464887e-07 
 1.65958691e+05  1.11390334e-07 
 1.69824365e+05  1.10326273e-07 
 1.73780083e+05  1.09272602e-07 
 1.77827941e+05  1.08229222e-07 
 1.81970086e+05  1.07196034e-07 
 1.86208714e+05  1.06172941e-07 
 1.90546072e+05  1.05159846e-07 
 1.94984460e+05  1.04156653e-07 
 1.99526231e+05  1.03163269e-07 
 2.04173794e+05  1.02179597e-07 
 2.08929613e+05  1.01205547e-07 
 2.13796209e+05  1.00241026e-07 
 2.18776162e+05  9.92859424e-08 
 2.23872114e+05  9.83402064e-08 
 2.29086765e+05  9.74037286e-08 
 2.34422882e+05  9.64764205e-08 
 2.39883292e+05  9.55581947e-08 
 2.45470892e+05  9.46489643e-08 
 2.51188643e+05  9.37486435e-08 
 2.57039578e+05  9.28571473e-08 
 2.63026799e+05  9.19743913e-08 
 2.69153480e+05  9.11002924e-08 
 2.75422870e+05  9.02347678e-08 
 2.81838293e+05  8.93777359e-08 
 2.88403150e+05  8.85291157e-08 
 2.95120923e+05  8.76888271e-08 
 3.01995172e+05  8.68567907e-08 
 3.09029543e+05  8.60329279e-08 
 3.16227766e+05  8.52171610e-08 
 3.23593657e+05  8.44094128e-08 
 3.31131121e+05  8.36096070e-08 
 3.38844156e+05  8.28176682e-08 
 3.46736850e+05  8.20335215e-08 
 3.54813389e+05  8.12570929e-08 
 3.63078055e+05  8.04883091e-08 
 3.71535229e+05  7.97270973e-08 
 3.80189396e+05  7.89733858e-08 
 3.89045145e+05  7.82271033e-08 
 3.98107171e+05  7.74881794e-08 
 4.07380278e+05  7.67565441e-08 
 4.16869383e+05  7.60321286e-08 
 4.26579519e+05  7.53148642e-08 
 4.36515832e+05  7.46046832e-08 
 4.46683592e+05  7.39015187e-08 
 4.57088190e+05  7.32053040e-08 
 4.67735141e+05  7.25159735e-08 
 4.78630092e+05  7.18334620e-08 
 4.89778819e+05  7.11577050e-08 
 5.01187234e+05  7.04886388e-08 
 5.12861384e+05  6.98262000e-08 
 5.24807460e+05  6.91703260e-08 
 5.37031796e+05  6.85209550e-08 
 5.49540874e+05  6.78780255e-08 
 5.62341325e+05  6.72414768e-08 
 5.75439937e+05  6.66112486e-08 
 5.88843655e+05  6.59872815e-08 
 6.02559586e+05  6.53695164e-08 
 6.16595002e+05  6.47578950e-08 
 6.30957344e+05  6.41523594e-08 
 6.45654229e+05  6.35528524e-08 
 6.60693448e+05  6.29593172e-08 
 6.76082975e+05  6.23716978e-08 
 6.91830971e+05  6.17899386e-08 
 7.07945784e+05  6.12139846e-08 
 7.24435960e+05  6.06437812e-08 
 7.41310241e+05  6.00792746e-08 
 7.58577575e+05  5.95204113e-08 
 7.76247117e+05  5.89671385e-08 
 7.94328235e+05  5.84194038e-08 
 8.12830516e+05  5.78771553e-08 
 8.31763771e+05  5.73403417e-08 
 8.51138038e+05  5.68089123e-08 
 8.70963590e+05  5.62828166e-08 
 8.91250938e+05  5.57620049e-08 
 9.12010839e+05  5.52464279e-08 
 9.33254301e+05  5.47360366e-08 
 9.54992586e+05  5.42307828e-08 
 9.77237221e+05  5.37306186e-08 
 1.00000000e+06  5.32354965e-08 
 1.02329299e+06  5.27453696e-08 
 1.04712855e+06  5.22601915e-08 
 1.07151931e+06  5.17799161e-08 
 1.09647820e+06  5.13044979e-08 
 1.12201845e+06  5.08338918e-08 
 1.14815362e+06  5.03680531e-08 
 1.17489755e+06  4.99069376e-08 
 1.20226443e+06  4.94505015e-08 
 1.23026877e+06  4.89987015e-08 
 1.25892541e+06  4.85514946e-08 
 1.28824955e+06  4.81088384e-08 
 1.31825674e+06  4.76706907e-08 
 1.34896288e+06  4.72370099e-08 
 1.38038426e+06  4.68077548e-08 
 1.41253754e+06  4.63828845e-08 
 1.44543977e+06  4.59623586e-08 
 1.47910839e+06  4.55461371e-08 
 1.51356125e+06  4.51341802e-08 
 1.54881662e+06  4.47264487e-08 
 1.58489319e+06  4.43229039e-08 
 1.62181010e+06  4.39235071e-08 
 1.65958691e+06  4.35282203e-08 
 1.69824365e+06  4.31370057e-08 
 1.73780083e+06  4.27498260e-08 
 1.77827941e+06  4.23666443e-08 
 1.81970086e+06  4.19874238e-08 
 1.86208714e+06  4.16121283e-08 
 1.90546072e+06  4.12407219e-08 
 1.94984460e+06  4.08731690e-08 
 1.99526231e+06  4.05094345e-08 
 2.04173794e+06  4.01494834e-08 
 2.08929613e+06  3.97932812e-08 
 2.13796209e+06  3.94407938e-08 
 2.18776162e+06  3.90919872e-08 
 2.23872114e+06  3.87468281e-08 
 2.29086765e+06  3.84052831e-08 
 2.34422882e+06  3.80673194e-08 
 2.39883292e+06  3.77329044e-08 
 2.45470892e+06  3.74020059e-08 
 2.51188643e+06  3.70745921e-08 
 2.57039578e+06  3.67506312e-08 
 2.63026799e+06  3.64300919e-08 
 2.69153480e+06  3.61129434e-08 
 2.75422870e+06  3.57991547e-08 
 2.81838293e+06  3.54886956e-08 
 2.88403150e+06  3.51815360e-08 
 2.95120923e+06  3.48776459e-08 
 3.01995172e+06  3.45769959e-08 
 3.09029543e+06  3.42795566e-08 
 3.16227766e+06  3.39852992e-08 
 3.23593657e+06  3.36941950e-08 
 3.31131121e+06  3.34062153e-08 
 3.38844156e+06  3.31213323e-08 
 3.46736850e+06  3.28395178e-08 
 3.54813389e+06  3.25607444e-08 
 3.63078055e+06  3.22849846e-08 
 3.71535229e+06  3.20122113e-08 
 3.80189396e+06  3.17423977e-08 
 3.89045145e+06  3.14755172e-08 
 3.98107171e+06  3.12115433e-08 
 4.07380278e+06  3.09504501e-08 
 4.16869383e+06  3.06922116e-08 
 4.26579519e+06  3.04368022e-08 
 4.36515832e+06  3.01841966e-08 
 4.46683592e+06  2.99343695e-08 
 4.57088190e+06  2.96872960e-08 
 4.67735141e+06  2.94429515e-08 
 4.78630092e+06  2.92013114e-08 
 4.89778819e+06  2.89623515e-08 
 5.01187234e+06  2.87260478e-08 
 5.12861384e+06  2.84923764e-08 
 5.24807460e+06  2.82613138e-08 
 5.37031796e+06  2.80328366e-08 
 5.49540874e+06  2.78069215e-08 
 5.62341325e+06  2.75835457e-08 
 5.75439937e+06  2.73626863e-08 
 5.88843655e+06  2.71443207e-08 
 6.02559586e+06  2.69284266e-08 
 6.16595002e+06  2.67149818e-08 
 6.30957344e+06  2.65039643e-08 
 6.45654229e+06  2.62953523e-08 
 6.60693448e+06  2.60891242e-08 
 6.76082975e+06  2.58852585e-08 
 6.91830971e+06  2.56837341e-08 
 7.07945784e+06  2.54845298e-08 
 7.24435960e+06  2.52876247e-08 
 7.41310241e+06  2.50929982e-08 
 7.58577575e+06  2.49006296e-08 
 7.76247117e+06  2.47104987e-08 
 7.94328235e+06  2.45225852e-08 
 8.12830516e+06  2.43368690e-08 
 8.31763771e+06  2.41533303e-08 
 8.51138038e+06  2.39719493e-08 
 8.70963590e+06  2.37927066e-08 
 8.91250938e+06  2.36155826e-08 
 9.12010839e+06  2.34405581e-08 
 9.33254301e+06  2.32676141e-08 
 9.54992586e+06  2.30967315e-08 
 9.77237221e+06  2.29278916e-08 
 1.00000000e+07  2.27610757e-08 
 1.02329299e+07  2.25962652e-08 
 1.04712855e+07  2.24334418e-08 
 1.07151931e+07  2.22725873e-08 
 1.09647820e+07  2.21136835e-08 
 1.12201845e+07  2.19567125e-08 
 1.14815362e+07  2.18016564e-08 
 1.17489755e+07  2.16484975e-08 
 1.20226443e+07  2.14972183e-08 
 1.23026877e+07  2.13478012e-08 
 1.25892541e+07  2.12002290e-08 
 1.28824955e+07  2.10544844e-08 
 1.31825674e+07  2.09105504e-08 
 1.34896288e+07  2.07684100e-08 
 1.38038426e+07  2.06280463e-08 
 1.41253754e+07  2.04894426e-08 
 1.44543977e+07  2.03525824e-08 
 1.47910839e+07  2.02174490e-08 
 1.51356125e+07  2.00840262e-08 
 1.54881662e+07  1.99522975e-08 
 1.58489319e+07  1.98222470e-08 
 1.62181010e+07  1.96938584e-08 
 1.65958691e+07  1.95671158e-08 
 1.69824365e+07  1.94420034e-08 
 1.73780083e+07  1.93185054e-08 
 1.77827941e+07  1.91966063e-08 
 1.81970086e+07  1.90762903e-08 
 1.86208714e+07  1.89575421e-08 
 1.90546072e+07  1.88403463e-08 
 1.94984460e+07  1.87246877e-08 
 1.99526231e+07  1.86105511e-08 
 2.04173794e+07  1.84979215e-08 
 2.08929613e+07  1.83867839e-08 
 2.13796209e+07  1.82771234e-08 
 2.18776162e+07  1.81689252e-08 
 2.23872114e+07  1.80621747e-08 
 2.29086765e+07  1.79568572e-08 
 2.34422882e+07  1.78529583e-08 
 2.39883292e+07  1.77504635e-08 
 2.45470892e+07  1.76493585e-08 
 2.51188643e+07  1.75496290e-08 
 2.57039578e+07  1.74512610e-08 
 2.63026799e+07  1.73542403e-08 
 2.69153480e+07  1.72585530e-08 
 2.75422870e+07  1.71641851e-08 
 2.81838293e+07  1.70711229e-08 
 2.88403150e+07  1.69793526e-08 
 2.95120923e+07  1.68888607e-08 
 3.01995172e+07  1.67996335e-08 
 3.09029543e+07  1.67116575e-08 
 3.16227766e+07  1.66249195e-08 
 3.23593657e+07  1.65394061e-08 
 3.31131121e+07  1.64551041e-08 
 3.38844156e+07  1.63720003e-08 
 3.46736850e+07  1.62900817e-08 
 3.54813389e+07  1.62093354e-08 
 3.63078055e+07  1.61297485e-08 
 3.71535229e+07  1.60513081e-08 
 3.80189396e+07  1.59740015e-08 
 3.89045145e+07  1.58978162e-08 
 3.98107171e+07  1.58227396e-08 
 4.07380278e+07  1.57487592e-08 
 4.16869383e+07  1.56758627e-08 
 4.26579519e+07  1.56040377e-08 
 4.36515832e+07  1.55332720e-08 
 4.46683592e+07  1.54635536e-08 
 4.57088190e+07  1.53948703e-08 
 4.67735141e+07  1.53272103e-08 
 4.78630092e+07  1.52605617e-08 
 4.89778819e+07  1.51949127e-08 
 5.01187234e+07  1.51302516e-08 
 5.12861384e+07  1.50665668e-08 
 5.24807460e+07  1.50038468e-08 
 5.37031796e+07  1.49420801e-08 
 5.49540874e+07  1.48812555e-08 
 5.62341325e+07  1.48213617e-08 
 5.75439937e+07  1.47623875e-08 
 5.88843655e+07  1.47043219e-08 
 6.02559586e+07  1.46471538e-08 
 6.16595002e+07  1.45908725e-08 
 6.30957344e+07  1.45354671e-08 
 6.45654229e+07  1.44809269e-08 
 6.60693448e+07  1.44272414e-08 
 6.76082975e+07  1.43743999e-08 
 6.91830971e+07  1.43223922e-08 
 7.07945784e+07  1.42712079e-08 
 7.24435960e+07  1.42208368e-08 
 7.41310241e+07  1.41712687e-08 
 7.58577575e+07  1.41224937e-08 
 7.76247117e+07  1.40745018e-08 
 7.94328235e+07  1.40272833e-08 
 8.12830516e+07  1.39808283e-08 
 8.31763771e+07  1.39351274e-08 
 8.51138038e+07  1.38901709e-08 
 8.70963590e+07  1.38459495e-08 
 8.91250938e+07  1.38024539e-08 
 9.12010839e+07  1.37596749e-08 
 9.33254301e+07  1.37176035e-08 
 9.54992586e+07  1.36762306e-08 
 9.77237221e+07  1.36355473e-08 
 1.00000000e+08  1.35955450e-08 
 1.02329299e+08  1.35562151e-08 
 1.04712855e+08  1.35175489e-08 
 1.07151931e+08  1.34795380e-08 
 1.09647820e+08  1.34421743e-08 
 1.12201845e+08  1.34054495e-08 
 1.14815362e+08  1.33693555e-08 
 1.17489755e+08  1.33338845e-08 
 1.20226443e+08  1.32990286e-08 
 1.23026877e+08  1.32647802e-08 
 1.25892541e+08  1.32311317e-08 
 1.28824955e+08  1.31980756e-08 
 1.31825674e+08  1.31656047e-08 
 1.34896288e+08  1.31337118e-08 
 1.38038426e+08  1.31023898e-08 
 1.41253754e+08  1.30716319e-08 
 1.44543977e+08  1.30414313e-08 
 1.47910839e+08  1.30117814e-08 
 1.51356125e+08  1.29826756e-08 
 1.54881662e+08  1.29541077e-08 
 1.58489319e+08  1.29260715e-08 
 1.62181010e+08  1.28985608e-08 
 1.65958691e+08  1.28715699e-08 
 1.69824365e+08  1.28450930e-08 
 1.73780083e+08  1.28191244e-08 
 1.77827941e+08  1.27936588e-08 
 1.81970086e+08  1.27686909e-08 
 1.86208714e+08  1.27442155e-08 
 1.90546072e+08  1.27202279e-08 
 1.94984460e+08  1.26967231e-08 
 1.99526231e+08  1.26736967e-08 
 2.04173794e+08  1.26511442e-08 
 2.08929613e+08  1.26290614e-08 
 2.13796209e+08  1.26074442e-08 
 2.18776162e+08  1.25862889e-08 
 2.23872114e+08  1.25655917e-08 
 2.29086765e+08  1.25453492e-08 
 2.34422882e+08  1.25255581e-08 
 2.39883292e+08  1.25062155e-08 
 2.45470892e+08  1.24873185e-08 
 2.51188643e+08  1.24688644e-08 
 2.57039578e+08  1.24508510e-08 
 2.63026799e+08  1.24332760e-08 
 2.69153480e+08  1.24161375e-08 
 2.75422870e+08  1.23994339e-08 
 2.81838293e+08  1.23831637e-08 
 2.88403150e+08  1.23673257e-08 
 2.95120923e+08  1.23519191e-08 
 3.01995172e+08  1.23369431e-08 
 3.09029543e+08  1.23223975e-08 
 3.16227766e+08  1.23082821e-08 
 3.23593657e+08  1.22945972e-08 
 3.31131121e+08  1.22813432e-08 
 3.38844156e+08  1.22685209e-08 
 3.46736850e+08  1.22561315e-08 
 3.54813389e+08  1.22441764e-08 
 3.63078055e+08  1.22326575e-08 
 3.71535229e+08  1.22215768e-08 
 3.80189396e+08  1.22109368e-08 
 3.89045145e+08  1.22007403e-08 
 3.98107171e+08  1.21909907e-08 
 4.07380278e+08  1.21816914e-08 
 4.16869383e+08  1.21728465e-08 
 4.26579519e+08  1.21644603e-08 
 4.36515832e+08  1.21565377e-08 
 4.46683592e+08  1.21490839e-08 
 4.57088190e+08  1.21421046e-08 
 4.67735141e+08  1.21356059e-08 
 4.78630092e+08  1.21295944e-08 
 4.89778819e+08  1.21240772e-08 
 5.01187234e+08  1.21190617e-08 
 5.12861384e+08  1.21145561e-08 
 5.24807460e+08  1.21105689e-08 
 5.37031796e+08  1.21071092e-08 
 5.49540874e+08  1.21041865e-08 
 5.62341325e+08  1.21018110e-08 
 5.75439937e+08  1.20999934e-08 
 5.88843655e+08  1.20987450e-08 
 6.02559586e+08  1.20980776e-08 
 6.16595002e+08  1.20980036e-08 
 6.30957344e+08  1.20985361e-08 
 6.45654229e+08  1.20996887e-08 
 6.60693448e+08  1.21014755e-08 
 6.76082975e+08  1.21039115e-08 
 6.91830971e+08  1.21070121e-08 
 7.07945784e+08  1.21107934e-08 
 7.24435960e+08  1.21152721e-08 
 7.41310241e+08  1.21204656e-08 
 7.58577575e+08  1.21263919e-08 
 7.76247117e+08  1.21330696e-08 
 7.94328235e+08  1.21405179e-08 
 8.12830516e+08  1.21487566e-08 
 8.31763771e+08  1.21578064e-08 
 8.51138038e+08  1.21676881e-08 
 8.70963590e+08  1.21784234e-08 
 8.91250938e+08  1.21900346e-08 
 9.12010839e+08  1.22025443e-08 
 9.33254301e+08  1.22159759e-08 
 9.54992586e+08  1.22303530e-08 
 9.77237221e+08  1.22456998e-08 
 1.00000000e+09  1.22620410e-08 
