 1.00000000e+00  1.80344970e-05 
 1.02329299e+00  1.78576874e-05 
 1.04712855e+00  1.76826219e-05 
 1.07151931e+00  1.75092831e-05 
 1.09647820e+00  1.73376539e-05 
 1.12201845e+00  1.71677173e-05 
 1.14815362e+00  1.69994564e-05 
 1.17489755e+00  1.68328547e-05 
 1.20226443e+00  1.66678955e-05 
 1.23026877e+00  1.65045627e-05 
 1.25892541e+00  1.63428400e-05 
 1.28824955e+00  1.61827115e-05 
 1.31825674e+00  1.60241613e-05 
 1.34896288e+00  1.58671737e-05 
 1.38038426e+00  1.57117333e-05 
 1.41253754e+00  1.55578246e-05 
 1.44543977e+00  1.54054325e-05 
 1.47910839e+00  1.52545418e-05 
 1.51356125e+00  1.51051378e-05 
 1.54881662e+00  1.49572055e-05 
 1.58489319e+00  1.48107305e-05 
 1.62181010e+00  1.46656983e-05 
 1.65958691e+00  1.45220945e-05 
 1.69824365e+00  1.43799050e-05 
 1.73780083e+00  1.42391157e-05 
 1.77827941e+00  1.40997128e-05 
 1.81970086e+00  1.39616825e-05 
 1.86208714e+00  1.38250111e-05 
 1.90546072e+00  1.36896853e-05 
 1.94984460e+00  1.35556916e-05 
 1.99526231e+00  1.34230169e-05 
 2.04173794e+00  1.32916480e-05 
 2.08929613e+00  1.31615721e-05 
 2.13796209e+00  1.30327763e-05 
 2.18776162e+00  1.29052479e-05 
 2.23872114e+00  1.27789744e-05 
 2.29086765e+00  1.26539433e-05 
 2.34422882e+00  1.25301423e-05 
 2.39883292e+00  1.24075592e-05 
 2.45470892e+00  1.22861820e-05 
 2.51188643e+00  1.21659987e-05 
 2.57039578e+00  1.20469974e-05 
 2.63026799e+00  1.19291666e-05 
 2.69153480e+00  1.18124945e-05 
 2.75422870e+00  1.16969698e-05 
 2.81838293e+00  1.15825809e-05 
 2.88403150e+00  1.14693168e-05 
 2.95120923e+00  1.13571663e-05 
 3.01995172e+00  1.12461182e-05 
 3.09029543e+00  1.11361619e-05 
 3.16227766e+00  1.10272863e-05 
 3.23593657e+00  1.09194808e-05 
 3.31131121e+00  1.08127349e-05 
 3.38844156e+00  1.07070380e-05 
 3.46736850e+00  1.06023798e-05 
 3.54813389e+00  1.04987500e-05 
 3.63078055e+00  1.03961384e-05 
 3.71535229e+00  1.02945349e-05 
 3.80189396e+00  1.01939297e-05 
 3.89045145e+00  1.00943127e-05 
 3.98107171e+00  9.99567421e-06 
 4.07380278e+00  9.89800460e-06 
 4.16869383e+00  9.80129426e-06 
 4.26579519e+00  9.70553370e-06 
 4.36515832e+00  9.61071354e-06 
 4.46683592e+00  9.51682448e-06 
 4.57088190e+00  9.42385732e-06 
 4.67735141e+00  9.33180294e-06 
 4.78630092e+00  9.24065232e-06 
 4.89778819e+00  9.15039653e-06 
 5.01187234e+00  9.06102674e-06 
 5.12861384e+00  8.97253418e-06 
 5.24807460e+00  8.88491019e-06 
 5.37031796e+00  8.79814619e-06 
 5.49540874e+00  8.71223368e-06 
 5.62341325e+00  8.62716426e-06 
 5.75439937e+00  8.54292959e-06 
 5.88843655e+00  8.45952144e-06 
 6.02559586e+00  8.37693163e-06 
 6.16595002e+00  8.29515210e-06 
 6.30957344e+00  8.21417484e-06 
 6.45654229e+00  8.13399193e-06 
 6.60693448e+00  8.05459553e-06 
 6.76082975e+00  7.97597788e-06 
 6.91830971e+00  7.89813129e-06 
 7.07945784e+00  7.82104814e-06 
 7.24435960e+00  7.74472092e-06 
 7.41310241e+00  7.66914215e-06 
 7.58577575e+00  7.59430445e-06 
 7.76247117e+00  7.52020051e-06 
 7.94328235e+00  7.44682309e-06 
 8.12830516e+00  7.37416503e-06 
 8.31763771e+00  7.30221923e-06 
 8.51138038e+00  7.23097866e-06 
 8.70963590e+00  7.16043638e-06 
 8.91250938e+00  7.09058548e-06 
 9.12010839e+00  7.02141916e-06 
 9.33254301e+00  6.95293067e-06 
 9.54992586e+00  6.88511332e-06 
 9.77237221e+00  6.81796050e-06 
 1.00000000e+01  6.75146566e-06 
 1.02329299e+01  6.68562230e-06 
 1.04712855e+01  6.62042402e-06 
 1.07151931e+01  6.55586444e-06 
 1.09647820e+01  6.49193729e-06 
 1.12201845e+01  6.42863632e-06 
 1.14815362e+01  6.36595537e-06 
 1.17489755e+01  6.30388832e-06 
 1.20226443e+01  6.24242914e-06 
 1.23026877e+01  6.18157182e-06 
 1.25892541e+01  6.12131045e-06 
 1.28824955e+01  6.06163916e-06 
 1.31825674e+01  6.00255212e-06 
 1.34896288e+01  5.94404360e-06 
 1.38038426e+01  5.88610788e-06 
 1.41253754e+01  5.82873934e-06 
 1.44543977e+01  5.77193239e-06 
 1.47910839e+01  5.71568149e-06 
 1.51356125e+01  5.65998118e-06 
 1.54881662e+01  5.60482603e-06 
 1.58489319e+01  5.55021068e-06 
 1.62181010e+01  5.49612982e-06 
 1.65958691e+01  5.44257819e-06 
 1.69824365e+01  5.38955057e-06 
 1.73780083e+01  5.33704181e-06 
 1.77827941e+01  5.28504681e-06 
 1.81970086e+01  5.23356051e-06 
 1.86208714e+01  5.18257791e-06 
 1.90546072e+01  5.13209405e-06 
 1.94984460e+01  5.08210403e-06 
 1.99526231e+01  5.03260299e-06 
 2.04173794e+01  4.98358611e-06 
 2.08929613e+01  4.93504865e-06 
 2.13796209e+01  4.88698588e-06 
 2.18776162e+01  4.83939313e-06 
 2.23872114e+01  4.79226579e-06 
 2.29086765e+01  4.74559928e-06 
 2.34422882e+01  4.69938907e-06 
 2.39883292e+01  4.65363067e-06 
 2.45470892e+01  4.60831964e-06 
 2.51188643e+01  4.56345159e-06 
 2.57039578e+01  4.51902216e-06 
 2.63026799e+01  4.47502704e-06 
 2.69153480e+01  4.43146196e-06 
 2.75422870e+01  4.38832270e-06 
 2.81838293e+01  4.34560507e-06 
 2.88403150e+01  4.30330493e-06 
 2.95120923e+01  4.26141819e-06 
 3.01995172e+01  4.21994076e-06 
 3.09029543e+01  4.17886865e-06 
 3.16227766e+01  4.13819786e-06 
 3.23593657e+01  4.09792446e-06 
 3.31131121e+01  4.05804454e-06 
 3.38844156e+01  4.01855424e-06 
 3.46736850e+01  3.97944973e-06 
 3.54813389e+01  3.94072722e-06 
 3.63078055e+01  3.90238296e-06 
 3.71535229e+01  3.86441325e-06 
 3.80189396e+01  3.82681439e-06 
 3.89045145e+01  3.78958276e-06 
 3.98107171e+01  3.75271475e-06 
 4.07380278e+01  3.71620678e-06 
 4.16869383e+01  3.68005533e-06 
 4.26579519e+01  3.64425690e-06 
 4.36515832e+01  3.60880802e-06 
 4.46683592e+01  3.57370525e-06 
 4.57088190e+01  3.53894522e-06 
 4.67735141e+01  3.50452455e-06 
 4.78630092e+01  3.47043991e-06 
 4.89778819e+01  3.43668800e-06 
 5.01187234e+01  3.40326557e-06 
 5.12861384e+01  3.37016939e-06 
 5.24807460e+01  3.33739624e-06 
 5.37031796e+01  3.30494297e-06 
 5.49540874e+01  3.27280643e-06 
 5.62341325e+01  3.24098352e-06 
 5.75439937e+01  3.20947117e-06 
 5.88843655e+01  3.17826632e-06 
 6.02559586e+01  3.14736597e-06 
 6.16595002e+01  3.11676713e-06 
 6.30957344e+01  3.08646685e-06 
 6.45654229e+01  3.05646219e-06 
 6.60693448e+01  3.02675026e-06 
 6.76082975e+01  2.99732819e-06 
 6.91830971e+01  2.96819314e-06 
 7.07945784e+01  2.93934229e-06 
 7.24435960e+01  2.91077286e-06 
 7.41310241e+01  2.88248210e-06 
 7.58577575e+01  2.85446727e-06 
 7.76247117e+01  2.82672567e-06 
 7.94328235e+01  2.79925462e-06 
 8.12830516e+01  2.77205148e-06 
 8.31763771e+01  2.74511361e-06 
 8.51138038e+01  2.71843841e-06 
 8.70963590e+01  2.69202333e-06 
 8.91250938e+01  2.66586580e-06 
 9.12010839e+01  2.63996331e-06 
 9.33254301e+01  2.61431335e-06 
 9.54992586e+01  2.58891346e-06 
 9.77237221e+01  2.56376118e-06 
 1.00000000e+02  2.53885410e-06 
 1.02329299e+02  2.51418981e-06 
 1.04712855e+02  2.48976593e-06 
 1.07151931e+02  2.46558011e-06 
 1.09647820e+02  2.44163002e-06 
 1.12201845e+02  2.41791335e-06 
 1.14815362e+02  2.39442782e-06 
 1.17489755e+02  2.37117116e-06 
 1.20226443e+02  2.34814114e-06 
 1.23026877e+02  2.32533553e-06 
 1.25892541e+02  2.30275215e-06 
 1.28824955e+02  2.28038881e-06 
 1.31825674e+02  2.25824336e-06 
 1.34896288e+02  2.23631368e-06 
 1.38038426e+02  2.21459764e-06 
 1.41253754e+02  2.19309317e-06 
 1.44543977e+02  2.17179818e-06 
 1.47910839e+02  2.15071064e-06 
 1.51356125e+02  2.12982851e-06 
 1.54881662e+02  2.10914978e-06 
 1.58489319e+02  2.08867246e-06 
 1.62181010e+02  2.06839458e-06 
 1.65958691e+02  2.04831420e-06 
 1.69824365e+02  2.02842938e-06 
 1.73780083e+02  2.00873821e-06 
 1.77827941e+02  1.98923880e-06 
 1.81970086e+02  1.96992926e-06 
 1.86208714e+02  1.95080775e-06 
 1.90546072e+02  1.93187243e-06 
 1.94984460e+02  1.91312147e-06 
 1.99526231e+02  1.89455308e-06 
 2.04173794e+02  1.87616546e-06 
 2.08929613e+02  1.85795686e-06 
 2.13796209e+02  1.83992552e-06 
 2.18776162e+02  1.82206971e-06 
 2.23872114e+02  1.80438771e-06 
 2.29086765e+02  1.78687783e-06 
 2.34422882e+02  1.76953838e-06 
 2.39883292e+02  1.75236771e-06 
 2.45470892e+02  1.73536415e-06 
 2.51188643e+02  1.71852608e-06 
 2.57039578e+02  1.70185188e-06 
 2.63026799e+02  1.68533995e-06 
 2.69153480e+02  1.66898871e-06 
 2.75422870e+02  1.65279658e-06 
 2.81838293e+02  1.63676200e-06 
 2.88403150e+02  1.62088346e-06 
 2.95120923e+02  1.60515940e-06 
 3.01995172e+02  1.58958834e-06 
 3.09029543e+02  1.57416877e-06 
 3.16227766e+02  1.55889922e-06 
 3.23593657e+02  1.54377822e-06 
 3.31131121e+02  1.52880432e-06 
 3.38844156e+02  1.51397608e-06 
 3.46736850e+02  1.49929209e-06 
 3.54813389e+02  1.48475092e-06 
 3.63078055e+02  1.47035120e-06 
 3.71535229e+02  1.45609154e-06 
 3.80189396e+02  1.44197056e-06 
 3.89045145e+02  1.42798693e-06 
 3.98107171e+02  1.41413929e-06 
 4.07380278e+02  1.40042632e-06 
 4.16869383e+02  1.38684670e-06 
 4.26579519e+02  1.37339914e-06 
 4.36515832e+02  1.36008235e-06 
 4.46683592e+02  1.34689504e-06 
 4.57088190e+02  1.33383596e-06 
 4.67735141e+02  1.32090386e-06 
 4.78630092e+02  1.30809749e-06 
 4.89778819e+02  1.29541563e-06 
 5.01187234e+02  1.28285707e-06 
 5.12861384e+02  1.27042059e-06 
 5.24807460e+02  1.25810502e-06 
 5.37031796e+02  1.24590917e-06 
 5.49540874e+02  1.23383187e-06 
 5.62341325e+02  1.22187198e-06 
 5.75439937e+02  1.21002833e-06 
 5.88843655e+02  1.19829980e-06 
 6.02559586e+02  1.18668527e-06 
 6.16595002e+02  1.17518362e-06 
 6.30957344e+02  1.16379376e-06 
 6.45654229e+02  1.15251459e-06 
 6.60693448e+02  1.14134503e-06 
 6.76082975e+02  1.13028402e-06 
 6.91830971e+02  1.11933050e-06 
 7.07945784e+02  1.10848342e-06 
 7.24435960e+02  1.09774174e-06 
 7.41310241e+02  1.08710444e-06 
 7.58577575e+02  1.07657049e-06 
 7.76247117e+02  1.06613889e-06 
 7.94328235e+02  1.05580865e-06 
 8.12830516e+02  1.04557877e-06 
 8.31763771e+02  1.03544827e-06 
 8.51138038e+02  1.02541620e-06 
 8.70963590e+02  1.01548158e-06 
 8.91250938e+02  1.00564347e-06 
 9.12010839e+02  9.95900934e-07 
 9.33254301e+02  9.86253033e-07 
 9.54992586e+02  9.76698847e-07 
 9.77237221e+02  9.67237464e-07 
 1.00000000e+03  9.57867980e-07 
 1.02329299e+03  9.48589499e-07 
 1.04712855e+03  9.39401134e-07 
 1.07151931e+03  9.30302009e-07 
 1.09647820e+03  9.21291253e-07 
 1.12201845e+03  9.12368007e-07 
 1.14815362e+03  9.03531417e-07 
 1.17489755e+03  8.94780640e-07 
 1.20226443e+03  8.86114840e-07 
 1.23026877e+03  8.77533190e-07 
 1.25892541e+03  8.69034870e-07 
 1.28824955e+03  8.60619069e-07 
 1.31825674e+03  8.52284983e-07 
 1.34896288e+03  8.44031817e-07 
 1.38038426e+03  8.35858782e-07 
 1.41253754e+03  8.27765099e-07 
 1.44543977e+03  8.19749996e-07 
 1.47910839e+03  8.11812707e-07 
 1.51356125e+03  8.03952474e-07 
 1.54881662e+03  7.96168548e-07 
 1.58489319e+03  7.88460187e-07 
 1.62181010e+03  7.80826653e-07 
 1.65958691e+03  7.73267220e-07 
 1.69824365e+03  7.65781167e-07 
 1.73780083e+03  7.58367778e-07 
 1.77827941e+03  7.51026347e-07 
 1.81970086e+03  7.43756173e-07 
 1.86208714e+03  7.36556564e-07 
 1.90546072e+03  7.29426833e-07 
 1.94984460e+03  7.22366299e-07 
 1.99526231e+03  7.15374290e-07 
 2.04173794e+03  7.08450138e-07 
 2.08929613e+03  7.01593185e-07 
 2.13796209e+03  6.94802775e-07 
 2.18776162e+03  6.88078262e-07 
 2.23872114e+03  6.81419005e-07 
 2.29086765e+03  6.74824369e-07 
 2.34422882e+03  6.68293725e-07 
 2.39883292e+03  6.61826452e-07 
 2.45470892e+03  6.55421932e-07 
 2.51188643e+03  6.49079556e-07 
 2.57039578e+03  6.42798719e-07 
 2.63026799e+03  6.36578822e-07 
 2.69153480e+03  6.30419274e-07 
 2.75422870e+03  6.24319487e-07 
 2.81838293e+03  6.18278881e-07 
 2.88403150e+03  6.12296879e-07 
 2.95120923e+03  6.06372913e-07 
 3.01995172e+03  6.00506417e-07 
 3.09029543e+03  5.94696834e-07 
 3.16227766e+03  5.88943610e-07 
 3.23593657e+03  5.83246197e-07 
 3.31131121e+03  5.77604052e-07 
 3.38844156e+03  5.72016640e-07 
 3.46736850e+03  5.66483426e-07 
 3.54813389e+03  5.61003886e-07 
 3.63078055e+03  5.55577497e-07 
 3.71535229e+03  5.50203742e-07 
 3.80189396e+03  5.44882111e-07 
 3.89045145e+03  5.39612096e-07 
 3.98107171e+03  5.34393197e-07 
 4.07380278e+03  5.29224916e-07 
 4.16869383e+03  5.24106761e-07 
 4.26579519e+03  5.19038247e-07 
 4.36515832e+03  5.14018890e-07 
 4.46683592e+03  5.09048212e-07 
 4.57088190e+03  5.04125742e-07 
 4.67735141e+03  4.99251010e-07 
 4.78630092e+03  4.94423554e-07 
 4.89778819e+03  4.89642913e-07 
 5.01187234e+03  4.84908634e-07 
 5.12861384e+03  4.80220265e-07 
 5.24807460e+03  4.75577362e-07 
 5.37031796e+03  4.70979481e-07 
 5.49540874e+03  4.66426188e-07 
 5.62341325e+03  4.61917047e-07 
 5.75439937e+03  4.57451631e-07 
 5.88843655e+03  4.53029515e-07 
 6.02559586e+03  4.48650279e-07 
 6.16595002e+03  4.44313506e-07 
 6.30957344e+03  4.40018785e-07 
 6.45654229e+03  4.35765706e-07 
 6.60693448e+03  4.31553866e-07 
 6.76082975e+03  4.27382864e-07 
 6.91830971e+03  4.23252304e-07 
 7.07945784e+03  4.19161794e-07 
 7.24435960e+03  4.15110944e-07 
 7.41310241e+03  4.11099370e-07 
 7.58577575e+03  4.07126691e-07 
 7.76247117e+03  4.03192529e-07 
 7.94328235e+03  3.99296511e-07 
 8.12830516e+03  3.95438265e-07 
 8.31763771e+03  3.91617427e-07 
 8.51138038e+03  3.87833632e-07 
 8.70963590e+03  3.84086522e-07 
 8.91250938e+03  3.80375741e-07 
 9.12010839e+03  3.76700936e-07 
 9.33254301e+03  3.73061758e-07 
 9.54992586e+03  3.69457861e-07 
 9.77237221e+03  3.65888904e-07 
 1.00000000e+04  3.62354547e-07 
 1.02329299e+04  3.58854456e-07 
 1.04712855e+04  3.55388297e-07 
 1.07151931e+04  3.51955741e-07 
 1.09647820e+04  3.48556463e-07 
 1.12201845e+04  3.45190140e-07 
 1.14815362e+04  3.41856453e-07 
 1.17489755e+04  3.38555084e-07 
 1.20226443e+04  3.35285722e-07 
 1.23026877e+04  3.32048054e-07 
 1.25892541e+04  3.28841775e-07 
 1.28824955e+04  3.25666580e-07 
 1.31825674e+04  3.22522167e-07 
 1.34896288e+04  3.19408238e-07 
 1.38038426e+04  3.16324498e-07 
 1.41253754e+04  3.13270654e-07 
 1.44543977e+04  3.10246417e-07 
 1.47910839e+04  3.07251499e-07 
 1.51356125e+04  3.04285617e-07 
 1.54881662e+04  3.01348488e-07 
 1.58489319e+04  2.98439835e-07 
 1.62181010e+04  2.95559382e-07 
 1.65958691e+04  2.92706854e-07 
 1.69824365e+04  2.89881983e-07 
 1.73780083e+04  2.87084500e-07 
 1.77827941e+04  2.84314139e-07 
 1.81970086e+04  2.81570638e-07 
 1.86208714e+04  2.78853737e-07 
 1.90546072e+04  2.76163178e-07 
 1.94984460e+04  2.73498706e-07 
 1.99526231e+04  2.70860069e-07 
 2.04173794e+04  2.68247015e-07 
 2.08929613e+04  2.65659299e-07 
 2.13796209e+04  2.63096673e-07 
 2.18776162e+04  2.60558896e-07 
 2.23872114e+04  2.58045727e-07 
 2.29086765e+04  2.55556928e-07 
 2.34422882e+04  2.53092262e-07 
 2.39883292e+04  2.50651496e-07 
 2.45470892e+04  2.48234399e-07 
 2.51188643e+04  2.45840742e-07 
 2.57039578e+04  2.43470298e-07 
 2.63026799e+04  2.41122842e-07 
 2.69153480e+04  2.38798152e-07 
 2.75422870e+04  2.36496007e-07 
 2.81838293e+04  2.34216190e-07 
 2.88403150e+04  2.31958485e-07 
 2.95120923e+04  2.29722677e-07 
 3.01995172e+04  2.27508556e-07 
 3.09029543e+04  2.25315910e-07 
 3.16227766e+04  2.23144533e-07 
 3.23593657e+04  2.20994218e-07 
 3.31131121e+04  2.18864763e-07 
 3.38844156e+04  2.16755965e-07 
 3.46736850e+04  2.14667625e-07 
 3.54813389e+04  2.12599544e-07 
 3.63078055e+04  2.10551528e-07 
 3.71535229e+04  2.08523382e-07 
 3.80189396e+04  2.06514914e-07 
 3.89045145e+04  2.04525934e-07 
 3.98107171e+04  2.02556254e-07 
 4.07380278e+04  2.00605687e-07 
 4.16869383e+04  1.98674048e-07 
 4.26579519e+04  1.96761155e-07 
 4.36515832e+04  1.94866826e-07 
 4.46683592e+04  1.92990883e-07 
 4.57088190e+04  1.91133147e-07 
 4.67735141e+04  1.89293443e-07 
 4.78630092e+04  1.87471597e-07 
 4.89778819e+04  1.85667436e-07 
 5.01187234e+04  1.83880789e-07 
 5.12861384e+04  1.82111488e-07 
 5.24807460e+04  1.80359365e-07 
 5.37031796e+04  1.78624254e-07 
 5.49540874e+04  1.76905991e-07 
 5.62341325e+04  1.75204413e-07 
 5.75439937e+04  1.73519360e-07 
 5.88843655e+04  1.71850672e-07 
 6.02559586e+04  1.70198190e-07 
 6.16595002e+04  1.68561760e-07 
 6.30957344e+04  1.66941225e-07 
 6.45654229e+04  1.65336433e-07 
 6.60693448e+04  1.63747232e-07 
 6.76082975e+04  1.62173471e-07 
 6.91830971e+04  1.60615002e-07 
 7.07945784e+04  1.59071677e-07 
 7.24435960e+04  1.57543351e-07 
 7.41310241e+04  1.56029877e-07 
 7.58577575e+04  1.54531115e-07 
 7.76247117e+04  1.53046921e-07 
 7.94328235e+04  1.51577156e-07 
 8.12830516e+04  1.50121680e-07 
 8.31763771e+04  1.48680356e-07 
 8.51138038e+04  1.47253048e-07 
 8.70963590e+04  1.45839620e-07 
 8.91250938e+04  1.44439939e-07 
 9.12010839e+04  1.43053872e-07 
 9.33254301e+04  1.41681289e-07 
 9.54992586e+04  1.40322060e-07 
 9.77237221e+04  1.38976056e-07 
 1.00000000e+05  1.37643150e-07 
 1.02329299e+05  1.36323216e-07 
 1.04712855e+05  1.35016130e-07 
 1.07151931e+05  1.33721766e-07 
 1.09647820e+05  1.32440005e-07 
 1.12201845e+05  1.31170723e-07 
 1.14815362e+05  1.29913802e-07 
 1.17489755e+05  1.28669121e-07 
 1.20226443e+05  1.27436565e-07 
 1.23026877e+05  1.26216016e-07 
 1.25892541e+05  1.25007359e-07 
 1.28824955e+05  1.23810479e-07 
 1.31825674e+05  1.22625264e-07 
 1.34896288e+05  1.21451602e-07 
 1.38038426e+05  1.20289381e-07 
 1.41253754e+05  1.19138492e-07 
 1.44543977e+05  1.17998826e-07 
 1.47910839e+05  1.16870276e-07 
 1.51356125e+05  1.15752734e-07 
 1.54881662e+05  1.14646096e-07 
 1.58489319e+05  1.13550256e-07 
 1.62181010e+05  1.12465111e-07 
 1.65958691e+05  1.11390558e-07 
 1.69824365e+05  1.10326497e-07 
 1.73780083e+05  1.09272826e-07 
 1.77827941e+05  1.08229446e-07 
 1.81970086e+05  1.07196259e-07 
 1.86208714e+05  1.06173166e-07 
 1.90546072e+05  1.05160071e-07 
 1.94984460e+05  1.04156879e-07 
 1.99526231e+05  1.03163494e-07 
 2.04173794e+05  1.02179824e-07 
 2.08929613e+05  1.01205774e-07 
 2.13796209e+05  1.00241253e-07 
 2.18776162e+05  9.92861696e-08 
 2.23872114e+05  9.83404340e-08 
 2.29086765e+05  9.74039566e-08 
 2.34422882e+05  9.64766490e-08 
 2.39883292e+05  9.55584237e-08 
 2.45470892e+05  9.46491937e-08 
 2.51188643e+05  9.37488734e-08 
 2.57039578e+05  9.28573777e-08 
 2.63026799e+05  9.19746223e-08 
 2.69153480e+05  9.11005239e-08 
 2.75422870e+05  9.02349999e-08 
 2.81838293e+05  8.93779686e-08 
 2.88403150e+05  8.85293491e-08 
 2.95120923e+05  8.76890611e-08 
 3.01995172e+05  8.68570254e-08 
 3.09029543e+05  8.60331633e-08 
 3.16227766e+05  8.52173970e-08 
 3.23593657e+05  8.44096495e-08 
 3.31131121e+05  8.36098446e-08 
 3.38844156e+05  8.28179065e-08 
 3.46736850e+05  8.20337606e-08 
 3.54813389e+05  8.12573328e-08 
 3.63078055e+05  8.04885498e-08 
 3.71535229e+05  7.97273389e-08 
 3.80189396e+05  7.89736283e-08 
 3.89045145e+05  7.82273467e-08 
 3.98107171e+05  7.74884236e-08 
 4.07380278e+05  7.67567894e-08 
 4.16869383e+05  7.60323747e-08 
 4.26579519e+05  7.53151113e-08 
 4.36515832e+05  7.46049314e-08 
 4.46683592e+05  7.39017678e-08 
 4.57088190e+05  7.32055542e-08 
 4.67735141e+05  7.25162248e-08 
 4.78630092e+05  7.18337144e-08 
 4.89778819e+05  7.11579585e-08 
 5.01187234e+05  7.04888934e-08 
 5.12861384e+05  6.98264558e-08 
 5.24807460e+05  6.91705830e-08 
 5.37031796e+05  6.85212132e-08 
 5.49540874e+05  6.78782849e-08 
 5.62341325e+05  6.72417374e-08 
 5.75439937e+05  6.66115105e-08 
 5.88843655e+05  6.59875446e-08 
 6.02559586e+05  6.53697809e-08 
 6.16595002e+05  6.47581608e-08 
 6.30957344e+05  6.41526265e-08 
 6.45654229e+05  6.35531208e-08 
 6.60693448e+05  6.29595871e-08 
 6.76082975e+05  6.23719691e-08 
 6.91830971e+05  6.17902113e-08 
 7.07945784e+05  6.12142587e-08 
 7.24435960e+05  6.06440569e-08 
 7.41310241e+05  6.00795517e-08 
 7.58577575e+05  5.95206900e-08 
 7.76247117e+05  5.89674187e-08 
 7.94328235e+05  5.84196855e-08 
 8.12830516e+05  5.78774386e-08 
 8.31763771e+05  5.73406266e-08 
 8.51138038e+05  5.68091988e-08 
 8.70963590e+05  5.62831048e-08 
 8.91250938e+05  5.57622947e-08 
 9.12010839e+05  5.52467194e-08 
 9.33254301e+05  5.47363298e-08 
 9.54992586e+05  5.42310777e-08 
 9.77237221e+05  5.37309152e-08 
 1.00000000e+06  5.32357949e-08 
 1.02329299e+06  5.27456698e-08 
 1.04712855e+06  5.22604935e-08 
 1.07151931e+06  5.17802200e-08 
 1.09647820e+06  5.13048036e-08 
 1.12201845e+06  5.08341994e-08 
 1.14815362e+06  5.03683626e-08 
 1.17489755e+06  4.99072490e-08 
 1.20226443e+06  4.94508148e-08 
 1.23026877e+06  4.89990167e-08 
 1.25892541e+06  4.85518118e-08 
 1.28824955e+06  4.81091576e-08 
 1.31825674e+06  4.76710119e-08 
 1.34896288e+06  4.72373332e-08 
 1.38038426e+06  4.68080801e-08 
 1.41253754e+06  4.63832119e-08 
 1.44543977e+06  4.59626881e-08 
 1.47910839e+06  4.55464686e-08 
 1.51356125e+06  4.51345139e-08 
 1.54881662e+06  4.47267846e-08 
 1.58489319e+06  4.43232419e-08 
 1.62181010e+06  4.39238473e-08 
 1.65958691e+06  4.35285626e-08 
 1.69824365e+06  4.31373503e-08 
 1.73780083e+06  4.27501729e-08 
 1.77827941e+06  4.23669933e-08 
 1.81970086e+06  4.19877751e-08 
 1.86208714e+06  4.16124819e-08 
 1.90546072e+06  4.12410778e-08 
 1.94984460e+06  4.08735272e-08 
 1.99526231e+06  4.05097950e-08 
 2.04173794e+06  4.01498463e-08 
 2.08929613e+06  3.97936465e-08 
 2.13796209e+06  3.94411614e-08 
 2.18776162e+06  3.90923573e-08 
 2.23872114e+06  3.87472005e-08 
 2.29086765e+06  3.84056579e-08 
 2.34422882e+06  3.80676966e-08 
 2.39883292e+06  3.77332841e-08 
 2.45470892e+06  3.74023881e-08 
 2.51188643e+06  3.70749767e-08 
 2.57039578e+06  3.67510183e-08 
 2.63026799e+06  3.64304815e-08 
 2.69153480e+06  3.61133354e-08 
 2.75422870e+06  3.57995493e-08 
 2.81838293e+06  3.54890927e-08 
 2.88403150e+06  3.51819355e-08 
 2.95120923e+06  3.48780480e-08 
 3.01995172e+06  3.45774005e-08 
 3.09029543e+06  3.42799638e-08 
 3.16227766e+06  3.39857089e-08 
 3.23593657e+06  3.36946072e-08 
 3.31131121e+06  3.34066301e-08 
 3.38844156e+06  3.31217496e-08 
 3.46736850e+06  3.28399377e-08 
 3.54813389e+06  3.25611668e-08 
 3.63078055e+06  3.22854095e-08 
 3.71535229e+06  3.20126387e-08 
 3.80189396e+06  3.17428277e-08 
 3.89045145e+06  3.14759497e-08 
 3.98107171e+06  3.12119784e-08 
 4.07380278e+06  3.09508877e-08 
 4.16869383e+06  3.06926517e-08 
 4.26579519e+06  3.04372448e-08 
 4.36515832e+06  3.01846416e-08 
 4.46683592e+06  2.99348170e-08 
 4.57088190e+06  2.96877459e-08 
 4.67735141e+06  2.94434038e-08 
 4.78630092e+06  2.92017662e-08 
 4.89778819e+06  2.89628087e-08 
 5.01187234e+06  2.87265074e-08 
 5.12861384e+06  2.84928384e-08 
 5.24807460e+06  2.82617781e-08 
 5.37031796e+06  2.80333032e-08 
 5.49540874e+06  2.78073904e-08 
 5.62341325e+06  2.75840168e-08 
 5.75439937e+06  2.73631596e-08 
 5.88843655e+06  2.71447962e-08 
 6.02559586e+06  2.69289043e-08 
 6.16595002e+06  2.67154616e-08 
 6.30957344e+06  2.65044461e-08 
 6.45654229e+06  2.62958362e-08 
 6.60693448e+06  2.60896100e-08 
 6.76082975e+06  2.58857463e-08 
 6.91830971e+06  2.56842237e-08 
 7.07945784e+06  2.54850212e-08 
 7.24435960e+06  2.52881179e-08 
 7.41310241e+06  2.50934930e-08 
 7.58577575e+06  2.49011261e-08 
 7.76247117e+06  2.47109967e-08 
 7.94328235e+06  2.45230846e-08 
 8.12830516e+06  2.43373699e-08 
 8.31763771e+06  2.41538325e-08 
 8.51138038e+06  2.39724528e-08 
 8.70963590e+06  2.37932111e-08 
 8.91250938e+06  2.36160882e-08 
 9.12010839e+06  2.34410647e-08 
 9.33254301e+06  2.32681215e-08 
 9.54992586e+06  2.30972396e-08 
 9.77237221e+06  2.29284004e-08 
 1.00000000e+07  2.27615849e-08 
 1.02329299e+07  2.25967749e-08 
 1.04712855e+07  2.24339517e-08 
 1.07151931e+07  2.22730973e-08 
 1.09647820e+07  2.21141935e-08 
 1.12201845e+07  2.19572223e-08 
 1.14815362e+07  2.18021659e-08 
 1.17489755e+07  2.16490066e-08 
 1.20226443e+07  2.14977267e-08 
 1.23026877e+07  2.13483088e-08 
 1.25892541e+07  2.12007356e-08 
 1.28824955e+07  2.10549898e-08 
 1.31825674e+07  2.09110544e-08 
 1.34896288e+07  2.07689124e-08 
 1.38038426e+07  2.06285469e-08 
 1.41253754e+07  2.04899412e-08 
 1.44543977e+07  2.03530787e-08 
 1.47910839e+07  2.02179429e-08 
 1.51356125e+07  2.00845173e-08 
 1.54881662e+07  1.99527856e-08 
 1.58489319e+07  1.98227317e-08 
 1.62181010e+07  1.96943396e-08 
 1.65958691e+07  1.95675931e-08 
 1.69824365e+07  1.94424766e-08 
 1.73780083e+07  1.93189741e-08 
 1.77827941e+07  1.91970701e-08 
 1.81970086e+07  1.90767489e-08 
 1.86208714e+07  1.89579952e-08 
 1.90546072e+07  1.88407935e-08 
 1.94984460e+07  1.87251286e-08 
 1.99526231e+07  1.86109853e-08 
 2.04173794e+07  1.84983486e-08 
 2.08929613e+07  1.83872034e-08 
 2.13796209e+07  1.82775348e-08 
 2.18776162e+07  1.81693282e-08 
 2.23872114e+07  1.80625686e-08 
 2.29086765e+07  1.79572416e-08 
 2.34422882e+07  1.78533327e-08 
 2.39883292e+07  1.77508273e-08 
 2.45470892e+07  1.76497111e-08 
 2.51188643e+07  1.75499699e-08 
 2.57039578e+07  1.74515894e-08 
 2.63026799e+07  1.73545557e-08 
 2.69153480e+07  1.72588546e-08 
 2.75422870e+07  1.71644723e-08 
 2.81838293e+07  1.70713950e-08 
 2.88403150e+07  1.69796088e-08 
 2.95120923e+07  1.68891002e-08 
 3.01995172e+07  1.67998554e-08 
 3.09029543e+07  1.67118611e-08 
 3.16227766e+07  1.66251038e-08 
 3.23593657e+07  1.65395702e-08 
 3.31131121e+07  1.64552471e-08 
 3.38844156e+07  1.63721212e-08 
 3.46736850e+07  1.62901794e-08 
 3.54813389e+07  1.62094088e-08 
 3.63078055e+07  1.61297965e-08 
 3.71535229e+07  1.60513296e-08 
 3.80189396e+07  1.59739953e-08 
 3.89045145e+07  1.58977810e-08 
 3.98107171e+07  1.58226740e-08 
 4.07380278e+07  1.57486619e-08 
 4.16869383e+07  1.56757322e-08 
 4.26579519e+07  1.56038726e-08 
 4.36515832e+07  1.55330708e-08 
 4.46683592e+07  1.54633146e-08 
 4.57088190e+07  1.53945920e-08 
 4.67735141e+07  1.53268908e-08 
 4.78630092e+07  1.52601992e-08 
 4.89778819e+07  1.51945054e-08 
 5.01187234e+07  1.51297975e-08 
 5.12861384e+07  1.50660638e-08 
 5.24807460e+07  1.50032929e-08 
 5.37031796e+07  1.49414731e-08 
 5.49540874e+07  1.48805930e-08 
 5.62341325e+07  1.48206414e-08 
 5.75439937e+07  1.47616068e-08 
 5.88843655e+07  1.47034783e-08 
 6.02559586e+07  1.46462446e-08 
 6.16595002e+07  1.45898949e-08 
 6.30957344e+07  1.45344181e-08 
 6.45654229e+07  1.44798035e-08 
 6.60693448e+07  1.44260404e-08 
 6.76082975e+07  1.43731181e-08 
 6.91830971e+07  1.43210260e-08 
 7.07945784e+07  1.42697538e-08 
 7.24435960e+07  1.42192910e-08 
 7.41310241e+07  1.41696273e-08 
 7.58577575e+07  1.41207527e-08 
 7.76247117e+07  1.40726570e-08 
 7.94328235e+07  1.40253301e-08 
 8.12830516e+07  1.39787623e-08 
 8.31763771e+07  1.39329437e-08 
 8.51138038e+07  1.38878646e-08 
 8.70963590e+07  1.38435154e-08 
 8.91250938e+07  1.37998865e-08 
 9.12010839e+07  1.37569686e-08 
 9.33254301e+07  1.37147523e-08 
 9.54992586e+07  1.36732284e-08 
 9.77237221e+07  1.36323878e-08 
 1.00000000e+08  1.35922215e-08 
 1.02329299e+08  1.35527205e-08 
 1.04712855e+08  1.35138761e-08 
 1.07151931e+08  1.34756794e-08 
 1.09647820e+08  1.34381219e-08 
 1.12201845e+08  1.34011952e-08 
 1.14815362e+08  1.33648907e-08 
 1.17489755e+08  1.33292001e-08 
 1.20226443e+08  1.32941154e-08 
 1.23026877e+08  1.32596284e-08 
 1.25892541e+08  1.32257311e-08 
 1.28824955e+08  1.31924156e-08 
 1.31825674e+08  1.31596743e-08 
 1.34896288e+08  1.31274994e-08 
 1.38038426e+08  1.30958834e-08 
 1.41253754e+08  1.30648190e-08 
 1.44543977e+08  1.30342987e-08 
 1.47910839e+08  1.30043154e-08 
 1.51356125e+08  1.29748620e-08 
 1.54881662e+08  1.29459316e-08 
 1.58489319e+08  1.29175174e-08 
 1.62181010e+08  1.28896125e-08 
 1.65958691e+08  1.28622104e-08 
 1.69824365e+08  1.28353046e-08 
 1.73780083e+08  1.28088889e-08 
 1.77827941e+08  1.27829568e-08 
 1.81970086e+08  1.27575024e-08 
 1.86208714e+08  1.27325197e-08 
 1.90546072e+08  1.27080028e-08 
 1.94984460e+08  1.26839460e-08 
 1.99526231e+08  1.26603437e-08 
 2.04173794e+08  1.26371906e-08 
 2.08929613e+08  1.26144812e-08 
 2.13796209e+08  1.25922104e-08 
 2.18776162e+08  1.25703733e-08 
 2.23872114e+08  1.25489649e-08 
 2.29086765e+08  1.25279804e-08 
 2.34422882e+08  1.25074154e-08 
 2.39883292e+08  1.24872653e-08 
 2.45470892e+08  1.24675258e-08 
 2.51188643e+08  1.24481930e-08 
 2.57039578e+08  1.24292627e-08 
 2.63026799e+08  1.24107312e-08 
 2.69153480e+08  1.23925949e-08 
 2.75422870e+08  1.23748502e-08 
 2.81838293e+08  1.23574940e-08 
 2.88403150e+08  1.23405229e-08 
 2.95120923e+08  1.23239342e-08 
 3.01995172e+08  1.23077251e-08 
 3.09029543e+08  1.22918929e-08 
 3.16227766e+08  1.22764353e-08 
 3.23593657e+08  1.22613502e-08 
 3.31131121e+08  1.22466354e-08 
 3.38844156e+08  1.22322894e-08 
 3.46736850e+08  1.22183104e-08 
 3.54813389e+08  1.22046972e-08 
 3.63078055e+08  1.21914486e-08 
 3.71535229e+08  1.21785637e-08 
 3.80189396e+08  1.21660418e-08 
 3.89045145e+08  1.21538826e-08 
 3.98107171e+08  1.21420858e-08 
 4.07380278e+08  1.21306514e-08 
 4.16869383e+08  1.21195799e-08 
 4.26579519e+08  1.21088718e-08 
 4.36515832e+08  1.20985279e-08 
 4.46683592e+08  1.20885495e-08 
 4.57088190e+08  1.20789379e-08 
 4.67735141e+08  1.20696949e-08 
 4.78630092e+08  1.20608224e-08 
 4.89778819e+08  1.20523230e-08 
 5.01187234e+08  1.20441991e-08 
 5.12861384e+08  1.20364539e-08 
 5.24807460e+08  1.20290906e-08 
 5.37031796e+08  1.20221129e-08 
 5.49540874e+08  1.20155249e-08 
 5.62341325e+08  1.20093311e-08 
 5.75439937e+08  1.20035361e-08 
 5.88843655e+08  1.19981452e-08 
 6.02559586e+08  1.19931639e-08 
 6.16595002e+08  1.19885982e-08 
 6.30957344e+08  1.19844546e-08 
 6.45654229e+08  1.19807399e-08 
 6.60693448e+08  1.19774614e-08 
 6.76082975e+08  1.19746267e-08 
 6.91830971e+08  1.19722441e-08 
 7.07945784e+08  1.19703223e-08 
 7.24435960e+08  1.19688704e-08 
 7.41310241e+08  1.19678980e-08 
 7.58577575e+08  1.19674153e-08 
 7.76247117e+08  1.19674329e-08 
 7.94328235e+08  1.19679620e-08 
 8.12830516e+08  1.19690143e-08 
 8.31763771e+08  1.19706021e-08 
 8.51138038e+08  1.19727381e-08 
 8.70963590e+08  1.19754356e-08 
 8.91250938e+08  1.19787086e-08 
 9.12010839e+08  1.19825715e-08 
 9.33254301e+08  1.19870392e-08 
 9.54992586e+08  1.19921275e-08 
 9.77237221e+08  1.19978523e-08 
 1.00000000e+09  1.20042305e-08 
