 1.00000000e+00 -6.07529202e-05 
 1.25892541e+00 -7.64833951e-05 
 1.58489319e+00 -9.62868897e-05 
 1.99526231e+00 -1.21218012e-04 
 2.51188643e+00 -1.52604436e-04 
 3.16227766e+00 -1.92117602e-04 
 3.98107171e+00 -2.41861732e-04 
 5.01187234e+00 -3.04485880e-04 
 6.30957344e+00 -3.83325012e-04 
 7.94328235e+00 -4.82577599e-04 
 1.00000000e+01 -6.07529202e-04 
 1.25892541e+01 -7.64833951e-04 
 1.58489319e+01 -9.62868896e-04 
 1.99526231e+01 -1.21218012e-03 
 2.51188643e+01 -1.52604436e-03 
 3.16227766e+01 -1.92117602e-03 
 3.98107171e+01 -2.41861732e-03 
 5.01187234e+01 -3.04485880e-03 
 6.30957344e+01 -3.83325011e-03 
 7.94328235e+01 -4.82577597e-03 
 1.00000000e+02 -6.07529200e-03 
 1.25892541e+02 -7.64833946e-03 
 1.58489319e+02 -9.62868888e-03 
 1.99526231e+02 -1.21218010e-02 
 2.51188643e+02 -1.52604432e-02 
 3.16227766e+02 -1.92117595e-02 
 3.98107171e+02 -2.41861717e-02 
 5.01187234e+02 -3.04485851e-02 
 6.30957344e+02 -3.83324955e-02 
 7.94328235e+02 -4.82577485e-02 
 1.00000000e+03 -6.07528975e-02 
 1.25892541e+03 -7.64833497e-02 
 1.58489319e+03 -9.62867991e-02 
 1.99526231e+03 -1.21217831e-01 
 2.51188643e+03 -1.52604075e-01 
 3.16227766e+03 -1.92116883e-01 
 3.98107171e+03 -2.41860296e-01 
 5.01187234e+03 -3.04483016e-01 
 6.30957344e+03 -3.83319297e-01 
 7.94328235e+03 -4.82566195e-01 
 1.00000000e+04 -6.07506450e-01 
 1.25892541e+04 -7.64788557e-01 
 1.58489319e+04 -9.62778329e-01 
 1.99526231e+04 -1.21199943e+00 
 2.51188643e+04 -1.52568390e+00 
 3.16227766e+04 -1.92045698e+00 
 3.98107171e+04 -2.41718320e+00 
 5.01187234e+04 -3.04199915e+00 
 6.30957344e+04 -3.82755001e+00 
 7.94328235e+04 -4.81442052e+00 
 1.00000000e+05 -6.05269078e+00 
 1.25892541e+05 -7.60341950e+00 
 1.58489319e+05 -9.53960984e+00 
 1.99526231e+05 -1.19457660e+01 
 2.51188643e+05 -1.49144317e+01 
 3.16227766e+05 -1.85371675e+01 
 3.98107171e+05 -2.28867947e+01 
 5.01187234e+05 -2.79889132e+01 
 6.30957344e+05 -3.37862619e+01 
 7.94328235e+05 -4.01104091e+01 
 1.00000000e+06 -4.66845683e+01 
 1.25892541e+06 -5.31729442e+01 
 1.58489319e+06 -5.92608239e+01 
 1.99526231e+06 -6.47233136e+01 
 2.51188643e+06 -6.94507429e+01 
 3.16227766e+06 -7.34326505e+01 
 3.98107171e+06 -7.67231831e+01 
 5.01187234e+06 -7.94080823e+01 
 6.30957344e+06 -8.15817066e+01 
 7.94328235e+06 -8.33341326e+01 
 1.00000000e+07 -8.47453753e+01 
 1.25892541e+07 -8.58837741e+01 
 1.58489319e+07 -8.68064908e+01 
 1.99526231e+07 -8.75609126e+01 
 2.51188643e+07 -8.81863317e+01 
 3.16227766e+07 -8.87156076e+01 
 3.98107171e+07 -8.91766975e+01 
 5.01187234e+07 -8.95940329e+01 
 6.30957344e+07 -8.99897590e+01 
 7.94328235e+07 -9.03848757e+01 
 1.00000000e+08 -9.08003182e+01 
 1.25892541e+08 -9.12580203e+01 
 1.58489319e+08 -9.17819883e+01 
 1.99526231e+08 -9.23993993e+01 
 2.51188643e+08 -9.31416943e+01 
 3.16227766e+08 -9.40455609e+01 
 3.98107171e+08 -9.51535429e+01 
 5.01187234e+08 -9.65137390e+01 
 6.30957344e+08 -9.81775811e+01 
 7.94328235e+08 -1.00194023e+02 
 1.00000000e+09 -1.02597840e+02 
