 1.00000000e+00 -6.07876872e-05 
 1.25892541e+00 -7.65271641e-05 
 1.58489319e+00 -9.63419916e-05 
 1.99526231e+00 -1.21287381e-04 
 2.51188643e+00 -1.52691767e-04 
 3.16227766e+00 -1.92227545e-04 
 3.98107171e+00 -2.42000141e-04 
 5.01187234e+00 -3.04660128e-04 
 6.30957344e+00 -3.83544377e-04 
 7.94328235e+00 -4.82853762e-04 
 1.00000000e+01 -6.07876872e-04 
 1.25892541e+01 -7.65271641e-04 
 1.58489319e+01 -9.63419916e-04 
 1.99526231e+01 -1.21287381e-03 
 2.51188643e+01 -1.52691767e-03 
 3.16227766e+01 -1.92227545e-03 
 3.98107171e+01 -2.42000141e-03 
 5.01187234e+01 -3.04660127e-03 
 6.30957344e+01 -3.83544376e-03 
 7.94328235e+01 -4.82853761e-03 
 1.00000000e+02 -6.07876869e-03 
 1.25892541e+02 -7.65271637e-03 
 1.58489319e+02 -9.63419907e-03 
 1.99526231e+02 -1.21287380e-02 
 2.51188643e+02 -1.52691763e-02 
 3.16227766e+02 -1.92227538e-02 
 3.98107171e+02 -2.42000127e-02 
 5.01187234e+02 -3.04660099e-02 
 6.30957344e+02 -3.83544320e-02 
 7.94328235e+02 -4.82853648e-02 
 1.00000000e+03 -6.07876644e-02 
 1.25892541e+03 -7.65271186e-02 
 1.58489319e+03 -9.63419009e-02 
 1.99526231e+03 -1.21287200e-01 
 2.51188643e+03 -1.52691405e-01 
 3.16227766e+03 -1.92226825e-01 
 3.98107171e+03 -2.41998704e-01 
 5.01187234e+03 -3.04657259e-01 
 6.30957344e+03 -3.83538653e-01 
 7.94328235e+03 -4.82842342e-01 
 1.00000000e+04 -6.07854085e-01 
 1.25892541e+04 -7.65226178e-01 
 1.58489319e+04 -9.63329210e-01 
 1.99526231e+04 -1.21269285e+00 
 2.51188643e+04 -1.52655665e+00 
 3.16227766e+04 -1.92155532e+00 
 3.98107171e+04 -2.41856512e+00 
 5.01187234e+04 -3.04373729e+00 
 6.30957344e+04 -3.82973500e+00 
 7.94328235e+04 -4.81716494e+00 
 1.00000000e+05 -6.05613326e+00 
 1.25892541e+05 -7.60772858e+00 
 1.58489319e+05 -9.54498609e+00 
 1.99526231e+05 -1.19524399e+01 
 2.51188643e+05 -1.49226528e+01 
 3.16227766e+05 -1.85471783e+01 
 3.98107171e+05 -2.28987830e+01 
 5.01187234e+05 -2.80029420e+01 
 6.30957344e+05 -3.38021957e+01 
 7.94328235e+05 -4.01278828e+01 
 1.00000000e+06 -4.67030509e+01 
 1.25892541e+06 -5.31919024e+01 
 1.58489319e+06 -5.92799137e+01 
 1.99526231e+06 -6.47425041e+01 
 2.51188643e+06 -6.94703376e+01 
 3.16227766e+06 -7.34532452e+01 
 3.98107171e+06 -7.67456146e+01 
 5.01187234e+06 -7.94334015e+01 
 6.30957344e+06 -8.16111852e+01 
 7.94328235e+06 -8.33693003e+01 
 1.00000000e+07 -8.47880841e+01 
 1.25892541e+07 -8.59362875e+01 
 1.58489319e+07 -8.68715990e+01 
 1.99526231e+07 -8.76420782e+01 
 2.51188643e+07 -8.82878720e+01 
 3.16227766e+07 -8.88429217e+01 
 3.98107171e+07 -8.93365500e+01 
 5.01187234e+07 -8.97949062e+01 
 6.30957344e+07 -9.02422903e+01 
 7.94328235e+07 -9.07023933e+01 
 1.00000000e+08 -9.11994928e+01 
 1.25892541e+08 -9.17596348e+01 
 1.58489319e+08 -9.24118120e+01 
 1.99526231e+08 -9.31891008e+01 
 2.51188643e+08 -9.41296279e+01 
 3.16227766e+08 -9.52770601e+01 
 3.98107171e+08 -9.66799961e+01 
 5.01187234e+08 -9.83891084e+01 
 6.30957344e+08 -1.00450168e+02 
 7.94328235e+08 -1.02890465e+02 
 1.00000000e+09 -1.05696700e+02 
