 1.00000000e+00  3.81707469e+01 
 1.25892541e+00  3.81707469e+01 
 1.58489319e+00  3.81707469e+01 
 1.99526231e+00  3.81707469e+01 
 2.51188643e+00  3.81707469e+01 
 3.16227766e+00  3.81707469e+01 
 3.98107171e+00  3.81707469e+01 
 5.01187234e+00  3.81707469e+01 
 6.30957344e+00  3.81707469e+01 
 7.94328235e+00  3.81707468e+01 
 1.00000000e+01  3.81707468e+01 
 1.25892541e+01  3.81707467e+01 
 1.58489319e+01  3.81707465e+01 
 1.99526231e+01  3.81707463e+01 
 2.51188643e+01  3.81707460e+01 
 3.16227766e+01  3.81707454e+01 
 3.98107171e+01  3.81707445e+01 
 5.01187234e+01  3.81707431e+01 
 6.30957344e+01  3.81707408e+01 
 7.94328235e+01  3.81707373e+01 
 1.00000000e+02  3.81707316e+01 
 1.25892541e+02  3.81707227e+01 
 1.58489319e+02  3.81707085e+01 
 1.99526231e+02  3.81706860e+01 
 2.51188643e+02  3.81706503e+01 
 3.16227766e+02  3.81705938e+01 
 3.98107171e+02  3.81705043e+01 
 5.01187234e+02  3.81703624e+01 
 6.30957344e+02  3.81701375e+01 
 7.94328235e+02  3.81697811e+01 
 1.00000000e+03  3.81692163e+01 
 1.25892541e+03  3.81683213e+01 
 1.58489319e+03  3.81669032e+01 
 1.99526231e+03  3.81646567e+01 
 2.51188643e+03  3.81610985e+01 
 3.16227766e+03  3.81554650e+01 
 3.98107171e+03  3.81465516e+01 
 5.01187234e+03  3.81324622e+01 
 6.30957344e+03  3.81102251e+01 
 7.94328235e+03  3.80752134e+01 
 1.00000000e+04  3.80202952e+01 
 1.25892541e+04  3.79346538e+01 
 1.58489319e+04  3.78022887e+01 
 1.99526231e+04  3.76004333e+01 
 2.51188643e+04  3.72985727e+01 
 3.16227766e+04  3.68593792e+01 
 3.98107171e+04  3.62431986e+01 
 5.01187234e+04  3.54166290e+01 
 6.30957344e+04  3.43626282e+01 
 7.94328235e+04  3.30866421e+01 
 1.00000000e+05  3.16145762e+01 
 1.25892541e+05  2.99840525e+01 
 1.58489319e+05  2.82344625e+01 
 1.99526231e+05  2.64002280e+01 
 2.51188643e+05  2.45081710e+01 
 3.16227766e+05  2.25776850e+01 
 3.98107171e+05  2.06221246e+01 
 5.01187234e+05  1.86503995e+01 
 6.30957344e+05  1.66683342e+01 
 7.94328235e+05  1.46796874e+01 
 1.00000000e+06  1.26868643e+01 
 1.25892541e+06  1.06913960e+01 
 1.58489319e+06  8.69425330e+00 
 1.99526231e+06  6.69605014e+00 
 2.51188643e+06  4.69717318e+00 
 3.16227766e+06  2.69786439e+00 
 3.98107171e+06  6.98272763e-01 
 5.01187234e+06 -1.30151361e+00 
 6.30957344e+06 -3.30144865e+00 
 7.94328235e+06 -5.30151835e+00 
 1.00000000e+07 -7.30173775e+00 
 1.25892541e+07 -9.30215420e+00 
 1.58489319e+07 -1.13028575e+01 
 1.99526231e+07 -1.33039995e+01 
 2.51188643e+07 -1.53058264e+01 
 3.16227766e+07 -1.73087321e+01 
 3.98107171e+07 -1.93133423e+01 
 5.01187234e+07 -2.13206488e+01 
 6.30957344e+07 -2.33322202e+01 
 7.94328235e+07 -2.53505331e+01 
 1.00000000e+08 -2.73794874e+01 
 1.25892541e+08 -2.94252004e+01 
 1.58489319e+08 -3.14972103e+01 
 1.99526231e+08 -3.36102472e+01 
 2.51188643e+08 -3.57867167e+01 
 3.16227766e+08 -3.80598879e+01 
 3.98107171e+08 -4.04772810e+01 
 5.01187234e+08 -4.31025350e+01 
 6.30957344e+08 -4.60114736e+01 
 7.94328235e+08 -4.92731621e+01 
 1.00000000e+09 -5.28984496e+01 
