 1.00000000e+00  3.81707201e+01 
 1.25892541e+00  3.81707201e+01 
 1.58489319e+00  3.81707201e+01 
 1.99526231e+00  3.81707201e+01 
 2.51188643e+00  3.81707201e+01 
 3.16227766e+00  3.81707201e+01 
 3.98107171e+00  3.81707201e+01 
 5.01187234e+00  3.81707201e+01 
 6.30957344e+00  3.81707201e+01 
 7.94328235e+00  3.81707200e+01 
 1.00000000e+01  3.81707200e+01 
 1.25892541e+01  3.81707199e+01 
 1.58489319e+01  3.81707197e+01 
 1.99526231e+01  3.81707195e+01 
 2.51188643e+01  3.81707192e+01 
 3.16227766e+01  3.81707186e+01 
 3.98107171e+01  3.81707177e+01 
 5.01187234e+01  3.81707163e+01 
 6.30957344e+01  3.81707140e+01 
 7.94328235e+01  3.81707104e+01 
 1.00000000e+02  3.81707048e+01 
 1.25892541e+02  3.81706958e+01 
 1.58489319e+02  3.81706816e+01 
 1.99526231e+02  3.81706590e+01 
 2.51188643e+02  3.81706232e+01 
 3.16227766e+02  3.81705665e+01 
 3.98107171e+02  3.81704767e+01 
 5.01187234e+02  3.81703343e+01 
 6.30957344e+02  3.81701087e+01 
 7.94328235e+02  3.81697511e+01 
 1.00000000e+03  3.81691845e+01 
 1.25892541e+03  3.81682865e+01 
 1.58489319e+03  3.81668638e+01 
 1.99526231e+03  3.81646098e+01 
 2.51188643e+03  3.81610399e+01 
 3.16227766e+03  3.81553879e+01 
 3.98107171e+03  3.81464452e+01 
 5.01187234e+03  3.81323096e+01 
 6.30957344e+03  3.81100001e+01 
 7.94328235e+03  3.80748748e+01 
 1.00000000e+04  3.80197806e+01 
 1.25892541e+04  3.79338690e+01 
 1.58489319e+04  3.78010966e+01 
 1.99526231e+04  3.75986437e+01 
 2.51188643e+04  3.72959400e+01 
 3.16227766e+04  3.68556200e+01 
 3.98107171e+04  3.62380396e+01 
 5.01187234e+04  3.54098790e+01 
 6.30957344e+04  3.43542436e+01 
 7.94328235e+04  3.30767430e+01 
 1.00000000e+05  3.16034027e+01 
 1.25892541e+05  2.99718905e+01 
 1.58489319e+05  2.82215813e+01 
 1.99526231e+05  2.63868473e+01 
 2.51188643e+05  2.44944546e+01 
 3.16227766e+05  2.25637480e+01 
 3.98107171e+05  2.06080445e+01 
 5.01187234e+05  1.86362273e+01 
 6.30957344e+05  1.66541030e+01 
 7.94328235e+05  1.46654180e+01 
 1.00000000e+06  1.26725697e+01 
 1.25892541e+06  1.06770838e+01 
 1.58489319e+06  8.67992756e+00 
 1.99526231e+06  6.68171183e+00 
 2.51188643e+06  4.68282062e+00 
 3.16227766e+06  2.68349280e+00 
 3.98107171e+06  6.83873291e-01 
 5.01187234e+06 -1.31595586e+00 
 6.30957344e+06 -3.31595779e+00 
 7.94328235e+06 -5.31613294e+00 
 1.00000000e+07 -7.31651911e+00 
 1.25892541e+07 -9.31719966e+00 
 1.58489319e+07 -1.13183215e+01 
 1.99526231e+07 -1.33201267e+01 
 2.51188643e+07 -1.53230049e+01 
 3.16227766e+07 -1.73275773e+01 
 3.98107171e+07 -1.93348306e+01 
 5.01187234e+07 -2.13463296e+01 
 6.30957344e+07 -2.33645546e+01 
 7.94328235e+07 -2.53934343e+01 
 1.00000000e+08 -2.74391882e+01 
 1.25892541e+08 -2.95116508e+01 
 1.58489319e+08 -3.16263378e+01 
 1.99526231e+08 -3.38076069e+01 
 2.51188643e+08 -3.60932806e+01 
 3.16227766e+08 -3.85406620e+01 
 3.98107171e+08 -4.12318132e+01 
 5.01187234e+08 -4.42693450e+01 
 6.30957344e+08 -4.77385260e+01 
 7.94328235e+08 -5.15945069e+01 
 1.00000000e+09 -5.54946065e+01 
