 1.00000000e+00  1.66502445e-05 
 1.02329299e+00  1.64882089e-05 
 1.04712855e+00  1.63277563e-05 
 1.07151931e+00  1.61688711e-05 
 1.09647820e+00  1.60115381e-05 
 1.12201845e+00  1.58557419e-05 
 1.14815362e+00  1.57014675e-05 
 1.17489755e+00  1.55486998e-05 
 1.20226443e+00  1.53974243e-05 
 1.23026877e+00  1.52476261e-05 
 1.25892541e+00  1.50992907e-05 
 1.28824955e+00  1.49524039e-05 
 1.31825674e+00  1.48069515e-05 
 1.34896288e+00  1.46629192e-05 
 1.38038426e+00  1.45202933e-05 
 1.41253754e+00  1.43790598e-05 
 1.44543977e+00  1.42392052e-05 
 1.47910839e+00  1.41007159e-05 
 1.51356125e+00  1.39635786e-05 
 1.54881662e+00  1.38277798e-05 
 1.58489319e+00  1.36933066e-05 
 1.62181010e+00  1.35601460e-05 
 1.65958691e+00  1.34282850e-05 
 1.69824365e+00  1.32977108e-05 
 1.73780083e+00  1.31684110e-05 
 1.77827941e+00  1.30403730e-05 
 1.81970086e+00  1.29135843e-05 
 1.86208714e+00  1.27880329e-05 
 1.90546072e+00  1.26637065e-05 
 1.94984460e+00  1.25405931e-05 
 1.99526231e+00  1.24186809e-05 
 2.04173794e+00  1.22979580e-05 
 2.08929613e+00  1.21784128e-05 
 2.13796209e+00  1.20600338e-05 
 2.18776162e+00  1.19428095e-05 
 2.23872114e+00  1.18267287e-05 
 2.29086765e+00  1.17117800e-05 
 2.34422882e+00  1.15979525e-05 
 2.39883292e+00  1.14852351e-05 
 2.45470892e+00  1.13736170e-05 
 2.51188643e+00  1.12630873e-05 
 2.57039578e+00  1.11536355e-05 
 2.63026799e+00  1.10452510e-05 
 2.69153480e+00  1.09379233e-05 
 2.75422870e+00  1.08316420e-05 
 2.81838293e+00  1.07263969e-05 
 2.88403150e+00  1.06221780e-05 
 2.95120923e+00  1.05189750e-05 
 3.01995172e+00  1.04167781e-05 
 3.09029543e+00  1.03155774e-05 
 3.16227766e+00  1.02153632e-05 
 3.23593657e+00  1.01161258e-05 
 3.31131121e+00  1.00178556e-05 
 3.38844156e+00  9.92054319e-06 
 3.46736850e+00  9.82417919e-06 
 3.54813389e+00  9.72875430e-06 
 3.63078055e+00  9.63425934e-06 
 3.71535229e+00  9.54068520e-06 
 3.80189396e+00  9.44802286e-06 
 3.89045145e+00  9.35626341e-06 
 3.98107171e+00  9.26539802e-06 
 4.07380278e+00  9.17541792e-06 
 4.16869383e+00  9.08631447e-06 
 4.26579519e+00  8.99807907e-06 
 4.36515832e+00  8.91070325e-06 
 4.46683592e+00  8.82417859e-06 
 4.57088190e+00  8.73849677e-06 
 4.67735141e+00  8.65364953e-06 
 4.78630092e+00  8.56962872e-06 
 4.89778819e+00  8.48642626e-06 
 5.01187234e+00  8.40403413e-06 
 5.12861384e+00  8.32244442e-06 
 5.24807460e+00  8.24164928e-06 
 5.37031796e+00  8.16164094e-06 
 5.49540874e+00  8.08241170e-06 
 5.62341325e+00  8.00395395e-06 
 5.75439937e+00  7.92626015e-06 
 5.88843655e+00  7.84932282e-06 
 6.02559586e+00  7.77313457e-06 
 6.16595002e+00  7.69768808e-06 
 6.30957344e+00  7.62297609e-06 
 6.45654229e+00  7.54899143e-06 
 6.60693448e+00  7.47572699e-06 
 6.76082975e+00  7.40317573e-06 
 6.91830971e+00  7.33133068e-06 
 7.07945784e+00  7.26018493e-06 
 7.24435960e+00  7.18973166e-06 
 7.41310241e+00  7.11996410e-06 
 7.58577575e+00  7.05087555e-06 
 7.76247117e+00  6.98245937e-06 
 7.94328235e+00  6.91470899e-06 
 8.12830516e+00  6.84761792e-06 
 8.31763771e+00  6.78117970e-06 
 8.51138038e+00  6.71538796e-06 
 8.70963590e+00  6.65023640e-06 
 8.91250938e+00  6.58571874e-06 
 9.12010839e+00  6.52182881e-06 
 9.33254301e+00  6.45856047e-06 
 9.54992586e+00  6.39590765e-06 
 9.77237221e+00  6.33386434e-06 
 1.00000000e+01  6.27242459e-06 
 1.02329299e+01  6.21158251e-06 
 1.04712855e+01  6.15133225e-06 
 1.07151931e+01  6.09166804e-06 
 1.09647820e+01  6.03258417e-06 
 1.12201845e+01  5.97407496e-06 
 1.14815362e+01  5.91613480e-06 
 1.17489755e+01  5.85875814e-06 
 1.20226443e+01  5.80193948e-06 
 1.23026877e+01  5.74567337e-06 
 1.25892541e+01  5.68995441e-06 
 1.28824955e+01  5.63477728e-06 
 1.31825674e+01  5.58013668e-06 
 1.34896288e+01  5.52602737e-06 
 1.38038426e+01  5.47244417e-06 
 1.41253754e+01  5.41938195e-06 
 1.44543977e+01  5.36683562e-06 
 1.47910839e+01  5.31480015e-06 
 1.51356125e+01  5.26327055e-06 
 1.54881662e+01  5.21224189e-06 
 1.58489319e+01  5.16170929e-06 
 1.62181010e+01  5.11166790e-06 
 1.65958691e+01  5.06211293e-06 
 1.69824365e+01  5.01303964e-06 
 1.73780083e+01  4.96444332e-06 
 1.77827941e+01  4.91631933e-06 
 1.81970086e+01  4.86866307e-06 
 1.86208714e+01  4.82146996e-06 
 1.90546072e+01  4.77473549e-06 
 1.94984460e+01  4.72845519e-06 
 1.99526231e+01  4.68262463e-06 
 2.04173794e+01  4.63723942e-06 
 2.08929613e+01  4.59229523e-06 
 2.13796209e+01  4.54778775e-06 
 2.18776162e+01  4.50371273e-06 
 2.23872114e+01  4.46006594e-06 
 2.29086765e+01  4.41684322e-06 
 2.34422882e+01  4.37404043e-06 
 2.39883292e+01  4.33165347e-06 
 2.45470892e+01  4.28967830e-06 
 2.51188643e+01  4.24811090e-06 
 2.57039578e+01  4.20694729e-06 
 2.63026799e+01  4.16618355e-06 
 2.69153480e+01  4.12581576e-06 
 2.75422870e+01  4.08584009e-06 
 2.81838293e+01  4.04625269e-06 
 2.88403150e+01  4.00704980e-06 
 2.95120923e+01  3.96822765e-06 
 3.01995172e+01  3.92978255e-06 
 3.09029543e+01  3.89171083e-06 
 3.16227766e+01  3.85400883e-06 
 3.23593657e+01  3.81667296e-06 
 3.31131121e+01  3.77969966e-06 
 3.38844156e+01  3.74308539e-06 
 3.46736850e+01  3.70682665e-06 
 3.54813389e+01  3.67091998e-06 
 3.63078055e+01  3.63536196e-06 
 3.71535229e+01  3.60014918e-06 
 3.80189396e+01  3.56527828e-06 
 3.89045145e+01  3.53074594e-06 
 3.98107171e+01  3.49654886e-06 
 4.07380278e+01  3.46268376e-06 
 4.16869383e+01  3.42914743e-06 
 4.26579519e+01  3.39593665e-06 
 4.36515832e+01  3.36304826e-06 
 4.46683592e+01  3.33047912e-06 
 4.57088190e+01  3.29822612e-06 
 4.67735141e+01  3.26628618e-06 
 4.78630092e+01  3.23465626e-06 
 4.89778819e+01  3.20333333e-06 
 5.01187234e+01  3.17231442e-06 
 5.12861384e+01  3.14159655e-06 
 5.24807460e+01  3.11117679e-06 
 5.37031796e+01  3.08105226e-06 
 5.49540874e+01  3.05122007e-06 
 5.62341325e+01  3.02167738e-06 
 5.75439937e+01  2.99242136e-06 
 5.88843655e+01  2.96344924e-06 
 6.02559586e+01  2.93475825e-06 
 6.16595002e+01  2.90634564e-06 
 6.30957344e+01  2.87820872e-06 
 6.45654229e+01  2.85034481e-06 
 6.60693448e+01  2.82275123e-06 
 6.76082975e+01  2.79542537e-06 
 6.91830971e+01  2.76836462e-06 
 7.07945784e+01  2.74156639e-06 
 7.24435960e+01  2.71502815e-06 
 7.41310241e+01  2.68874735e-06 
 7.58577575e+01  2.66272149e-06 
 7.76247117e+01  2.63694809e-06 
 7.94328235e+01  2.61142470e-06 
 8.12830516e+01  2.58614889e-06 
 8.31763771e+01  2.56111824e-06 
 8.51138038e+01  2.53633038e-06 
 8.70963590e+01  2.51178293e-06 
 8.91250938e+01  2.48747357e-06 
 9.12010839e+01  2.46339998e-06 
 9.33254301e+01  2.43955986e-06 
 9.54992586e+01  2.41595094e-06 
 9.77237221e+01  2.39257098e-06 
 1.00000000e+02  2.36941775e-06 
 1.02329299e+02  2.34648905e-06 
 1.04712855e+02  2.32378269e-06 
 1.07151931e+02  2.30129650e-06 
 1.09647820e+02  2.27902836e-06 
 1.12201845e+02  2.25697614e-06 
 1.14815362e+02  2.23513774e-06 
 1.17489755e+02  2.21351108e-06 
 1.20226443e+02  2.19209411e-06 
 1.23026877e+02  2.17088478e-06 
 1.25892541e+02  2.14988108e-06 
 1.28824955e+02  2.12908101e-06 
 1.31825674e+02  2.10848259e-06 
 1.34896288e+02  2.08808386e-06 
 1.38038426e+02  2.06788288e-06 
 1.41253754e+02  2.04787772e-06 
 1.44543977e+02  2.02806649e-06 
 1.47910839e+02  2.00844730e-06 
 1.51356125e+02  1.98901829e-06 
 1.54881662e+02  1.96977760e-06 
 1.58489319e+02  1.95072340e-06 
 1.62181010e+02  1.93185390e-06 
 1.65958691e+02  1.91316727e-06 
 1.69824365e+02  1.89466177e-06 
 1.73780083e+02  1.87633561e-06 
 1.77827941e+02  1.85818707e-06 
 1.81970086e+02  1.84021441e-06 
 1.86208714e+02  1.82241593e-06 
 1.90546072e+02  1.80478993e-06 
 1.94984460e+02  1.78733475e-06 
 1.99526231e+02  1.77004871e-06 
 2.04173794e+02  1.75293018e-06 
 2.08929613e+02  1.73597753e-06 
 2.13796209e+02  1.71918915e-06 
 2.18776162e+02  1.70256344e-06 
 2.23872114e+02  1.68609883e-06 
 2.29086765e+02  1.66979375e-06 
 2.34422882e+02  1.65364664e-06 
 2.39883292e+02  1.63765599e-06 
 2.45470892e+02  1.62182026e-06 
 2.51188643e+02  1.60613795e-06 
 2.57039578e+02  1.59060758e-06 
 2.63026799e+02  1.57522766e-06 
 2.69153480e+02  1.55999674e-06 
 2.75422870e+02  1.54491337e-06 
 2.81838293e+02  1.52997612e-06 
 2.88403150e+02  1.51518357e-06 
 2.95120923e+02  1.50053432e-06 
 3.01995172e+02  1.48602697e-06 
 3.09029543e+02  1.47166014e-06 
 3.16227766e+02  1.45743247e-06 
 3.23593657e+02  1.44334262e-06 
 3.31131121e+02  1.42938924e-06 
 3.38844156e+02  1.41557101e-06 
 3.46736850e+02  1.40188662e-06 
 3.54813389e+02  1.38833477e-06 
 3.63078055e+02  1.37491416e-06 
 3.71535229e+02  1.36162354e-06 
 3.80189396e+02  1.34846163e-06 
 3.89045145e+02  1.33542719e-06 
 3.98107171e+02  1.32251899e-06 
 4.07380278e+02  1.30973579e-06 
 4.16869383e+02  1.29707638e-06 
 4.26579519e+02  1.28453956e-06 
 4.36515832e+02  1.27212415e-06 
 4.46683592e+02  1.25982896e-06 
 4.57088190e+02  1.24765283e-06 
 4.67735141e+02  1.23559460e-06 
 4.78630092e+02  1.22365313e-06 
 4.89778819e+02  1.21182729e-06 
 5.01187234e+02  1.20011595e-06 
 5.12861384e+02  1.18851801e-06 
 5.24807460e+02  1.17703236e-06 
 5.37031796e+02  1.16565792e-06 
 5.49540874e+02  1.15439360e-06 
 5.62341325e+02  1.14323835e-06 
 5.75439937e+02  1.13219109e-06 
 5.88843655e+02  1.12125079e-06 
 6.02559586e+02  1.11041640e-06 
 6.16595002e+02  1.09968690e-06 
 6.30957344e+02  1.08906127e-06 
 6.45654229e+02  1.07853851e-06 
 6.60693448e+02  1.06811761e-06 
 6.76082975e+02  1.05779759e-06 
 6.91830971e+02  1.04757748e-06 
 7.07945784e+02  1.03745629e-06 
 7.24435960e+02  1.02743308e-06 
 7.41310241e+02  1.01750689e-06 
 7.58577575e+02  1.00767678e-06 
 7.76247117e+02  9.97941827e-07 
 7.94328235e+02  9.88301100e-07 
 8.12830516e+02  9.78753687e-07 
 8.31763771e+02  9.69298685e-07 
 8.51138038e+02  9.59935197e-07 
 8.70963590e+02  9.50662337e-07 
 8.91250938e+02  9.41479225e-07 
 9.12010839e+02  9.32384993e-07 
 9.33254301e+02  9.23378777e-07 
 9.54992586e+02  9.14459727e-07 
 9.77237221e+02  9.05626996e-07 
 1.00000000e+03  8.96879748e-07 
 1.02329299e+03  8.88217154e-07 
 1.04712855e+03  8.79638395e-07 
 1.07151931e+03  8.71142657e-07 
 1.09647820e+03  8.62729137e-07 
 1.12201845e+03  8.54397037e-07 
 1.14815362e+03  8.46145569e-07 
 1.17489755e+03  8.37973951e-07 
 1.20226443e+03  8.29881409e-07 
 1.23026877e+03  8.21867178e-07 
 1.25892541e+03  8.13930499e-07 
 1.28824955e+03  8.06070620e-07 
 1.31825674e+03  7.98286797e-07 
 1.34896288e+03  7.90578294e-07 
 1.38038426e+03  7.82944380e-07 
 1.41253754e+03  7.75384334e-07 
 1.44543977e+03  7.67897439e-07 
 1.47910839e+03  7.60482988e-07 
 1.51356125e+03  7.53140277e-07 
 1.54881662e+03  7.45868614e-07 
 1.58489319e+03  7.38667309e-07 
 1.62181010e+03  7.31535680e-07 
 1.65958691e+03  7.24473054e-07 
 1.69824365e+03  7.17478762e-07 
 1.73780083e+03  7.10552141e-07 
 1.77827941e+03  7.03692538e-07 
 1.81970086e+03  6.96899302e-07 
 1.86208714e+03  6.90171791e-07 
 1.90546072e+03  6.83509369e-07 
 1.94984460e+03  6.76911405e-07 
 1.99526231e+03  6.70377275e-07 
 2.04173794e+03  6.63906362e-07 
 2.08929613e+03  6.57498053e-07 
 2.13796209e+03  6.51151742e-07 
 2.18776162e+03  6.44866828e-07 
 2.23872114e+03  6.38642718e-07 
 2.29086765e+03  6.32478823e-07 
 2.34422882e+03  6.26374560e-07 
 2.39883292e+03  6.20329351e-07 
 2.45470892e+03  6.14342626e-07 
 2.51188643e+03  6.08413817e-07 
 2.57039578e+03  6.02542365e-07 
 2.63026799e+03  5.96727714e-07 
 2.69153480e+03  5.90969315e-07 
 2.75422870e+03  5.85266622e-07 
 2.81838293e+03  5.79619098e-07 
 2.88403150e+03  5.74026208e-07 
 2.95120923e+03  5.68487423e-07 
 3.01995172e+03  5.63002220e-07 
 3.09029543e+03  5.57570080e-07 
 3.16227766e+03  5.52190490e-07 
 3.23593657e+03  5.46862942e-07 
 3.31131121e+03  5.41586931e-07 
 3.38844156e+03  5.36361960e-07 
 3.46736850e+03  5.31187534e-07 
 3.54813389e+03  5.26063165e-07 
 3.63078055e+03  5.20988368e-07 
 3.71535229e+03  5.15962664e-07 
 3.80189396e+03  5.10985578e-07 
 3.89045145e+03  5.06056639e-07 
 3.98107171e+03  5.01175382e-07 
 4.07380278e+03  4.96341346e-07 
 4.16869383e+03  4.91554074e-07 
 4.26579519e+03  4.86813113e-07 
 4.36515832e+03  4.82118017e-07 
 4.46683592e+03  4.77468340e-07 
 4.57088190e+03  4.72863645e-07 
 4.67735141e+03  4.68303495e-07 
 4.78630092e+03  4.63787462e-07 
 4.89778819e+03  4.59315116e-07 
 5.01187234e+03  4.54886038e-07 
 5.12861384e+03  4.50499807e-07 
 5.24807460e+03  4.46156010e-07 
 5.37031796e+03  4.41854237e-07 
 5.49540874e+03  4.37594081e-07 
 5.62341325e+03  4.33375139e-07 
 5.75439937e+03  4.29197015e-07 
 5.88843655e+03  4.25059313e-07 
 6.02559586e+03  4.20961642e-07 
 6.16595002e+03  4.16903615e-07 
 6.30957344e+03  4.12884850e-07 
 6.45654229e+03  4.08904967e-07 
 6.60693448e+03  4.04963590e-07 
 6.76082975e+03  4.01060347e-07 
 6.91830971e+03  3.97194869e-07 
 7.07945784e+03  3.93366792e-07 
 7.24435960e+03  3.89575755e-07 
 7.41310241e+03  3.85821398e-07 
 7.58577575e+03  3.82103369e-07 
 7.76247117e+03  3.78421316e-07 
 7.94328235e+03  3.74774892e-07 
 8.12830516e+03  3.71163751e-07 
 8.31763771e+03  3.67587555e-07 
 8.51138038e+03  3.64045964e-07 
 8.70963590e+03  3.60538645e-07 
 8.91250938e+03  3.57065267e-07 
 9.12010839e+03  3.53625502e-07 
 9.33254301e+03  3.50219026e-07 
 9.54992586e+03  3.46845516e-07 
 9.77237221e+03  3.43504656e-07 
 1.00000000e+04  3.40196128e-07 
 1.02329299e+04  3.36919622e-07 
 1.04712855e+04  3.33674828e-07 
 1.07151931e+04  3.30461440e-07 
 1.09647820e+04  3.27279155e-07 
 1.12201845e+04  3.24127672e-07 
 1.14815362e+04  3.21006695e-07 
 1.17489755e+04  3.17915928e-07 
 1.20226443e+04  3.14855081e-07 
 1.23026877e+04  3.11823864e-07 
 1.25892541e+04  3.08821992e-07 
 1.28824955e+04  3.05849182e-07 
 1.31825674e+04  3.02905152e-07 
 1.34896288e+04  2.99989626e-07 
 1.38038426e+04  2.97102328e-07 
 1.41253754e+04  2.94242987e-07 
 1.44543977e+04  2.91411332e-07 
 1.47910839e+04  2.88607096e-07 
 1.51356125e+04  2.85830015e-07 
 1.54881662e+04  2.83079827e-07 
 1.58489319e+04  2.80356273e-07 
 1.62181010e+04  2.77659096e-07 
 1.65958691e+04  2.74988041e-07 
 1.69824365e+04  2.72342857e-07 
 1.73780083e+04  2.69723294e-07 
 1.77827941e+04  2.67129106e-07 
 1.81970086e+04  2.64560047e-07 
 1.86208714e+04  2.62015875e-07 
 1.90546072e+04  2.59496351e-07 
 1.94984460e+04  2.57001238e-07 
 1.99526231e+04  2.54530299e-07 
 2.04173794e+04  2.52083302e-07 
 2.08929613e+04  2.49660016e-07 
 2.13796209e+04  2.47260213e-07 
 2.18776162e+04  2.44883666e-07 
 2.23872114e+04  2.42530153e-07 
 2.29086765e+04  2.40199449e-07 
 2.34422882e+04  2.37891337e-07 
 2.39883292e+04  2.35605599e-07 
 2.45470892e+04  2.33342018e-07 
 2.51188643e+04  2.31100382e-07 
 2.57039578e+04  2.28880480e-07 
 2.63026799e+04  2.26682101e-07 
 2.69153480e+04  2.24505040e-07 
 2.75422870e+04  2.22349091e-07 
 2.81838293e+04  2.20214050e-07 
 2.88403150e+04  2.18099717e-07 
 2.95120923e+04  2.16005892e-07 
 3.01995172e+04  2.13932378e-07 
 3.09029543e+04  2.11878980e-07 
 3.16227766e+04  2.09845503e-07 
 3.23593657e+04  2.07831758e-07 
 3.31131121e+04  2.05837553e-07 
 3.38844156e+04  2.03862700e-07 
 3.46736850e+04  2.01907015e-07 
 3.54813389e+04  1.99970312e-07 
 3.63078055e+04  1.98052409e-07 
 3.71535229e+04  1.96153126e-07 
 3.80189396e+04  1.94272283e-07 
 3.89045145e+04  1.92409703e-07 
 3.98107171e+04  1.90565212e-07 
 4.07380278e+04  1.88738634e-07 
 4.16869383e+04  1.86929798e-07 
 4.26579519e+04  1.85138534e-07 
 4.36515832e+04  1.83364672e-07 
 4.46683592e+04  1.81608047e-07 
 4.57088190e+04  1.79868491e-07 
 4.67735141e+04  1.78145842e-07 
 4.78630092e+04  1.76439938e-07 
 4.89778819e+04  1.74750616e-07 
 5.01187234e+04  1.73077720e-07 
 5.12861384e+04  1.71421090e-07 
 5.24807460e+04  1.69780570e-07 
 5.37031796e+04  1.68156008e-07 
 5.49540874e+04  1.66547248e-07 
 5.62341325e+04  1.64954140e-07 
 5.75439937e+04  1.63376534e-07 
 5.88843655e+04  1.61814282e-07 
 6.02559586e+04  1.60267235e-07 
 6.16595002e+04  1.58735249e-07 
 6.30957344e+04  1.57218179e-07 
 6.45654229e+04  1.55715882e-07 
 6.60693448e+04  1.54228217e-07 
 6.76082975e+04  1.52755043e-07 
 6.91830971e+04  1.51296223e-07 
 7.07945784e+04  1.49851618e-07 
 7.24435960e+04  1.48421092e-07 
 7.41310241e+04  1.47004512e-07 
 7.58577575e+04  1.45601743e-07 
 7.76247117e+04  1.44212654e-07 
 7.94328235e+04  1.42837113e-07 
 8.12830516e+04  1.41474991e-07 
 8.31763771e+04  1.40126160e-07 
 8.51138038e+04  1.38790493e-07 
 8.70963590e+04  1.37467863e-07 
 8.91250938e+04  1.36158148e-07 
 9.12010839e+04  1.34861223e-07 
 9.33254301e+04  1.33576965e-07 
 9.54992586e+04  1.32305255e-07 
 9.77237221e+04  1.31045973e-07 
 1.00000000e+05  1.29798999e-07 
 1.02329299e+05  1.28564217e-07 
 1.04712855e+05  1.27341510e-07 
 1.07151931e+05  1.26130763e-07 
 1.09647820e+05  1.24931862e-07 
 1.12201845e+05  1.23744695e-07 
 1.14815362e+05  1.22569149e-07 
 1.17489755e+05  1.21405113e-07 
 1.20226443e+05  1.20252479e-07 
 1.23026877e+05  1.19111138e-07 
 1.25892541e+05  1.17980981e-07 
 1.28824955e+05  1.16861904e-07 
 1.31825674e+05  1.15753800e-07 
 1.34896288e+05  1.14656565e-07 
 1.38038426e+05  1.13570095e-07 
 1.41253754e+05  1.12494289e-07 
 1.44543977e+05  1.11429046e-07 
 1.47910839e+05  1.10374264e-07 
 1.51356125e+05  1.09329845e-07 
 1.54881662e+05  1.08295689e-07 
 1.58489319e+05  1.07271701e-07 
 1.62181010e+05  1.06257783e-07 
 1.65958691e+05  1.05253840e-07 
 1.69824365e+05  1.04259777e-07 
 1.73780083e+05  1.03275501e-07 
 1.77827941e+05  1.02300919e-07 
 1.81970086e+05  1.01335939e-07 
 1.86208714e+05  1.00380471e-07 
 1.90546072e+05  9.94344238e-08 
 1.94984460e+05  9.84977090e-08 
 1.99526231e+05  9.75702381e-08 
 2.04173794e+05  9.66519239e-08 
 2.08929613e+05  9.57426798e-08 
 2.13796209e+05  9.48424202e-08 
 2.18776162e+05  9.39510603e-08 
 2.23872114e+05  9.30685160e-08 
 2.29086765e+05  9.21947042e-08 
 2.34422882e+05  9.13295426e-08 
 2.39883292e+05  9.04729497e-08 
 2.45470892e+05  8.96248447e-08 
 2.51188643e+05  8.87851477e-08 
 2.57039578e+05  8.79537795e-08 
 2.63026799e+05  8.71306619e-08 
 2.69153480e+05  8.63157171e-08 
 2.75422870e+05  8.55088684e-08 
 2.81838293e+05  8.47100398e-08 
 2.88403150e+05  8.39191558e-08 
 2.95120923e+05  8.31361419e-08 
 3.01995172e+05  8.23609242e-08 
 3.09029543e+05  8.15934297e-08 
 3.16227766e+05  8.08335859e-08 
 3.23593657e+05  8.00813212e-08 
 3.31131121e+05  7.93365646e-08 
 3.38844156e+05  7.85992458e-08 
 3.46736850e+05  7.78692952e-08 
 3.54813389e+05  7.71466440e-08 
 3.63078055e+05  7.64312239e-08 
 3.71535229e+05  7.57229674e-08 
 3.80189396e+05  7.50218076e-08 
 3.89045145e+05  7.43276782e-08 
 3.98107171e+05  7.36405138e-08 
 4.07380278e+05  7.29602494e-08 
 4.16869383e+05  7.22868208e-08 
 4.26579519e+05  7.16201642e-08 
 4.36515832e+05  7.09602168e-08 
 4.46683592e+05  7.03069160e-08 
 4.57088190e+05  6.96602001e-08 
 4.67735141e+05  6.90200081e-08 
 4.78630092e+05  6.83862792e-08 
 4.89778819e+05  6.77589535e-08 
 5.01187234e+05  6.71379717e-08 
 5.12861384e+05  6.65232750e-08 
 5.24807460e+05  6.59148052e-08 
 5.37031796e+05  6.53125047e-08 
 5.49540874e+05  6.47163163e-08 
 5.62341325e+05  6.41261836e-08 
 5.75439937e+05  6.35420506e-08 
 5.88843655e+05  6.29638621e-08 
 6.02559586e+05  6.23915630e-08 
 6.16595002e+05  6.18250991e-08 
 6.30957344e+05  6.12644167e-08 
 6.45654229e+05  6.07094625e-08 
 6.60693448e+05  6.01601838e-08 
 6.76082975e+05  5.96165284e-08 
 6.91830971e+05  5.90784446e-08 
 7.07945784e+05  5.85458813e-08 
 7.24435960e+05  5.80187877e-08 
 7.41310241e+05  5.74971138e-08 
 7.58577575e+05  5.69808098e-08 
 7.76247117e+05  5.64698265e-08 
 7.94328235e+05  5.59641153e-08 
 8.12830516e+05  5.54636279e-08 
 8.31763771e+05  5.49683165e-08 
 8.51138038e+05  5.44781340e-08 
 8.70963590e+05  5.39930333e-08 
 8.91250938e+05  5.35129683e-08 
 9.12010839e+05  5.30378929e-08 
 9.33254301e+05  5.25677617e-08 
 9.54992586e+05  5.21025297e-08 
 9.77237221e+05  5.16421523e-08 
 1.00000000e+06  5.11865853e-08 
 1.02329299e+06  5.07357851e-08 
 1.04712855e+06  5.02897083e-08 
 1.07151931e+06  4.98483122e-08 
 1.09647820e+06  4.94115541e-08 
 1.12201845e+06  4.89793921e-08 
 1.14815362e+06  4.85517846e-08 
 1.17489755e+06  4.81286903e-08 
 1.20226443e+06  4.77100683e-08 
 1.23026877e+06  4.72958783e-08 
 1.25892541e+06  4.68860802e-08 
 1.28824955e+06  4.64806342e-08 
 1.31825674e+06  4.60795012e-08 
 1.34896288e+06  4.56826422e-08 
 1.38038426e+06  4.52900187e-08 
 1.41253754e+06  4.49015925e-08 
 1.44543977e+06  4.45173258e-08 
 1.47910839e+06  4.41371812e-08 
 1.51356125e+06  4.37611215e-08 
 1.54881662e+06  4.33891100e-08 
 1.58489319e+06  4.30211104e-08 
 1.62181010e+06  4.26570865e-08 
 1.65958691e+06  4.22970027e-08 
 1.69824365e+06  4.19408236e-08 
 1.73780083e+06  4.15885141e-08 
 1.77827941e+06  4.12400396e-08 
 1.81970086e+06  4.08953656e-08 
 1.86208714e+06  4.05544580e-08 
 1.90546072e+06  4.02172831e-08 
 1.94984460e+06  3.98838074e-08 
 1.99526231e+06  3.95539979e-08 
 2.04173794e+06  3.92278216e-08 
 2.08929613e+06  3.89052460e-08 
 2.13796209e+06  3.85862389e-08 
 2.18776162e+06  3.82707683e-08 
 2.23872114e+06  3.79588026e-08 
 2.29086765e+06  3.76503104e-08 
 2.34422882e+06  3.73452606e-08 
 2.39883292e+06  3.70436223e-08 
 2.45470892e+06  3.67453651e-08 
 2.51188643e+06  3.64504587e-08 
 2.57039578e+06  3.61588730e-08 
 2.63026799e+06  3.58705783e-08 
 2.69153480e+06  3.55855452e-08 
 2.75422870e+06  3.53037444e-08 
 2.81838293e+06  3.50251469e-08 
 2.88403150e+06  3.47497241e-08 
 2.95120923e+06  3.44774474e-08 
 3.01995172e+06  3.42082886e-08 
 3.09029543e+06  3.39422198e-08 
 3.16227766e+06  3.36792131e-08 
 3.23593657e+06  3.34192411e-08 
 3.31131121e+06  3.31622764e-08 
 3.38844156e+06  3.29082920e-08 
 3.46736850e+06  3.26572611e-08 
 3.54813389e+06  3.24091570e-08 
 3.63078055e+06  3.21639534e-08 
 3.71535229e+06  3.19216239e-08 
 3.80189396e+06  3.16821428e-08 
 3.89045145e+06  3.14454841e-08 
 3.98107171e+06  3.12116224e-08 
 4.07380278e+06  3.09805323e-08 
 4.16869383e+06  3.07521885e-08 
 4.26579519e+06  3.05265663e-08 
 4.36515832e+06  3.03036407e-08 
 4.46683592e+06  3.00833872e-08 
 4.57088190e+06  2.98657814e-08 
 4.67735141e+06  2.96507991e-08 
 4.78630092e+06  2.94384164e-08 
 4.89778819e+06  2.92286092e-08 
 5.01187234e+06  2.90213541e-08 
 5.12861384e+06  2.88166275e-08 
 5.24807460e+06  2.86144061e-08 
 5.37031796e+06  2.84146668e-08 
 5.49540874e+06  2.82173865e-08 
 5.62341325e+06  2.80225426e-08 
 5.75439937e+06  2.78301123e-08 
 5.88843655e+06  2.76400731e-08 
 6.02559586e+06  2.74524028e-08 
 6.16595002e+06  2.72670792e-08 
 6.30957344e+06  2.70840803e-08 
 6.45654229e+06  2.69033842e-08 
 6.60693448e+06  2.67249693e-08 
 6.76082975e+06  2.65488139e-08 
 6.91830971e+06  2.63748967e-08 
 7.07945784e+06  2.62031965e-08 
 7.24435960e+06  2.60336920e-08 
 7.41310241e+06  2.58663624e-08 
 7.58577575e+06  2.57011868e-08 
 7.76247117e+06  2.55381445e-08 
 7.94328235e+06  2.53772151e-08 
 8.12830516e+06  2.52183780e-08 
 8.31763771e+06  2.50616130e-08 
 8.51138038e+06  2.49068999e-08 
 8.70963590e+06  2.47542188e-08 
 8.91250938e+06  2.46035497e-08 
 9.12010839e+06  2.44548730e-08 
 9.33254301e+06  2.43081690e-08 
 9.54992586e+06  2.41634182e-08 
 9.77237221e+06  2.40206012e-08 
 1.00000000e+07  2.38796989e-08 
 1.02329299e+07  2.37406921e-08 
 1.04712855e+07  2.36035618e-08 
 1.07151931e+07  2.34682892e-08 
 1.09647820e+07  2.33348555e-08 
 1.12201845e+07  2.32032422e-08 
 1.14815362e+07  2.30734307e-08 
 1.17489755e+07  2.29454027e-08 
 1.20226443e+07  2.28191400e-08 
 1.23026877e+07  2.26946244e-08 
 1.25892541e+07  2.25718380e-08 
 1.28824955e+07  2.24507629e-08 
 1.31825674e+07  2.23313813e-08 
 1.34896288e+07  2.22136756e-08 
 1.38038426e+07  2.20976283e-08 
 1.41253754e+07  2.19832220e-08 
 1.44543977e+07  2.18704395e-08 
 1.47910839e+07  2.17592637e-08 
 1.51356125e+07  2.16496775e-08 
 1.54881662e+07  2.15416641e-08 
 1.58489319e+07  2.14352067e-08 
 1.62181010e+07  2.13302886e-08 
 1.65958691e+07  2.12268934e-08 
 1.69824365e+07  2.11250047e-08 
 1.73780083e+07  2.10246062e-08 
 1.77827941e+07  2.09256818e-08 
 1.81970086e+07  2.08282157e-08 
 1.86208714e+07  2.07321918e-08 
 1.90546072e+07  2.06375945e-08 
 1.94984460e+07  2.05444082e-08 
 1.99526231e+07  2.04526174e-08 
 2.04173794e+07  2.03622069e-08 
 2.08929613e+07  2.02731614e-08 
 2.13796209e+07  2.01854660e-08 
 2.18776162e+07  2.00991057e-08 
 2.23872114e+07  2.00140659e-08 
 2.29086765e+07  1.99303318e-08 
 2.34422882e+07  1.98478891e-08 
 2.39883292e+07  1.97667236e-08 
 2.45470892e+07  1.96868209e-08 
 2.51188643e+07  1.96081673e-08 
 2.57039578e+07  1.95307487e-08 
 2.63026799e+07  1.94545516e-08 
 2.69153480e+07  1.93795625e-08 
 2.75422870e+07  1.93057681e-08 
 2.81838293e+07  1.92331551e-08 
 2.88403150e+07  1.91617107e-08 
 2.95120923e+07  1.90914219e-08 
 3.01995172e+07  1.90222761e-08 
 3.09029543e+07  1.89542610e-08 
 3.16227766e+07  1.88873642e-08 
 3.23593657e+07  1.88215738e-08 
 3.31131121e+07  1.87568777e-08 
 3.38844156e+07  1.86932644e-08 
 3.46736850e+07  1.86307223e-08 
 3.54813389e+07  1.85692403e-08 
 3.63078055e+07  1.85088072e-08 
 3.71535229e+07  1.84494123e-08 
 3.80189396e+07  1.83910449e-08 
 3.89045145e+07  1.83336946e-08 
 3.98107171e+07  1.82773514e-08 
 4.07380278e+07  1.82220053e-08 
 4.16869383e+07  1.81676467e-08 
 4.26579519e+07  1.81142662e-08 
 4.36515832e+07  1.80618545e-08 
 4.46683592e+07  1.80104030e-08 
 4.57088190e+07  1.79599029e-08 
 4.67735141e+07  1.79103459e-08 
 4.78630092e+07  1.78617242e-08 
 4.89778819e+07  1.78140298e-08 
 5.01187234e+07  1.77672554e-08 
 5.12861384e+07  1.77213938e-08 
 5.24807460e+07  1.76764383e-08 
 5.37031796e+07  1.76323825e-08 
 5.49540874e+07  1.75892203e-08 
 5.62341325e+07  1.75469458e-08 
 5.75439937e+07  1.75055538e-08 
 5.88843655e+07  1.74650393e-08 
 6.02559586e+07  1.74253975e-08 
 6.16595002e+07  1.73866245e-08 
 6.30957344e+07  1.73487163e-08 
 6.45654229e+07  1.73116697e-08 
 6.60693448e+07  1.72754817e-08 
 6.76082975e+07  1.72401499e-08 
 6.91830971e+07  1.72056724e-08 
 7.07945784e+07  1.71720476e-08 
 7.24435960e+07  1.71392749e-08 
 7.41310241e+07  1.71073535e-08 
 7.58577575e+07  1.70762837e-08 
 7.76247117e+07  1.70460663e-08 
 7.94328235e+07  1.70167025e-08 
 8.12830516e+07  1.69881944e-08 
 8.31763771e+07  1.69605443e-08 
 8.51138038e+07  1.69337558e-08 
 8.70963590e+07  1.69078327e-08 
 8.91250938e+07  1.68827795e-08 
 9.12010839e+07  1.68586018e-08 
 9.33254301e+07  1.68353059e-08 
 9.54992586e+07  1.68128987e-08 
 9.77237221e+07  1.67913881e-08 
 1.00000000e+08  1.67707828e-08 
 1.02329299e+08  1.67510925e-08 
 1.04712855e+08  1.67323280e-08 
 1.07151931e+08  1.67145008e-08 
 1.09647820e+08  1.66976235e-08 
 1.12201845e+08  1.66817098e-08 
 1.14815362e+08  1.66667749e-08 
 1.17489755e+08  1.66528347e-08 
 1.20226443e+08  1.66399066e-08 
 1.23026877e+08  1.66280092e-08 
 1.25892541e+08  1.66171625e-08 
 1.28824955e+08  1.66073880e-08 
 1.31825674e+08  1.65987085e-08 
 1.34896288e+08  1.65911483e-08 
 1.38038426e+08  1.65847338e-08 
 1.41253754e+08  1.65794926e-08 
 1.44543977e+08  1.65754541e-08 
 1.47910839e+08  1.65726497e-08 
 1.51356125e+08  1.65711129e-08 
 1.54881662e+08  1.65708792e-08 
 1.58489319e+08  1.65719859e-08 
 1.62181010e+08  1.65744728e-08 
 1.65958691e+08  1.65783820e-08 
 1.69824365e+08  1.65837580e-08 
 1.73780083e+08  1.65906482e-08 
 1.77827941e+08  1.65991024e-08 
 1.81970086e+08  1.66091732e-08 
 1.86208714e+08  1.66209164e-08 
 1.90546072e+08  1.66343908e-08 
 1.94984460e+08  1.66496585e-08 
 1.99526231e+08  1.66667851e-08 
 2.04173794e+08  1.66858397e-08 
 2.08929613e+08  1.67068956e-08 
 2.13796209e+08  1.67300295e-08 
 2.18776162e+08  1.67553228e-08 
 2.23872114e+08  1.67828610e-08 
 2.29086765e+08  1.68127340e-08 
 2.34422882e+08  1.68450371e-08 
 2.39883292e+08  1.68798709e-08 
 2.45470892e+08  1.69173404e-08 
 2.51188643e+08  1.69575567e-08 
 2.57039578e+08  1.70006373e-08 
 2.63026799e+08  1.70467052e-08 
 2.69153480e+08  1.70958896e-08 
 2.75422870e+08  1.71483278e-08 
 2.81838293e+08  1.72041629e-08 
 2.88403150e+08  1.72635461e-08 
 2.95120923e+08  1.73266366e-08 
 3.01995172e+08  1.73936012e-08 
 3.09029543e+08  1.74646146e-08 
 3.16227766e+08  1.75398628e-08 
 3.23593657e+08  1.76195386e-08 
 3.31131121e+08  1.77038457e-08 
 3.38844156e+08  1.77929966e-08 
 3.46736850e+08  1.78872165e-08 
 3.54813389e+08  1.79867387e-08 
 3.63078055e+08  1.80918095e-08 
 3.71535229e+08  1.82026847e-08 
 3.80189396e+08  1.83196342e-08 
 3.89045145e+08  1.84429381e-08 
 3.98107171e+08  1.85728881e-08 
 4.07380278e+08  1.87097901e-08 
 4.16869383e+08  1.88539603e-08 
 4.26579519e+08  1.90057280e-08 
 4.36515832e+08  1.91654342e-08 
 4.46683592e+08  1.93334308e-08 
 4.57088190e+08  1.95100813e-08 
 4.67735141e+08  1.96957587e-08 
 4.78630092e+08  1.98908454e-08 
 4.89778819e+08  2.00957312e-08 
 5.01187234e+08  2.03108120e-08 
 5.12861384e+08  2.05364864e-08 
 5.24807460e+08  2.07731547e-08 
 5.37031796e+08  2.10212146e-08 
 5.49540874e+08  2.12810570e-08 
 5.62341325e+08  2.15530636e-08 
 5.75439937e+08  2.18375979e-08 
 5.88843655e+08  2.21350004e-08 
 6.02559586e+08  2.24455845e-08 
 6.16595002e+08  2.27696218e-08 
 6.30957344e+08  2.31073406e-08 
 6.45654229e+08  2.34589078e-08 
 6.60693448e+08  2.38244221e-08 
 6.76082975e+08  2.42039000e-08 
 6.91830971e+08  2.45972642e-08 
 7.07945784e+08  2.50043251e-08 
 7.24435960e+08  2.54247700e-08 
 7.41310241e+08  2.58581469e-08 
 7.58577575e+08  2.63038484e-08 
 7.76247117e+08  2.67611061e-08 
 7.94328235e+08  2.72289651e-08 
 8.12830516e+08  2.77062925e-08 
 8.31763771e+08  2.81917556e-08 
 8.51138038e+08  2.86838343e-08 
 8.70963590e+08  2.91808175e-08 
 8.91250938e+08  2.96808230e-08 
 9.12010839e+08  3.01818154e-08 
 9.33254301e+08  3.06816269e-08 
 9.54992586e+08  3.11780028e-08 
 9.77237221e+08  3.16686404e-08 
 1.00000000e+09  3.21512418e-08 
