 1.00000000e+00  1.66502536e-05 
 1.02329299e+00  1.64882178e-05 
 1.04712855e+00  1.63277651e-05 
 1.07151931e+00  1.61688799e-05 
 1.09647820e+00  1.60115467e-05 
 1.12201845e+00  1.58557504e-05 
 1.14815362e+00  1.57014759e-05 
 1.17489755e+00  1.55487082e-05 
 1.20226443e+00  1.53974325e-05 
 1.23026877e+00  1.52476342e-05 
 1.25892541e+00  1.50992988e-05 
 1.28824955e+00  1.49524119e-05 
 1.31825674e+00  1.48069593e-05 
 1.34896288e+00  1.46629270e-05 
 1.38038426e+00  1.45203010e-05 
 1.41253754e+00  1.43790674e-05 
 1.44543977e+00  1.42392127e-05 
 1.47910839e+00  1.41007234e-05 
 1.51356125e+00  1.39635859e-05 
 1.54881662e+00  1.38277871e-05 
 1.58489319e+00  1.36933138e-05 
 1.62181010e+00  1.35601531e-05 
 1.65958691e+00  1.34282920e-05 
 1.69824365e+00  1.32977178e-05 
 1.73780083e+00  1.31684178e-05 
 1.77827941e+00  1.30403797e-05 
 1.81970086e+00  1.29135910e-05 
 1.86208714e+00  1.27880395e-05 
 1.90546072e+00  1.26637130e-05 
 1.94984460e+00  1.25405995e-05 
 1.99526231e+00  1.24186872e-05 
 2.04173794e+00  1.22979643e-05 
 2.08929613e+00  1.21784190e-05 
 2.13796209e+00  1.20600399e-05 
 2.18776162e+00  1.19428156e-05 
 2.23872114e+00  1.18267347e-05 
 2.29086765e+00  1.17117860e-05 
 2.34422882e+00  1.15979584e-05 
 2.39883292e+00  1.14852409e-05 
 2.45470892e+00  1.13736227e-05 
 2.51188643e+00  1.12630930e-05 
 2.57039578e+00  1.11536411e-05 
 2.63026799e+00  1.10452565e-05 
 2.69153480e+00  1.09379287e-05 
 2.75422870e+00  1.08316474e-05 
 2.81838293e+00  1.07264023e-05 
 2.88403150e+00  1.06221832e-05 
 2.95120923e+00  1.05189802e-05 
 3.01995172e+00  1.04167832e-05 
 3.09029543e+00  1.03155825e-05 
 3.16227766e+00  1.02153682e-05 
 3.23593657e+00  1.01161308e-05 
 3.31131121e+00  1.00178605e-05 
 3.38844156e+00  9.92054806e-06 
 3.46736850e+00  9.82418401e-06 
 3.54813389e+00  9.72875906e-06 
 3.63078055e+00  9.63426404e-06 
 3.71535229e+00  9.54068985e-06 
 3.80189396e+00  9.44802746e-06 
 3.89045145e+00  9.35626796e-06 
 3.98107171e+00  9.26540251e-06 
 4.07380278e+00  9.17542236e-06 
 4.16869383e+00  9.08631885e-06 
 4.26579519e+00  8.99808341e-06 
 4.36515832e+00  8.91070754e-06 
 4.46683592e+00  8.82418283e-06 
 4.57088190e+00  8.73850095e-06 
 4.67735141e+00  8.65365367e-06 
 4.78630092e+00  8.56963281e-06 
 4.89778819e+00  8.48643030e-06 
 5.01187234e+00  8.40403813e-06 
 5.12861384e+00  8.32244838e-06 
 5.24807460e+00  8.24165319e-06 
 5.37031796e+00  8.16164480e-06 
 5.49540874e+00  8.08241552e-06 
 5.62341325e+00  8.00395773e-06 
 5.75439937e+00  7.92626388e-06 
 5.88843655e+00  7.84932651e-06 
 6.02559586e+00  7.77313821e-06 
 6.16595002e+00  7.69769168e-06 
 6.30957344e+00  7.62297965e-06 
 6.45654229e+00  7.54899495e-06 
 6.60693448e+00  7.47573047e-06 
 6.76082975e+00  7.40317917e-06 
 6.91830971e+00  7.33133408e-06 
 7.07945784e+00  7.26018830e-06 
 7.24435960e+00  7.18973499e-06 
 7.41310241e+00  7.11996739e-06 
 7.58577575e+00  7.05087880e-06 
 7.76247117e+00  6.98246258e-06 
 7.94328235e+00  6.91471217e-06 
 8.12830516e+00  6.84762105e-06 
 8.31763771e+00  6.78118280e-06 
 8.51138038e+00  6.71539103e-06 
 8.70963590e+00  6.65023943e-06 
 8.91250938e+00  6.58572174e-06 
 9.12010839e+00  6.52183177e-06 
 9.33254301e+00  6.45856340e-06 
 9.54992586e+00  6.39591054e-06 
 9.77237221e+00  6.33386720e-06 
 1.00000000e+01  6.27242742e-06 
 1.02329299e+01  6.21158530e-06 
 1.04712855e+01  6.15133501e-06 
 1.07151931e+01  6.09167078e-06 
 1.09647820e+01  6.03258687e-06 
 1.12201845e+01  5.97407763e-06 
 1.14815362e+01  5.91613744e-06 
 1.17489755e+01  5.85876075e-06 
 1.20226443e+01  5.80194206e-06 
 1.23026877e+01  5.74567592e-06 
 1.25892541e+01  5.68995694e-06 
 1.28824955e+01  5.63477977e-06 
 1.31825674e+01  5.58013914e-06 
 1.34896288e+01  5.52602981e-06 
 1.38038426e+01  5.47244658e-06 
 1.41253754e+01  5.41938433e-06 
 1.44543977e+01  5.36683797e-06 
 1.47910839e+01  5.31480248e-06 
 1.51356125e+01  5.26327285e-06 
 1.54881662e+01  5.21224417e-06 
 1.58489319e+01  5.16171154e-06 
 1.62181010e+01  5.11167012e-06 
 1.65958691e+01  5.06211513e-06 
 1.69824365e+01  5.01304181e-06 
 1.73780083e+01  4.96444547e-06 
 1.77827941e+01  4.91632146e-06 
 1.81970086e+01  4.86866517e-06 
 1.86208714e+01  4.82147203e-06 
 1.90546072e+01  4.77473754e-06 
 1.94984460e+01  4.72845722e-06 
 1.99526231e+01  4.68262664e-06 
 2.04173794e+01  4.63724141e-06 
 2.08929613e+01  4.59229719e-06 
 2.13796209e+01  4.54778969e-06 
 2.18776162e+01  4.50371465e-06 
 2.23872114e+01  4.46006784e-06 
 2.29086765e+01  4.41684509e-06 
 2.34422882e+01  4.37404228e-06 
 2.39883292e+01  4.33165531e-06 
 2.45470892e+01  4.28968011e-06 
 2.51188643e+01  4.24811269e-06 
 2.57039578e+01  4.20694907e-06 
 2.63026799e+01  4.16618530e-06 
 2.69153480e+01  4.12581750e-06 
 2.75422870e+01  4.08584180e-06 
 2.81838293e+01  4.04625438e-06 
 2.88403150e+01  4.00705147e-06 
 2.95120923e+01  3.96822931e-06 
 3.01995172e+01  3.92978419e-06 
 3.09029543e+01  3.89171245e-06 
 3.16227766e+01  3.85401043e-06 
 3.23593657e+01  3.81667455e-06 
 3.31131121e+01  3.77970123e-06 
 3.38844156e+01  3.74308694e-06 
 3.46736850e+01  3.70682818e-06 
 3.54813389e+01  3.67092150e-06 
 3.63078055e+01  3.63536346e-06 
 3.71535229e+01  3.60015066e-06 
 3.80189396e+01  3.56527975e-06 
 3.89045145e+01  3.53074739e-06 
 3.98107171e+01  3.49655029e-06 
 4.07380278e+01  3.46268518e-06 
 4.16869383e+01  3.42914883e-06 
 4.26579519e+01  3.39593803e-06 
 4.36515832e+01  3.36304963e-06 
 4.46683592e+01  3.33048047e-06 
 4.57088190e+01  3.29822746e-06 
 4.67735141e+01  3.26628751e-06 
 4.78630092e+01  3.23465757e-06 
 4.89778819e+01  3.20333463e-06 
 5.01187234e+01  3.17231569e-06 
 5.12861384e+01  3.14159781e-06 
 5.24807460e+01  3.11117805e-06 
 5.37031796e+01  3.08105350e-06 
 5.49540874e+01  3.05122129e-06 
 5.62341325e+01  3.02167859e-06 
 5.75439937e+01  2.99242256e-06 
 5.88843655e+01  2.96345042e-06 
 6.02559586e+01  2.93475942e-06 
 6.16595002e+01  2.90634680e-06 
 6.30957344e+01  2.87820987e-06 
 6.45654229e+01  2.85034594e-06 
 6.60693448e+01  2.82275235e-06 
 6.76082975e+01  2.79542648e-06 
 6.91830971e+01  2.76836571e-06 
 7.07945784e+01  2.74156748e-06 
 7.24435960e+01  2.71502922e-06 
 7.41310241e+01  2.68874841e-06 
 7.58577575e+01  2.66272254e-06 
 7.76247117e+01  2.63694913e-06 
 7.94328235e+01  2.61142573e-06 
 8.12830516e+01  2.58614990e-06 
 8.31763771e+01  2.56111924e-06 
 8.51138038e+01  2.53633137e-06 
 8.70963590e+01  2.51178391e-06 
 8.91250938e+01  2.48747454e-06 
 9.12010839e+01  2.46340094e-06 
 9.33254301e+01  2.43956081e-06 
 9.54992586e+01  2.41595188e-06 
 9.77237221e+01  2.39257191e-06 
 1.00000000e+02  2.36941867e-06 
 1.02329299e+02  2.34648996e-06 
 1.04712855e+02  2.32378358e-06 
 1.07151931e+02  2.30129739e-06 
 1.09647820e+02  2.27902924e-06 
 1.12201845e+02  2.25697701e-06 
 1.14815362e+02  2.23513860e-06 
 1.17489755e+02  2.21351193e-06 
 1.20226443e+02  2.19209495e-06 
 1.23026877e+02  2.17088561e-06 
 1.25892541e+02  2.14988191e-06 
 1.28824955e+02  2.12908183e-06 
 1.31825674e+02  2.10848340e-06 
 1.34896288e+02  2.08808466e-06 
 1.38038426e+02  2.06788367e-06 
 1.41253754e+02  2.04787850e-06 
 1.44543977e+02  2.02806726e-06 
 1.47910839e+02  2.00844807e-06 
 1.51356125e+02  1.98901904e-06 
 1.54881662e+02  1.96977834e-06 
 1.58489319e+02  1.95072414e-06 
 1.62181010e+02  1.93185463e-06 
 1.65958691e+02  1.91316800e-06 
 1.69824365e+02  1.89466248e-06 
 1.73780083e+02  1.87633632e-06 
 1.77827941e+02  1.85818777e-06 
 1.81970086e+02  1.84021510e-06 
 1.86208714e+02  1.82241661e-06 
 1.90546072e+02  1.80479061e-06 
 1.94984460e+02  1.78733542e-06 
 1.99526231e+02  1.77004937e-06 
 2.04173794e+02  1.75293083e-06 
 2.08929613e+02  1.73597818e-06 
 2.13796209e+02  1.71918979e-06 
 2.18776162e+02  1.70256408e-06 
 2.23872114e+02  1.68609946e-06 
 2.29086765e+02  1.66979437e-06 
 2.34422882e+02  1.65364726e-06 
 2.39883292e+02  1.63765660e-06 
 2.45470892e+02  1.62182086e-06 
 2.51188643e+02  1.60613855e-06 
 2.57039578e+02  1.59060817e-06 
 2.63026799e+02  1.57522825e-06 
 2.69153480e+02  1.55999732e-06 
 2.75422870e+02  1.54491395e-06 
 2.81838293e+02  1.52997669e-06 
 2.88403150e+02  1.51518413e-06 
 2.95120923e+02  1.50053487e-06 
 3.01995172e+02  1.48602751e-06 
 3.09029543e+02  1.47166068e-06 
 3.16227766e+02  1.45743301e-06 
 3.23593657e+02  1.44334315e-06 
 3.31131121e+02  1.42938977e-06 
 3.38844156e+02  1.41557153e-06 
 3.46736850e+02  1.40188713e-06 
 3.54813389e+02  1.38833528e-06 
 3.63078055e+02  1.37491467e-06 
 3.71535229e+02  1.36162404e-06 
 3.80189396e+02  1.34846213e-06 
 3.89045145e+02  1.33542768e-06 
 3.98107171e+02  1.32251947e-06 
 4.07380278e+02  1.30973626e-06 
 4.16869383e+02  1.29707685e-06 
 4.26579519e+02  1.28454003e-06 
 4.36515832e+02  1.27212461e-06 
 4.46683592e+02  1.25982942e-06 
 4.57088190e+02  1.24765328e-06 
 4.67735141e+02  1.23559505e-06 
 4.78630092e+02  1.22365358e-06 
 4.89778819e+02  1.21182773e-06 
 5.01187234e+02  1.20011639e-06 
 5.12861384e+02  1.18851844e-06 
 5.24807460e+02  1.17703279e-06 
 5.37031796e+02  1.16565835e-06 
 5.49540874e+02  1.15439402e-06 
 5.62341325e+02  1.14323876e-06 
 5.75439937e+02  1.13219150e-06 
 5.88843655e+02  1.12125119e-06 
 6.02559586e+02  1.11041680e-06 
 6.16595002e+02  1.09968730e-06 
 6.30957344e+02  1.08906167e-06 
 6.45654229e+02  1.07853890e-06 
 6.60693448e+02  1.06811800e-06 
 6.76082975e+02  1.05779798e-06 
 6.91830971e+02  1.04757786e-06 
 7.07945784e+02  1.03745667e-06 
 7.24435960e+02  1.02743345e-06 
 7.41310241e+02  1.01750726e-06 
 7.58577575e+02  1.00767715e-06 
 7.76247117e+02  9.97942190e-07 
 7.94328235e+02  9.88301459e-07 
 8.12830516e+02  9.78754043e-07 
 8.31763771e+02  9.69299037e-07 
 8.51138038e+02  9.59935546e-07 
 8.70963590e+02  9.50662682e-07 
 8.91250938e+02  9.41479568e-07 
 9.12010839e+02  9.32385332e-07 
 9.33254301e+02  9.23379113e-07 
 9.54992586e+02  9.14460060e-07 
 9.77237221e+02  9.05627325e-07 
 1.00000000e+03  8.96880074e-07 
 1.02329299e+03  8.88217478e-07 
 1.04712855e+03  8.79638715e-07 
 1.07151931e+03  8.71142975e-07 
 1.09647820e+03  8.62729452e-07 
 1.12201845e+03  8.54397349e-07 
 1.14815362e+03  8.46145878e-07 
 1.17489755e+03  8.37974257e-07 
 1.20226443e+03  8.29881713e-07 
 1.23026877e+03  8.21867479e-07 
 1.25892541e+03  8.13930797e-07 
 1.28824955e+03  8.06070915e-07 
 1.31825674e+03  7.98287090e-07 
 1.34896288e+03  7.90578584e-07 
 1.38038426e+03  7.82944668e-07 
 1.41253754e+03  7.75384619e-07 
 1.44543977e+03  7.67897722e-07 
 1.47910839e+03  7.60483268e-07 
 1.51356125e+03  7.53140556e-07 
 1.54881662e+03  7.45868890e-07 
 1.58489319e+03  7.38667582e-07 
 1.62181010e+03  7.31535951e-07 
 1.65958691e+03  7.24473323e-07 
 1.69824365e+03  7.17479028e-07 
 1.73780083e+03  7.10552406e-07 
 1.77827941e+03  7.03692800e-07 
 1.81970086e+03  6.96899562e-07 
 1.86208714e+03  6.90172049e-07 
 1.90546072e+03  6.83509625e-07 
 1.94984460e+03  6.76911659e-07 
 1.99526231e+03  6.70377527e-07 
 2.04173794e+03  6.63906612e-07 
 2.08929613e+03  6.57498301e-07 
 2.13796209e+03  6.51151988e-07 
 2.18776162e+03  6.44867072e-07 
 2.23872114e+03  6.38642960e-07 
 2.29086765e+03  6.32479063e-07 
 2.34422882e+03  6.26374798e-07 
 2.39883292e+03  6.20329588e-07 
 2.45470892e+03  6.14342861e-07 
 2.51188643e+03  6.08414050e-07 
 2.57039578e+03  6.02542596e-07 
 2.63026799e+03  5.96727944e-07 
 2.69153480e+03  5.90969543e-07 
 2.75422870e+03  5.85266849e-07 
 2.81838293e+03  5.79619323e-07 
 2.88403150e+03  5.74026431e-07 
 2.95120923e+03  5.68487644e-07 
 3.01995172e+03  5.63002440e-07 
 3.09029543e+03  5.57570298e-07 
 3.16227766e+03  5.52190707e-07 
 3.23593657e+03  5.46863157e-07 
 3.31131121e+03  5.41587145e-07 
 3.38844156e+03  5.36362173e-07 
 3.46736850e+03  5.31187745e-07 
 3.54813389e+03  5.26063375e-07 
 3.63078055e+03  5.20988577e-07 
 3.71535229e+03  5.15962871e-07 
 3.80189396e+03  5.10985784e-07 
 3.89045145e+03  5.06056844e-07 
 3.98107171e+03  5.01175586e-07 
 4.07380278e+03  4.96341548e-07 
 4.16869383e+03  4.91554275e-07 
 4.26579519e+03  4.86813313e-07 
 4.36515832e+03  4.82118215e-07 
 4.46683592e+03  4.77468538e-07 
 4.57088190e+03  4.72863841e-07 
 4.67735141e+03  4.68303691e-07 
 4.78630092e+03  4.63787656e-07 
 4.89778819e+03  4.59315309e-07 
 5.01187234e+03  4.54886230e-07 
 5.12861384e+03  4.50499998e-07 
 5.24807460e+03  4.46156200e-07 
 5.37031796e+03  4.41854426e-07 
 5.49540874e+03  4.37594269e-07 
 5.62341325e+03  4.33375327e-07 
 5.75439937e+03  4.29197201e-07 
 5.88843655e+03  4.25059498e-07 
 6.02559586e+03  4.20961826e-07 
 6.16595002e+03  4.16903799e-07 
 6.30957344e+03  4.12885033e-07 
 6.45654229e+03  4.08905149e-07 
 6.60693448e+03  4.04963771e-07 
 6.76082975e+03  4.01060527e-07 
 6.91830971e+03  3.97195049e-07 
 7.07945784e+03  3.93366971e-07 
 7.24435960e+03  3.89575933e-07 
 7.41310241e+03  3.85821576e-07 
 7.58577575e+03  3.82103546e-07 
 7.76247117e+03  3.78421492e-07 
 7.94328235e+03  3.74775067e-07 
 8.12830516e+03  3.71163926e-07 
 8.31763771e+03  3.67587729e-07 
 8.51138038e+03  3.64046138e-07 
 8.70963590e+03  3.60538819e-07 
 8.91250938e+03  3.57065440e-07 
 9.12010839e+03  3.53625675e-07 
 9.33254301e+03  3.50219198e-07 
 9.54992586e+03  3.46845688e-07 
 9.77237221e+03  3.43504826e-07 
 1.00000000e+04  3.40196299e-07 
 1.02329299e+04  3.36919792e-07 
 1.04712855e+04  3.33674998e-07 
 1.07151931e+04  3.30461609e-07 
 1.09647820e+04  3.27279324e-07 
 1.12201845e+04  3.24127841e-07 
 1.14815362e+04  3.21006863e-07 
 1.17489755e+04  3.17916096e-07 
 1.20226443e+04  3.14855248e-07 
 1.23026877e+04  3.11824032e-07 
 1.25892541e+04  3.08822159e-07 
 1.28824955e+04  3.05849348e-07 
 1.31825674e+04  3.02905319e-07 
 1.34896288e+04  2.99989792e-07 
 1.38038426e+04  2.97102494e-07 
 1.41253754e+04  2.94243153e-07 
 1.44543977e+04  2.91411497e-07 
 1.47910839e+04  2.88607261e-07 
 1.51356125e+04  2.85830180e-07 
 1.54881662e+04  2.83079992e-07 
 1.58489319e+04  2.80356438e-07 
 1.62181010e+04  2.77659261e-07 
 1.65958691e+04  2.74988206e-07 
 1.69824365e+04  2.72343022e-07 
 1.73780083e+04  2.69723459e-07 
 1.77827941e+04  2.67129271e-07 
 1.81970086e+04  2.64560212e-07 
 1.86208714e+04  2.62016040e-07 
 1.90546072e+04  2.59496516e-07 
 1.94984460e+04  2.57001403e-07 
 1.99526231e+04  2.54530464e-07 
 2.04173794e+04  2.52083467e-07 
 2.08929613e+04  2.49660181e-07 
 2.13796209e+04  2.47260378e-07 
 2.18776162e+04  2.44883832e-07 
 2.23872114e+04  2.42530318e-07 
 2.29086765e+04  2.40199615e-07 
 2.34422882e+04  2.37891503e-07 
 2.39883292e+04  2.35605765e-07 
 2.45470892e+04  2.33342185e-07 
 2.51188643e+04  2.31100549e-07 
 2.57039578e+04  2.28880647e-07 
 2.63026799e+04  2.26682269e-07 
 2.69153480e+04  2.24505208e-07 
 2.75422870e+04  2.22349259e-07 
 2.81838293e+04  2.20214218e-07 
 2.88403150e+04  2.18099885e-07 
 2.95120923e+04  2.16006061e-07 
 3.01995172e+04  2.13932547e-07 
 3.09029543e+04  2.11879149e-07 
 3.16227766e+04  2.09845674e-07 
 3.23593657e+04  2.07831928e-07 
 3.31131121e+04  2.05837724e-07 
 3.38844156e+04  2.03862872e-07 
 3.46736850e+04  2.01907187e-07 
 3.54813389e+04  1.99970485e-07 
 3.63078055e+04  1.98052582e-07 
 3.71535229e+04  1.96153300e-07 
 3.80189396e+04  1.94272457e-07 
 3.89045145e+04  1.92409878e-07 
 3.98107171e+04  1.90565387e-07 
 4.07380278e+04  1.88738809e-07 
 4.16869383e+04  1.86929974e-07 
 4.26579519e+04  1.85138711e-07 
 4.36515832e+04  1.83364850e-07 
 4.46683592e+04  1.81608225e-07 
 4.57088190e+04  1.79868670e-07 
 4.67735141e+04  1.78146022e-07 
 4.78630092e+04  1.76440118e-07 
 4.89778819e+04  1.74750798e-07 
 5.01187234e+04  1.73077901e-07 
 5.12861384e+04  1.71421272e-07 
 5.24807460e+04  1.69780754e-07 
 5.37031796e+04  1.68156192e-07 
 5.49540874e+04  1.66547433e-07 
 5.62341325e+04  1.64954326e-07 
 5.75439937e+04  1.63376721e-07 
 5.88843655e+04  1.61814469e-07 
 6.02559586e+04  1.60267424e-07 
 6.16595002e+04  1.58735438e-07 
 6.30957344e+04  1.57218369e-07 
 6.45654229e+04  1.55716073e-07 
 6.60693448e+04  1.54228409e-07 
 6.76082975e+04  1.52755236e-07 
 6.91830971e+04  1.51296417e-07 
 7.07945784e+04  1.49851813e-07 
 7.24435960e+04  1.48421289e-07 
 7.41310241e+04  1.47004709e-07 
 7.58577575e+04  1.45601941e-07 
 7.76247117e+04  1.44212853e-07 
 7.94328235e+04  1.42837313e-07 
 8.12830516e+04  1.41475192e-07 
 8.31763771e+04  1.40126363e-07 
 8.51138038e+04  1.38790697e-07 
 8.70963590e+04  1.37468069e-07 
 8.91250938e+04  1.36158354e-07 
 9.12010839e+04  1.34861430e-07 
 9.33254301e+04  1.33577174e-07 
 9.54992586e+04  1.32305465e-07 
 9.77237221e+04  1.31046184e-07 
 1.00000000e+05  1.29799212e-07 
 1.02329299e+05  1.28564431e-07 
 1.04712855e+05  1.27341725e-07 
 1.07151931e+05  1.26130979e-07 
 1.09647820e+05  1.24932080e-07 
 1.12201845e+05  1.23744914e-07 
 1.14815362e+05  1.22569369e-07 
 1.17489755e+05  1.21405335e-07 
 1.20226443e+05  1.20252703e-07 
 1.23026877e+05  1.19111363e-07 
 1.25892541e+05  1.17981208e-07 
 1.28824955e+05  1.16862132e-07 
 1.31825674e+05  1.15754029e-07 
 1.34896288e+05  1.14656796e-07 
 1.38038426e+05  1.13570328e-07 
 1.41253754e+05  1.12494524e-07 
 1.44543977e+05  1.11429282e-07 
 1.47910839e+05  1.10374501e-07 
 1.51356125e+05  1.09330084e-07 
 1.54881662e+05  1.08295930e-07 
 1.58489319e+05  1.07271943e-07 
 1.62181010e+05  1.06258027e-07 
 1.65958691e+05  1.05254086e-07 
 1.69824365e+05  1.04260025e-07 
 1.73780083e+05  1.03275750e-07 
 1.77827941e+05  1.02301170e-07 
 1.81970086e+05  1.01336192e-07 
 1.86208714e+05  1.00380726e-07 
 1.90546072e+05  9.94346803e-08 
 1.94984460e+05  9.84979673e-08 
 1.99526231e+05  9.75704983e-08 
 2.04173794e+05  9.66521859e-08 
 2.08929613e+05  9.57429438e-08 
 2.13796209e+05  9.48426861e-08 
 2.18776162e+05  9.39513281e-08 
 2.23872114e+05  9.30687858e-08 
 2.29086765e+05  9.21949760e-08 
 2.34422882e+05  9.13298164e-08 
 2.39883292e+05  9.04732255e-08 
 2.45470892e+05  8.96251226e-08 
 2.51188643e+05  8.87854277e-08 
 2.57039578e+05  8.79540616e-08 
 2.63026799e+05  8.71309461e-08 
 2.69153480e+05  8.63160034e-08 
 2.75422870e+05  8.55091569e-08 
 2.81838293e+05  8.47103304e-08 
 2.88403150e+05  8.39194486e-08 
 2.95120923e+05  8.31364369e-08 
 3.01995172e+05  8.23612215e-08 
 3.09029543e+05  8.15937292e-08 
 3.16227766e+05  8.08338877e-08 
 3.23593657e+05  8.00816253e-08 
 3.31131121e+05  7.93368710e-08 
 3.38844156e+05  7.85995545e-08 
 3.46736850e+05  7.78696063e-08 
 3.54813389e+05  7.71469575e-08 
 3.63078055e+05  7.64315398e-08 
 3.71535229e+05  7.57232856e-08 
 3.80189396e+05  7.50221282e-08 
 3.89045145e+05  7.43280014e-08 
 3.98107171e+05  7.36408394e-08 
 4.07380278e+05  7.29605775e-08 
 4.16869383e+05  7.22871513e-08 
 4.26579519e+05  7.16204973e-08 
 4.36515832e+05  7.09605524e-08 
 4.46683592e+05  7.03072542e-08 
 4.57088190e+05  6.96605409e-08 
 4.67735141e+05  6.90203514e-08 
 4.78630092e+05  6.83866251e-08 
 4.89778819e+05  6.77593021e-08 
 5.01187234e+05  6.71383229e-08 
 5.12861384e+05  6.65236289e-08 
 5.24807460e+05  6.59151617e-08 
 5.37031796e+05  6.53128638e-08 
 5.49540874e+05  6.47166781e-08 
 5.62341325e+05  6.41265481e-08 
 5.75439937e+05  6.35424179e-08 
 5.88843655e+05  6.29642321e-08 
 6.02559586e+05  6.23919357e-08 
 6.16595002e+05  6.18254746e-08 
 6.30957344e+05  6.12647950e-08 
 6.45654229e+05  6.07098436e-08 
 6.60693448e+05  6.01605677e-08 
 6.76082975e+05  5.96169151e-08 
 6.91830971e+05  5.90788341e-08 
 7.07945784e+05  5.85462736e-08 
 7.24435960e+05  5.80191828e-08 
 7.41310241e+05  5.74975117e-08 
 7.58577575e+05  5.69812106e-08 
 7.76247117e+05  5.64702302e-08 
 7.94328235e+05  5.59645218e-08 
 8.12830516e+05  5.54640372e-08 
 8.31763771e+05  5.49687287e-08 
 8.51138038e+05  5.44785490e-08 
 8.70963590e+05  5.39934512e-08 
 8.91250938e+05  5.35133890e-08 
 9.12010839e+05  5.30383165e-08 
 9.33254301e+05  5.25681881e-08 
 9.54992586e+05  5.21029590e-08 
 9.77237221e+05  5.16425844e-08 
 1.00000000e+06  5.11870203e-08 
 1.02329299e+06  5.07362229e-08 
 1.04712855e+06  5.02901490e-08 
 1.07151931e+06  4.98487556e-08 
 1.09647820e+06  4.94120004e-08 
 1.12201845e+06  4.89798412e-08 
 1.14815362e+06  4.85522364e-08 
 1.17489755e+06  4.81291448e-08 
 1.20226443e+06  4.77105256e-08 
 1.23026877e+06  4.72963383e-08 
 1.25892541e+06  4.68865429e-08 
 1.28824955e+06  4.64810996e-08 
 1.31825674e+06  4.60799692e-08 
 1.34896288e+06  4.56831129e-08 
 1.38038426e+06  4.52904919e-08 
 1.41253754e+06  4.49020683e-08 
 1.44543977e+06  4.45178041e-08 
 1.47910839e+06  4.41376619e-08 
 1.51356125e+06  4.37616046e-08 
 1.54881662e+06  4.33895955e-08 
 1.58489319e+06  4.30215982e-08 
 1.62181010e+06  4.26575766e-08 
 1.65958691e+06  4.22974951e-08 
 1.69824365e+06  4.19413181e-08 
 1.73780083e+06  4.15890107e-08 
 1.77827941e+06  4.12405382e-08 
 1.81970086e+06  4.08958662e-08 
 1.86208714e+06  4.05549605e-08 
 1.90546072e+06  4.02177874e-08 
 1.94984460e+06  3.98843135e-08 
 1.99526231e+06  3.95545056e-08 
 2.04173794e+06  3.92283308e-08 
 2.08929613e+06  3.89057567e-08 
 2.13796209e+06  3.85867510e-08 
 2.18776162e+06  3.82712817e-08 
 2.23872114e+06  3.79593171e-08 
 2.29086765e+06  3.76508259e-08 
 2.34422882e+06  3.73457770e-08 
 2.39883292e+06  3.70441396e-08 
 2.45470892e+06  3.67458830e-08 
 2.51188643e+06  3.64509771e-08 
 2.57039578e+06  3.61593917e-08 
 2.63026799e+06  3.58710973e-08 
 2.69153480e+06  3.55860642e-08 
 2.75422870e+06  3.53042633e-08 
 2.81838293e+06  3.50256655e-08 
 2.88403150e+06  3.47502422e-08 
 2.95120923e+06  3.44779648e-08 
 3.01995172e+06  3.42088051e-08 
 3.09029543e+06  3.39427352e-08 
 3.16227766e+06  3.36797271e-08 
 3.23593657e+06  3.34197536e-08 
 3.31131121e+06  3.31627871e-08 
 3.38844156e+06  3.29088006e-08 
 3.46736850e+06  3.26577674e-08 
 3.54813389e+06  3.24096607e-08 
 3.63078055e+06  3.21644541e-08 
 3.71535229e+06  3.19221215e-08 
 3.80189396e+06  3.16826368e-08 
 3.89045145e+06  3.14459743e-08 
 3.98107171e+06  3.12121084e-08 
 4.07380278e+06  3.09810137e-08 
 4.16869383e+06  3.07526650e-08 
 4.26579519e+06  3.05270374e-08 
 4.36515832e+06  3.03041060e-08 
 4.46683592e+06  3.00838464e-08 
 4.57088190e+06  2.98662340e-08 
 4.67735141e+06  2.96512446e-08 
 4.78630092e+06  2.94388543e-08 
 4.89778819e+06  2.92290391e-08 
 5.01187234e+06  2.90217753e-08 
 5.12861384e+06  2.88170396e-08 
 5.24807460e+06  2.86148084e-08 
 5.37031796e+06  2.84150588e-08 
 5.49540874e+06  2.82177676e-08 
 5.62341325e+06  2.80229120e-08 
 5.75439937e+06  2.78304694e-08 
 5.88843655e+06  2.76404173e-08 
 6.02559586e+06  2.74527332e-08 
 6.16595002e+06  2.72673951e-08 
 6.30957344e+06  2.70843809e-08 
 6.45654229e+06  2.69036686e-08 
 6.60693448e+06  2.67252367e-08 
 6.76082975e+06  2.65490634e-08 
 6.91830971e+06  2.63751273e-08 
 7.07945784e+06  2.62034072e-08 
 7.24435960e+06  2.60338818e-08 
 7.41310241e+06  2.58665303e-08 
 7.58577575e+06  2.57013316e-08 
 7.76247117e+06  2.55382651e-08 
 7.94328235e+06  2.53773101e-08 
 8.12830516e+06  2.52184463e-08 
 8.31763771e+06  2.50616532e-08 
 8.51138038e+06  2.49069108e-08 
 8.70963590e+06  2.47541988e-08 
 8.91250938e+06  2.46034974e-08 
 9.12010839e+06  2.44547868e-08 
 9.33254301e+06  2.43080472e-08 
 9.54992586e+06  2.41632592e-08 
 9.77237221e+06  2.40204032e-08 
 1.00000000e+07  2.38794600e-08 
 1.02329299e+07  2.37404105e-08 
 1.04712855e+07  2.36032354e-08 
 1.07151931e+07  2.34679160e-08 
 1.09647820e+07  2.33344333e-08 
 1.12201845e+07  2.32027687e-08 
 1.14815362e+07  2.30729036e-08 
 1.17489755e+07  2.29448196e-08 
 1.20226443e+07  2.28184982e-08 
 1.23026877e+07  2.26939213e-08 
 1.25892541e+07  2.25710707e-08 
 1.28824955e+07  2.24499285e-08 
 1.31825674e+07  2.23304769e-08 
 1.34896288e+07  2.22126979e-08 
 1.38038426e+07  2.20965741e-08 
 1.41253754e+07  2.19820878e-08 
 1.44543977e+07  2.18692217e-08 
 1.47910839e+07  2.17579586e-08 
 1.51356125e+07  2.16482811e-08 
 1.54881662e+07  2.15401723e-08 
 1.58489319e+07  2.14336153e-08 
 1.62181010e+07  2.13285932e-08 
 1.65958691e+07  2.12250894e-08 
 1.69824365e+07  2.11230872e-08 
 1.73780083e+07  2.10225702e-08 
 1.77827941e+07  2.09235221e-08 
 1.81970086e+07  2.08259267e-08 
 1.86208714e+07  2.07297678e-08 
 1.90546072e+07  2.06350295e-08 
 1.94984460e+07  2.05416960e-08 
 1.99526231e+07  2.04497515e-08 
 2.04173794e+07  2.03591804e-08 
 2.08929613e+07  2.02699674e-08 
 2.13796209e+07  2.01820969e-08 
 2.18776162e+07  2.00955539e-08 
 2.23872114e+07  2.00103232e-08 
 2.29086765e+07  1.99263899e-08 
 2.34422882e+07  1.98437392e-08 
 2.39883292e+07  1.97623564e-08 
 2.45470892e+07  1.96822270e-08 
 2.51188643e+07  1.96033365e-08 
 2.57039578e+07  1.95256706e-08 
 2.63026799e+07  1.94492154e-08 
 2.69153480e+07  1.93739567e-08 
 2.75422870e+07  1.92998807e-08 
 2.81838293e+07  1.92269738e-08 
 2.88403150e+07  1.91552225e-08 
 2.95120923e+07  1.90846132e-08 
 3.01995172e+07  1.90151328e-08 
 3.09029543e+07  1.89467682e-08 
 3.16227766e+07  1.88795066e-08 
 3.23593657e+07  1.88133350e-08 
 3.31131121e+07  1.87482410e-08 
 3.38844156e+07  1.86842121e-08 
 3.46736850e+07  1.86212360e-08 
 3.54813389e+07  1.85593007e-08 
 3.63078055e+07  1.84983942e-08 
 3.71535229e+07  1.84385049e-08 
 3.80189396e+07  1.83796211e-08 
 3.89045145e+07  1.83217316e-08 
 3.98107171e+07  1.82648250e-08 
 4.07380278e+07  1.82088905e-08 
 4.16869383e+07  1.81539172e-08 
 4.26579519e+07  1.80998947e-08 
 4.36515832e+07  1.80468124e-08 
 4.46683592e+07  1.79946602e-08 
 4.57088190e+07  1.79434282e-08 
 4.67735141e+07  1.78931066e-08 
 4.78630092e+07  1.78436859e-08 
 4.89778819e+07  1.77951569e-08 
 5.01187234e+07  1.77475104e-08 
 5.12861384e+07  1.77007377e-08 
 5.24807460e+07  1.76548302e-08 
 5.37031796e+07  1.76097795e-08 
 5.49540874e+07  1.75655777e-08 
 5.62341325e+07  1.75222169e-08 
 5.75439937e+07  1.74796896e-08 
 5.88843655e+07  1.74379885e-08 
 6.02559586e+07  1.73971068e-08 
 6.16595002e+07  1.73570377e-08 
 6.30957344e+07  1.73177749e-08 
 6.45654229e+07  1.72793124e-08 
 6.60693448e+07  1.72416443e-08 
 6.76082975e+07  1.72047654e-08 
 6.91830971e+07  1.71686705e-08 
 7.07945784e+07  1.71333550e-08 
 7.24435960e+07  1.70988145e-08 
 7.41310241e+07  1.70650449e-08 
 7.58577575e+07  1.70320428e-08 
 7.76247117e+07  1.69998049e-08 
 7.94328235e+07  1.69683284e-08 
 8.12830516e+07  1.69376110e-08 
 8.31763771e+07  1.69076507e-08 
 8.51138038e+07  1.68784460e-08 
 8.70963590e+07  1.68499959e-08 
 8.91250938e+07  1.68222999e-08 
 9.12010839e+07  1.67953579e-08 
 9.33254301e+07  1.67691704e-08 
 9.54992586e+07  1.67437385e-08 
 9.77237221e+07  1.67190637e-08 
 1.00000000e+08  1.66951480e-08 
 1.02329299e+08  1.66719944e-08 
 1.04712855e+08  1.66496061e-08 
 1.07151931e+08  1.66279871e-08 
 1.09647820e+08  1.66071421e-08 
 1.12201845e+08  1.65870765e-08 
 1.14815362e+08  1.65677963e-08 
 1.17489755e+08  1.65493084e-08 
 1.20226443e+08  1.65316204e-08 
 1.23026877e+08  1.65147406e-08 
 1.25892541e+08  1.64986783e-08 
 1.28824955e+08  1.64834437e-08 
 1.31825674e+08  1.64690478e-08 
 1.34896288e+08  1.64555026e-08 
 1.38038426e+08  1.64428210e-08 
 1.41253754e+08  1.64310170e-08 
 1.44543977e+08  1.64201058e-08 
 1.47910839e+08  1.64101034e-08 
 1.51356125e+08  1.64010273e-08 
 1.54881662e+08  1.63928960e-08 
 1.58489319e+08  1.63857293e-08 
 1.62181010e+08  1.63795484e-08 
 1.65958691e+08  1.63743758e-08 
 1.69824365e+08  1.63702354e-08 
 1.73780083e+08  1.63671527e-08 
 1.77827941e+08  1.63651548e-08 
 1.81970086e+08  1.63642702e-08 
 1.86208714e+08  1.63645293e-08 
 1.90546072e+08  1.63659642e-08 
 1.94984460e+08  1.63686090e-08 
 1.99526231e+08  1.63724996e-08 
 2.04173794e+08  1.63776739e-08 
 2.08929613e+08  1.63841721e-08 
 2.13796209e+08  1.63920363e-08 
 2.18776162e+08  1.64013113e-08 
 2.23872114e+08  1.64120440e-08 
 2.29086765e+08  1.64242841e-08 
 2.34422882e+08  1.64380837e-08 
 2.39883292e+08  1.64534978e-08 
 2.45470892e+08  1.64705842e-08 
 2.51188643e+08  1.64894038e-08 
 2.57039578e+08  1.65100207e-08 
 2.63026799e+08  1.65325022e-08 
 2.69153480e+08  1.65569190e-08 
 2.75422870e+08  1.65833457e-08 
 2.81838293e+08  1.66118603e-08 
 2.88403150e+08  1.66425450e-08 
 2.95120923e+08  1.66754861e-08 
 3.01995172e+08  1.67107741e-08 
 3.09029543e+08  1.67485041e-08 
 3.16227766e+08  1.67887760e-08 
 3.23593657e+08  1.68316944e-08 
 3.31131121e+08  1.68773693e-08 
 3.38844156e+08  1.69259159e-08 
 3.46736850e+08  1.69774553e-08 
 3.54813389e+08  1.70321140e-08 
 3.63078055e+08  1.70900252e-08 
 3.71535229e+08  1.71513281e-08 
 3.80189396e+08  1.72161687e-08 
 3.89045145e+08  1.72847001e-08 
 3.98107171e+08  1.73570826e-08 
 4.07380278e+08  1.74334839e-08 
 4.16869383e+08  1.75140799e-08 
 4.26579519e+08  1.75990544e-08 
 4.36515832e+08  1.76886000e-08 
 4.46683592e+08  1.77829179e-08 
 4.57088190e+08  1.78822187e-08 
 4.67735141e+08  1.79867225e-08 
 4.78630092e+08  1.80966591e-08 
 4.89778819e+08  1.82122685e-08 
 5.01187234e+08  1.83338013e-08 
 5.12861384e+08  1.84615188e-08 
 5.24807460e+08  1.85956931e-08 
 5.37031796e+08  1.87366080e-08 
 5.49540874e+08  1.88845585e-08 
 5.62341325e+08  1.90398513e-08 
 5.75439937e+08  1.92028048e-08 
 5.88843655e+08  1.93737492e-08 
 6.02559586e+08  1.95530265e-08 
 6.16595002e+08  1.97409900e-08 
 6.30957344e+08  1.99380044e-08 
 6.45654229e+08  2.01444452e-08 
 6.60693448e+08  2.03606980e-08 
 6.76082975e+08  2.05871578e-08 
 6.91830971e+08  2.08242279e-08 
 7.07945784e+08  2.10723183e-08 
 7.24435960e+08  2.13318445e-08 
 7.41310241e+08  2.16032247e-08 
 7.58577575e+08  2.18868781e-08 
 7.76247117e+08  2.21832214e-08 
 7.94328235e+08  2.24926652e-08 
 8.12830516e+08  2.28156102e-08 
 8.31763771e+08  2.31524420e-08 
 8.51138038e+08  2.35035255e-08 
 8.70963590e+08  2.38691986e-08 
 8.91250938e+08  2.42497649e-08 
 9.12010839e+08  2.46454852e-08 
 9.33254301e+08  2.50565684e-08 
 9.54992586e+08  2.54831613e-08 
 9.77237221e+08  2.59253377e-08 
 1.00000000e+09  2.63830859e-08 
