 1.00000000e+00 -1.07581268e-03 
 1.25892541e+00 -1.35436792e-03 
 1.58489319e+00 -1.70504819e-03 
 1.99526231e+00 -2.14652849e-03 
 2.51188643e+00 -2.70231926e-03 
 3.16227766e+00 -3.40201839e-03 
 3.98107171e+00 -4.28288740e-03 
 5.01187234e+00 -5.39183577e-03 
 6.30957344e+00 -6.78791906e-03 
 7.94328235e+00 -8.54548377e-03 
 1.00000000e+01 -1.07581266e-02 
 1.25892541e+01 -1.35436789e-02 
 1.58489319e+01 -1.70504814e-02 
 1.99526231e+01 -2.14652839e-02 
 2.51188643e+01 -2.70231906e-02 
 3.16227766e+01 -3.40201799e-02 
 3.98107171e+01 -4.28288661e-02 
 5.01187234e+01 -5.39183420e-02 
 6.30957344e+01 -6.78791592e-02 
 7.94328235e+01 -8.54547750e-02 
 1.00000000e+02 -1.07581141e-01 
 1.25892541e+02 -1.35436539e-01 
 1.58489319e+02 -1.70504315e-01 
 1.99526231e+02 -2.14651845e-01 
 2.51188643e+02 -2.70229923e-01 
 3.16227766e+02 -3.40197842e-01 
 3.98107171e+02 -4.28280766e-01 
 5.01187234e+02 -5.39167667e-01 
 6.30957344e+02 -6.78760162e-01 
 7.94328235e+02 -8.54485043e-01 
 1.00000000e+03 -1.07568631e+00 
 1.25892541e+03 -1.35411581e+00 
 1.58489319e+03 -1.70454526e+00 
 1.99526231e+03 -2.14552533e+00 
 2.51188643e+03 -2.70031867e+00 
 3.16227766e+03 -3.39802980e+00 
 3.98107171e+03 -4.27493891e+00 
 5.01187234e+03 -5.37600734e+00 
 6.30957344e+03 -6.75643426e+00 
 7.94328235e+03 -8.48296738e+00 
 1.00000000e+04 -1.06343374e+01 
 1.25892541e+04 -1.32996141e+01 
 1.58489319e+04 -1.65724367e+01 
 1.99526231e+04 -2.05381700e+01 
 2.51188643e+04 -2.52510134e+01 
 3.16227766e+04 -3.07010484e+01 
 3.98107171e+04 -3.67795457e+01 
 5.01187234e+04 -4.32626062e+01 
 6.30957344e+04 -4.98360378e+01 
 7.94328235e+04 -5.61637391e+01 
 1.00000000e+05 -6.19679050e+01 
 1.25892541e+05 -6.70788527e+01 
 1.58489319e+05 -7.14382927e+01 
 1.99526231e+05 -7.50712232e+01 
 2.51188643e+05 -7.80502744e+01 
 3.16227766e+05 -8.04671229e+01 
 3.98107171e+05 -8.24146373e+01 
 5.01187234e+05 -8.39777930e+01 
 6.30957344e+05 -8.52301860e+01 
 7.94328235e+05 -8.62335914e+01 
 1.00000000e+06 -8.70389517e+01 
 1.25892541e+06 -8.76878974e+01 
 1.58489319e+06 -8.82143540e+01 
 1.99526231e+06 -8.86460389e+01 
 2.51188643e+06 -8.90057812e+01 
 3.16227766e+06 -8.93126580e+01 
 3.98107171e+06 -8.95829713e+01 
 5.01187234e+06 -8.98310956e+01 
 6.30957344e+06 -9.00702334e+01 
 7.94328235e+06 -9.03131127e+01 
 1.00000000e+07 -9.05726613e+01 
 1.25892541e+07 -9.08626924e+01 
 1.58489319e+07 -9.11986354e+01 
 1.99526231e+07 -9.15983502e+01 
 2.51188643e+07 -9.20830628e+01 
 3.16227766e+07 -9.26784663e+01 
 3.98107171e+07 -9.34160296e+01 
 5.01187234e+07 -9.43345552e+01 
 6.30957344e+07 -9.54820109e+01 
 7.94328235e+07 -9.69176185e+01 
 1.00000000e+08 -9.87140850e+01 
 1.25892541e+08 -1.00959656e+02 
 1.58489319e+08 -1.03759260e+02 
 1.99526231e+08 -1.07233209e+02 
 2.51188643e+08 -1.11510514e+02 
 3.16227766e+08 -1.16711506e+02 
 3.98107171e+08 -1.22911102e+02 
 5.01187234e+08 -1.30070588e+02 
 6.30957344e+08 -1.37925625e+02 
 7.94328235e+08 -1.45832008e+02 
 1.00000000e+09 -1.52636421e+02 
