 1.00000000e+00 -1.07760558e-03 
 1.25892541e+00 -1.35662505e-03 
 1.58489319e+00 -1.70788975e-03 
 1.99526231e+00 -2.15010581e-03 
 2.51188643e+00 -2.70682284e-03 
 3.16227766e+00 -3.40768806e-03 
 3.98107171e+00 -4.29002509e-03 
 5.01187234e+00 -5.40082160e-03 
 6.30957344e+00 -6.79923155e-03 
 7.94328235e+00 -8.55972535e-03 
 1.00000000e+01 -1.07760557e-02 
 1.25892541e+01 -1.35662503e-02 
 1.58489319e+01 -1.70788970e-02 
 1.99526231e+01 -2.15010571e-02 
 2.51188643e+01 -2.70682264e-02 
 3.16227766e+01 -3.40768766e-02 
 3.98107171e+01 -4.29002430e-02 
 5.01187234e+01 -5.40082002e-02 
 6.30957344e+01 -6.79922839e-02 
 7.94328235e+01 -8.55971905e-02 
 1.00000000e+02 -1.07760431e-01 
 1.25892541e+02 -1.35662252e-01 
 1.58489319e+02 -1.70788470e-01 
 1.99526231e+02 -2.15009572e-01 
 2.51188643e+02 -2.70680271e-01 
 3.16227766e+02 -3.40764790e-01 
 3.98107171e+02 -4.28994496e-01 
 5.01187234e+02 -5.40066171e-01 
 6.30957344e+02 -6.79891254e-01 
 7.94328235e+02 -8.55908888e-01 
 1.00000000e+03 -1.07747859e+00 
 1.25892541e+03 -1.35637170e+00 
 1.58489319e+03 -1.70738434e+00 
 1.99526231e+03 -2.14909768e+00 
 2.51188643e+03 -2.70481236e+00 
 3.16227766e+03 -3.40367975e+00 
 3.98107171e+03 -4.28203733e+00 
 5.01187234e+03 -5.38491506e+00 
 6.30957344e+03 -6.76759168e+00 
 7.94328235e+03 -8.49690207e+00 
 1.00000000e+04 -1.06516619e+01 
 1.25892541e+04 -1.33210027e+01 
 1.58489319e+04 -1.65985632e+01 
 1.99526231e+04 -2.05695836e+01 
 2.51188643e+04 -2.52879358e+01 
 3.16227766e+04 -3.07431154e+01 
 3.98107171e+04 -3.68255976e+01 
 5.01187234e+04 -4.33106990e+01 
 6.30957344e+04 -4.98837993e+01 
 7.94328235e+04 -5.62089560e+01 
 1.00000000e+05 -6.20090331e+01 
 1.25892541e+05 -6.71152061e+01 
 1.58489319e+05 -7.14699304e+01 
 1.99526231e+05 -7.50987031e+01 
 2.51188643e+05 -7.80744227e+01 
 3.16227766e+05 -8.04888802e+01 
 3.98107171e+05 -8.24349798e+01 
 5.01187234e+05 -8.39977097e+01 
 6.30957344e+05 -8.52506893e+01 
 7.94328235e+05 -8.62557486e+01 
 1.00000000e+06 -8.70639304e+01 
 1.25892541e+06 -8.77170216e+01 
 1.58489319e+06 -8.82491714e+01 
 1.99526231e+06 -8.86884021e+01 
 2.51188643e+06 -8.90579453e+01 
 3.16227766e+06 -8.93774005e+01 
 3.98107171e+06 -8.96637395e+01 
 5.01187234e+06 -8.99321903e+01 
 6.30957344e+06 -9.01970373e+01 
 7.94328235e+06 -9.04723769e+01 
 1.00000000e+07 -9.07728640e+01 
 1.25892541e+07 -9.11144885e+01 
 1.58489319e+07 -9.15154210e+01 
 1.99526231e+07 -9.19969692e+01 
 2.51188643e+07 -9.25846913e+01 
 3.16227766e+07 -9.33097139e+01 
 3.98107171e+07 -9.42103042e+01 
 5.01187234e+07 -9.53337367e+01 
 6.30957344e+07 -9.67384662e+01 
 7.94328235e+07 -9.84965493e+01 
 1.00000000e+08 -1.00696080e+02 
 1.25892541e+08 -1.03443032e+02 
 1.58489319e+08 -1.06861041e+02 
 1.99526231e+08 -1.11085843e+02 
 2.51188643e+08 -1.16247118e+02 
 3.16227766e+08 -1.22422547e+02 
 3.98107171e+08 -1.29535491e+02 
 5.01187234e+08 -1.37156926e+02 
 6.30957344e+08 -1.44215273e+02 
 7.94328235e+08 -1.48880042e+02 
 1.00000000e+09 -1.49550100e+02 
