 1.00000000e+00  4.06591585e+01 
 1.25892541e+00  4.06591585e+01 
 1.58489319e+00  4.06591585e+01 
 1.99526231e+00  4.06591585e+01 
 2.51188643e+00  4.06591584e+01 
 3.16227766e+00  4.06591584e+01 
 3.98107171e+00  4.06591583e+01 
 5.01187234e+00  4.06591583e+01 
 6.30957344e+00  4.06591581e+01 
 7.94328235e+00  4.06591579e+01 
 1.00000000e+01  4.06591575e+01 
 1.25892541e+01  4.06591570e+01 
 1.58489319e+01  4.06591561e+01 
 1.99526231e+01  4.06591547e+01 
 2.51188643e+01  4.06591525e+01 
 3.16227766e+01  4.06591490e+01 
 3.98107171e+01  4.06591434e+01 
 5.01187234e+01  4.06591346e+01 
 6.30957344e+01  4.06591206e+01 
 7.94328235e+01  4.06590984e+01 
 1.00000000e+02  4.06590633e+01 
 1.25892541e+02  4.06590076e+01 
 1.58489319e+02  4.06589194e+01 
 1.99526231e+02  4.06587796e+01 
 2.51188643e+02  4.06585580e+01 
 3.16227766e+02  4.06582068e+01 
 3.98107171e+02  4.06576502e+01 
 5.01187234e+02  4.06567683e+01 
 6.30957344e+02  4.06553709e+01 
 7.94328235e+02  4.06531570e+01 
 1.00000000e+03  4.06496507e+01 
 1.25892541e+03  4.06440993e+01 
 1.58489319e+03  4.06353154e+01 
 1.99526231e+03  4.06214301e+01 
 2.51188643e+03  4.05995140e+01 
 3.16227766e+03  4.05650042e+01 
 3.98107171e+03  4.05108656e+01 
 5.01187234e+03  4.04264205e+01 
 6.30957344e+03  4.02958592e+01 
 7.94328235e+03  4.00966523e+01 
 1.00000000e+04  3.97985325e+01 
 1.25892541e+04  3.93643426e+01 
 1.58489319e+04  3.87543893e+01 
 1.99526231e+04  3.79349104e+01 
 2.51188643e+04  3.68882103e+01 
 3.16227766e+04  3.56190016e+01 
 3.98107171e+04  3.41526489e+01 
 5.01187234e+04  3.25265627e+01 
 6.30957344e+04  3.07802049e+01 
 7.94328235e+04  2.89482164e+01 
 1.00000000e+05  2.70576693e+01 
 1.25892541e+05  2.51281762e+01 
 1.58489319e+05  2.31732591e+01 
 1.99526231e+05  2.12019470e+01 
 2.51188643e+05  1.92201453e+01 
 3.16227766e+05  1.72316664e+01 
 3.98107171e+05  1.52389504e+01 
 5.01187234e+05  1.32435510e+01 
 6.30957344e+05  1.12464535e+01 
 7.94328235e+05  9.24828168e+00 
 1.00000000e+06  7.24942885e+00 
 1.25892541e+06  5.25014219e+00 
 1.58489319e+06  3.25057546e+00 
 1.99526231e+06  1.25082213e+00 
 2.51188643e+06 -7.49064602e-01 
 3.16227766e+06 -2.74906029e+00 
 3.98107171e+06 -4.74916401e+00 
 5.01187234e+06 -6.74939815e+00 
 6.30957344e+06 -8.74981325e+00 
 7.94328235e+06 -1.07504989e+01 
 1.00000000e+07 -1.27516031e+01 
 1.25892541e+07 -1.47533641e+01 
 1.58489319e+07 -1.67561620e+01 
 1.99526231e+07 -1.87606005e+01 
 2.51188643e+07 -2.07676371e+01 
 3.16227766e+07 -2.27787891e+01 
 3.98107171e+07 -2.47964601e+01 
 5.01187234e+07 -2.68244547e+01 
 6.30957344e+07 -2.88687903e+01 
 7.94328235e+07 -3.09389688e+01 
 1.00000000e+08 -3.30499500e+01 
 1.25892541e+08 -3.52251505e+01 
 1.58489319e+08 -3.75007895e+01 
 1.99526231e+08 -3.99314935e+01 
 2.51188643e+08 -4.25952277e+01 
 3.16227766e+08 -4.55898428e+01 
 3.98107171e+08 -4.89999866e+01 
 5.01187234e+08 -5.27957983e+01 
 6.30957344e+08 -5.66647632e+01 
 7.94328235e+08 -6.00572226e+01 
 1.00000000e+09 -6.27896731e+01 
