 1.00000000e+00  4.06592250e+01 
 1.25892541e+00  4.06592250e+01 
 1.58489319e+00  4.06592250e+01 
 1.99526231e+00  4.06592250e+01 
 2.51188643e+00  4.06592249e+01 
 3.16227766e+00  4.06592249e+01 
 3.98107171e+00  4.06592249e+01 
 5.01187234e+00  4.06592248e+01 
 6.30957344e+00  4.06592246e+01 
 7.94328235e+00  4.06592244e+01 
 1.00000000e+01  4.06592241e+01 
 1.25892541e+01  4.06592235e+01 
 1.58489319e+01  4.06592226e+01 
 1.99526231e+01  4.06592212e+01 
 2.51188643e+01  4.06592190e+01 
 3.16227766e+01  4.06592155e+01 
 3.98107171e+01  4.06592099e+01 
 5.01187234e+01  4.06592011e+01 
 6.30957344e+01  4.06591872e+01 
 7.94328235e+01  4.06591650e+01 
 1.00000000e+02  4.06591300e+01 
 1.25892541e+02  4.06590744e+01 
 1.58489319e+02  4.06589862e+01 
 1.99526231e+02  4.06588466e+01 
 2.51188643e+02  4.06586253e+01 
 3.16227766e+02  4.06582746e+01 
 3.98107171e+02  4.06577188e+01 
 5.01187234e+02  4.06568380e+01 
 6.30957344e+02  4.06554425e+01 
 7.94328235e+02  4.06532316e+01 
 1.00000000e+03  4.06497299e+01 
 1.25892541e+03  4.06441860e+01 
 1.58489319e+03  4.06354138e+01 
 1.99526231e+03  4.06215471e+01 
 2.51188643e+03  4.05996600e+01 
 3.16227766e+03  4.05651958e+01 
 3.98107171e+03  4.05111279e+01 
 5.01187234e+03  4.04267913e+01 
 6.30957344e+03  4.02963937e+01 
 7.94328235e+03  4.00974273e+01 
 1.00000000e+04  3.97996475e+01 
 1.25892541e+04  3.93659127e+01 
 1.58489319e+04  3.87565268e+01 
 1.99526231e+04  3.79376951e+01 
 2.51188643e+04  3.68916624e+01 
 3.16227766e+04  3.56230744e+01 
 3.98107171e+04  3.41572459e+01 
 5.01187234e+04  3.25315672e+01 
 6.30957344e+04  3.07855067e+01 
 7.94328235e+04  2.89537247e+01 
 1.00000000e+05  2.70633167e+01 
 1.25892541e+05  2.51339151e+01 
 1.58489319e+05  2.31790574e+01 
 1.99526231e+05  2.12077834e+01 
 2.51188643e+05  1.92260064e+01 
 3.16227766e+05  1.72375434e+01 
 3.98107171e+05  1.52448380e+01 
 5.01187234e+05  1.32494459e+01 
 6.30957344e+05  1.12523544e+01 
 7.94328235e+05  9.25418827e+00 
 1.00000000e+06  7.25534210e+00 
 1.25892541e+06  5.25606450e+00 
 1.58489319e+06  3.25651122e+00 
 1.99526231e+06  1.25677859e+00 
 2.51188643e+06 -7.43075691e-01 
 3.16227766e+06 -2.74302019e+00 
 3.98107171e+06 -4.74304293e+00 
 5.01187234e+06 -6.74314881e+00 
 6.30957344e+06 -8.74336070e+00 
 7.94328235e+06 -1.07437243e+01 
 1.00000000e+07 -1.27443181e+01 
 1.25892541e+07 -1.47452702e+01 
 1.58489319e+07 -1.67467860e+01 
 1.99526231e+07 -1.87491921e+01 
 2.51188643e+07 -2.07530072e+01 
 3.16227766e+07 -2.27590520e+01 
 3.98107171e+07 -2.47686252e+01 
 5.01187234e+07 -2.67837777e+01 
 6.30957344e+07 -2.88077413e+01 
 7.94328235e+07 -3.08455913e+01 
 1.00000000e+08 -3.29052558e+01 
 1.25892541e+08 -3.49990146e+01 
 1.58489319e+08 -3.71456332e+01 
 1.99526231e+08 -3.93731836e+01 
 2.51188643e+08 -4.17222460e+01 
 3.16227766e+08 -4.42482770e+01 
 3.98107171e+08 -4.70199466e+01 
 5.01187234e+08 -5.01064082e+01 
 6.30957344e+08 -5.35396113e+01 
 7.94328235e+08 -5.72312213e+01 
 1.00000000e+09 -6.08642259e+01 
