 1.00000000e+00  1.31847734e-05 
 1.02329299e+00  1.30555677e-05 
 1.04712855e+00  1.29276357e-05 
 1.07151931e+00  1.28009649e-05 
 1.09647820e+00  1.26755427e-05 
 1.12201845e+00  1.25513567e-05 
 1.14815362e+00  1.24283946e-05 
 1.17489755e+00  1.23066443e-05 
 1.20226443e+00  1.21860937e-05 
 1.23026877e+00  1.20667310e-05 
 1.25892541e+00  1.19485443e-05 
 1.28824955e+00  1.18315219e-05 
 1.31825674e+00  1.17156524e-05 
 1.34896288e+00  1.16009242e-05 
 1.38038426e+00  1.14873260e-05 
 1.41253754e+00  1.13748467e-05 
 1.44543977e+00  1.12634751e-05 
 1.47910839e+00  1.11532002e-05 
 1.51356125e+00  1.10440111e-05 
 1.54881662e+00  1.09358972e-05 
 1.58489319e+00  1.08288477e-05 
 1.62181010e+00  1.07228520e-05 
 1.65958691e+00  1.06178997e-05 
 1.69824365e+00  1.05139805e-05 
 1.73780083e+00  1.04110841e-05 
 1.77827941e+00  1.03092004e-05 
 1.81970086e+00  1.02083194e-05 
 1.86208714e+00  1.01084310e-05 
 1.90546072e+00  1.00095255e-05 
 1.94984460e+00  9.91159315e-06 
 1.99526231e+00  9.81462427e-06 
 2.04173794e+00  9.71860932e-06 
 2.08929613e+00  9.62353886e-06 
 2.13796209e+00  9.52940352e-06 
 2.18776162e+00  9.43619405e-06 
 2.23872114e+00  9.34390128e-06 
 2.29086765e+00  9.25251612e-06 
 2.34422882e+00  9.16202958e-06 
 2.39883292e+00  9.07243278e-06 
 2.45470892e+00  8.98371689e-06 
 2.51188643e+00  8.89587321e-06 
 2.57039578e+00  8.80889308e-06 
 2.63026799e+00  8.72276797e-06 
 2.69153480e+00  8.63748942e-06 
 2.75422870e+00  8.55304903e-06 
 2.81838293e+00  8.46943853e-06 
 2.88403150e+00  8.38664970e-06 
 2.95120923e+00  8.30467440e-06 
 3.01995172e+00  8.22350459e-06 
 3.09029543e+00  8.14313230e-06 
 3.16227766e+00  8.06354965e-06 
 3.23593657e+00  7.98474881e-06 
 3.31131121e+00  7.90672207e-06 
 3.38844156e+00  7.82946175e-06 
 3.46736850e+00  7.75296030e-06 
 3.54813389e+00  7.67721019e-06 
 3.63078055e+00  7.60220401e-06 
 3.71535229e+00  7.52793440e-06 
 3.80189396e+00  7.45439408e-06 
 3.89045145e+00  7.38157583e-06 
 3.98107171e+00  7.30947253e-06 
 4.07380278e+00  7.23807711e-06 
 4.16869383e+00  7.16738257e-06 
 4.26579519e+00  7.09738199e-06 
 4.36515832e+00  7.02806850e-06 
 4.46683592e+00  6.95943533e-06 
 4.57088190e+00  6.89147576e-06 
 4.67735141e+00  6.82418312e-06 
 4.78630092e+00  6.75755083e-06 
 4.89778819e+00  6.69157237e-06 
 5.01187234e+00  6.62624129e-06 
 5.12861384e+00  6.56155118e-06 
 5.24807460e+00  6.49749573e-06 
 5.37031796e+00  6.43406866e-06 
 5.49540874e+00  6.37126378e-06 
 5.62341325e+00  6.30907494e-06 
 5.75439937e+00  6.24749605e-06 
 5.88843655e+00  6.18652111e-06 
 6.02559586e+00  6.12614415e-06 
 6.16595002e+00  6.06635927e-06 
 6.30957344e+00  6.00716062e-06 
 6.45654229e+00  5.94854243e-06 
 6.60693448e+00  5.89049896e-06 
 6.76082975e+00  5.83302455e-06 
 6.91830971e+00  5.77611358e-06 
 7.07945784e+00  5.71976050e-06 
 7.24435960e+00  5.66395980e-06 
 7.41310241e+00  5.60870604e-06 
 7.58577575e+00  5.55399382e-06 
 7.76247117e+00  5.49981781e-06 
 7.94328235e+00  5.44617271e-06 
 8.12830516e+00  5.39305329e-06 
 8.31763771e+00  5.34045437e-06 
 8.51138038e+00  5.28837083e-06 
 8.70963590e+00  5.23679757e-06 
 8.91250938e+00  5.18572957e-06 
 9.12010839e+00  5.13516185e-06 
 9.33254301e+00  5.08508949e-06 
 9.54992586e+00  5.03550759e-06 
 9.77237221e+00  4.98641134e-06 
 1.00000000e+01  4.93779593e-06 
 1.02329299e+01  4.88965664e-06 
 1.04712855e+01  4.84198878e-06 
 1.07151931e+01  4.79478770e-06 
 1.09647820e+01  4.74804881e-06 
 1.12201845e+01  4.70176755e-06 
 1.14815362e+01  4.65593942e-06 
 1.17489755e+01  4.61055995e-06 
 1.20226443e+01  4.56562473e-06 
 1.23026877e+01  4.52112938e-06 
 1.25892541e+01  4.47706958e-06 
 1.28824955e+01  4.43344104e-06 
 1.31825674e+01  4.39023950e-06 
 1.34896288e+01  4.34746077e-06 
 1.38038426e+01  4.30510069e-06 
 1.41253754e+01  4.26315514e-06 
 1.44543977e+01  4.22162004e-06 
 1.47910839e+01  4.18049134e-06 
 1.51356125e+01  4.13976506e-06 
 1.54881662e+01  4.09943723e-06 
 1.58489319e+01  4.05950393e-06 
 1.62181010e+01  4.01996128e-06 
 1.65958691e+01  3.98080544e-06 
 1.69824365e+01  3.94203260e-06 
 1.73780083e+01  3.90363900e-06 
 1.77827941e+01  3.86562091e-06 
 1.81970086e+01  3.82797464e-06 
 1.86208714e+01  3.79069652e-06 
 1.90546072e+01  3.75378295e-06 
 1.94984460e+01  3.71723033e-06 
 1.99526231e+01  3.68103512e-06 
 2.04173794e+01  3.64519380e-06 
 2.08929613e+01  3.60970290e-06 
 2.13796209e+01  3.57455897e-06 
 2.18776162e+01  3.53975861e-06 
 2.23872114e+01  3.50529842e-06 
 2.29086765e+01  3.47117509e-06 
 2.34422882e+01  3.43738528e-06 
 2.39883292e+01  3.40392573e-06 
 2.45470892e+01  3.37079319e-06 
 2.51188643e+01  3.33798445e-06 
 2.57039578e+01  3.30549633e-06 
 2.63026799e+01  3.27332568e-06 
 2.69153480e+01  3.24146938e-06 
 2.75422870e+01  3.20992434e-06 
 2.81838293e+01  3.17868751e-06 
 2.88403150e+01  3.14775586e-06 
 2.95120923e+01  3.11712640e-06 
 3.01995172e+01  3.08679615e-06 
 3.09029543e+01  3.05676218e-06 
 3.16227766e+01  3.02702158e-06 
 3.23593657e+01  2.99757147e-06 
 3.31131121e+01  2.96840900e-06 
 3.38844156e+01  2.93953134e-06 
 3.46736850e+01  2.91093571e-06 
 3.54813389e+01  2.88261933e-06 
 3.63078055e+01  2.85457946e-06 
 3.71535229e+01  2.82681339e-06 
 3.80189396e+01  2.79931843e-06 
 3.89045145e+01  2.77209192e-06 
 3.98107171e+01  2.74513124e-06 
 4.07380278e+01  2.71843376e-06 
 4.16869383e+01  2.69199692e-06 
 4.26579519e+01  2.66581814e-06 
 4.36515832e+01  2.63989491e-06 
 4.46683592e+01  2.61422471e-06 
 4.57088190e+01  2.58880507e-06 
 4.67735141e+01  2.56363352e-06 
 4.78630092e+01  2.53870764e-06 
 4.89778819e+01  2.51402501e-06 
 5.01187234e+01  2.48958325e-06 
 5.12861384e+01  2.46538000e-06 
 5.24807460e+01  2.44141292e-06 
 5.37031796e+01  2.41767969e-06 
 5.49540874e+01  2.39417803e-06 
 5.62341325e+01  2.37090566e-06 
 5.75439937e+01  2.34786034e-06 
 5.88843655e+01  2.32503983e-06 
 6.02559586e+01  2.30244195e-06 
 6.16595002e+01  2.28006450e-06 
 6.30957344e+01  2.25790533e-06 
 6.45654229e+01  2.23596229e-06 
 6.60693448e+01  2.21423328e-06 
 6.76082975e+01  2.19271619e-06 
 6.91830971e+01  2.17140894e-06 
 7.07945784e+01  2.15030949e-06 
 7.24435960e+01  2.12941579e-06 
 7.41310241e+01  2.10872584e-06 
 7.58577575e+01  2.08823763e-06 
 7.76247117e+01  2.06794919e-06 
 7.94328235e+01  2.04785856e-06 
 8.12830516e+01  2.02796382e-06 
 8.31763771e+01  2.00826303e-06 
 8.51138038e+01  1.98875430e-06 
 8.70963590e+01  1.96943575e-06 
 8.91250938e+01  1.95030551e-06 
 9.12010839e+01  1.93136176e-06 
 9.33254301e+01  1.91260265e-06 
 9.54992586e+01  1.89402638e-06 
 9.77237221e+01  1.87563117e-06 
 1.00000000e+02  1.85741523e-06 
 1.02329299e+02  1.83937682e-06 
 1.04712855e+02  1.82151420e-06 
 1.07151931e+02  1.80382565e-06 
 1.09647820e+02  1.78630946e-06 
 1.12201845e+02  1.76896395e-06 
 1.14815362e+02  1.75178746e-06 
 1.17489755e+02  1.73477831e-06 
 1.20226443e+02  1.71793489e-06 
 1.23026877e+02  1.70125556e-06 
 1.25892541e+02  1.68473873e-06 
 1.28824955e+02  1.66838280e-06 
 1.31825674e+02  1.65218620e-06 
 1.34896288e+02  1.63614737e-06 
 1.38038426e+02  1.62026476e-06 
 1.41253754e+02  1.60453686e-06 
 1.44543977e+02  1.58896215e-06 
 1.47910839e+02  1.57353913e-06 
 1.51356125e+02  1.55826632e-06 
 1.54881662e+02  1.54314224e-06 
 1.58489319e+02  1.52816545e-06 
 1.62181010e+02  1.51333451e-06 
 1.65958691e+02  1.49864798e-06 
 1.69824365e+02  1.48410447e-06 
 1.73780083e+02  1.46970256e-06 
 1.77827941e+02  1.45544088e-06 
 1.81970086e+02  1.44131806e-06 
 1.86208714e+02  1.42733274e-06 
 1.90546072e+02  1.41348357e-06 
 1.94984460e+02  1.39976923e-06 
 1.99526231e+02  1.38618839e-06 
 2.04173794e+02  1.37273976e-06 
 2.08929613e+02  1.35942205e-06 
 2.13796209e+02  1.34623396e-06 
 2.18776162e+02  1.33317425e-06 
 2.23872114e+02  1.32024164e-06 
 2.29086765e+02  1.30743491e-06 
 2.34422882e+02  1.29475283e-06 
 2.39883292e+02  1.28219416e-06 
 2.45470892e+02  1.26975772e-06 
 2.51188643e+02  1.25744231e-06 
 2.57039578e+02  1.24524673e-06 
 2.63026799e+02  1.23316984e-06 
 2.69153480e+02  1.22121046e-06 
 2.75422870e+02  1.20936745e-06 
 2.81838293e+02  1.19763967e-06 
 2.88403150e+02  1.18602600e-06 
 2.95120923e+02  1.17452533e-06 
 3.01995172e+02  1.16313654e-06 
 3.09029543e+02  1.15185856e-06 
 3.16227766e+02  1.14069029e-06 
 3.23593657e+02  1.12963067e-06 
 3.31131121e+02  1.11867864e-06 
 3.38844156e+02  1.10783314e-06 
 3.46736850e+02  1.09709314e-06 
 3.54813389e+02  1.08645762e-06 
 3.63078055e+02  1.07592553e-06 
 3.71535229e+02  1.06549589e-06 
 3.80189396e+02  1.05516769e-06 
 3.89045145e+02  1.04493994e-06 
 3.98107171e+02  1.03481167e-06 
 4.07380278e+02  1.02478189e-06 
 4.16869383e+02  1.01484965e-06 
 4.26579519e+02  1.00501400e-06 
 4.36515832e+02  9.95274000e-07 
 4.46683592e+02  9.85628713e-07 
 4.57088190e+02  9.76077216e-07 
 4.67735141e+02  9.66618596e-07 
 4.78630092e+02  9.57251946e-07 
 4.89778819e+02  9.47976370e-07 
 5.01187234e+02  9.38790980e-07 
 5.12861384e+02  9.29694896e-07 
 5.24807460e+02  9.20687249e-07 
 5.37031796e+02  9.11767176e-07 
 5.49540874e+02  9.02933824e-07 
 5.62341325e+02  8.94186347e-07 
 5.75439937e+02  8.85523909e-07 
 5.88843655e+02  8.76945680e-07 
 6.02559586e+02  8.68450841e-07 
 6.16595002e+02  8.60038578e-07 
 6.30957344e+02  8.51708086e-07 
 6.45654229e+02  8.43458570e-07 
 6.60693448e+02  8.35289241e-07 
 6.76082975e+02  8.27199316e-07 
 6.91830971e+02  8.19188023e-07 
 7.07945784e+02  8.11254595e-07 
 7.24435960e+02  8.03398275e-07 
 7.41310241e+02  7.95618310e-07 
 7.58577575e+02  7.87913958e-07 
 7.76247117e+02  7.80284482e-07 
 7.94328235e+02  7.72729152e-07 
 8.12830516e+02  7.65247247e-07 
 8.31763771e+02  7.57838052e-07 
 8.51138038e+02  7.50500859e-07 
 8.70963590e+02  7.43234966e-07 
 8.91250938e+02  7.36039680e-07 
 9.12010839e+02  7.28914313e-07 
 9.33254301e+02  7.21858184e-07 
 9.54992586e+02  7.14870620e-07 
 9.77237221e+02  7.07950953e-07 
 1.00000000e+03  7.01098523e-07 
 1.02329299e+03  6.94312674e-07 
 1.04712855e+03  6.87592759e-07 
 1.07151931e+03  6.80938136e-07 
 1.09647820e+03  6.74348170e-07 
 1.12201845e+03  6.67822232e-07 
 1.14815362e+03  6.61359698e-07 
 1.17489755e+03  6.54959952e-07 
 1.20226443e+03  6.48622383e-07 
 1.23026877e+03  6.42346387e-07 
 1.25892541e+03  6.36131363e-07 
 1.28824955e+03  6.29976719e-07 
 1.31825674e+03  6.23881868e-07 
 1.34896288e+03  6.17846228e-07 
 1.38038426e+03  6.11869224e-07 
 1.41253754e+03  6.05950284e-07 
 1.44543977e+03  6.00088845e-07 
 1.47910839e+03  5.94284348e-07 
 1.51356125e+03  5.88536238e-07 
 1.54881662e+03  5.82843967e-07 
 1.58489319e+03  5.77206993e-07 
 1.62181010e+03  5.71624777e-07 
 1.65958691e+03  5.66096789e-07 
 1.69824365e+03  5.60622500e-07 
 1.73780083e+03  5.55201388e-07 
 1.77827941e+03  5.49832938e-07 
 1.81970086e+03  5.44516636e-07 
 1.86208714e+03  5.39251976e-07 
 1.90546072e+03  5.34038457e-07 
 1.94984460e+03  5.28875581e-07 
 1.99526231e+03  5.23762857e-07 
 2.04173794e+03  5.18699796e-07 
 2.08929613e+03  5.13685918e-07 
 2.13796209e+03  5.08720743e-07 
 2.18776162e+03  5.03803799e-07 
 2.23872114e+03  4.98934617e-07 
 2.29086765e+03  4.94112734e-07 
 2.34422882e+03  4.89337689e-07 
 2.39883292e+03  4.84609029e-07 
 2.45470892e+03  4.79926303e-07 
 2.51188643e+03  4.75289064e-07 
 2.57039578e+03  4.70696872e-07 
 2.63026799e+03  4.66149288e-07 
 2.69153480e+03  4.61645880e-07 
 2.75422870e+03  4.57186219e-07 
 2.81838293e+03  4.52769880e-07 
 2.88403150e+03  4.48396443e-07 
 2.95120923e+03  4.44065491e-07 
 3.01995172e+03  4.39776612e-07 
 3.09029543e+03  4.35529399e-07 
 3.16227766e+03  4.31323446e-07 
 3.23593657e+03  4.27158353e-07 
 3.31131121e+03  4.23033723e-07 
 3.38844156e+03  4.18949166e-07 
 3.46736850e+03  4.14904290e-07 
 3.54813389e+03  4.10898713e-07 
 3.63078055e+03  4.06932052e-07 
 3.71535229e+03  4.03003929e-07 
 3.80189396e+03  3.99113973e-07 
 3.89045145e+03  3.95261811e-07 
 3.98107171e+03  3.91447079e-07 
 4.07380278e+03  3.87669412e-07 
 4.16869383e+03  3.83928453e-07 
 4.26579519e+03  3.80223844e-07 
 4.36515832e+03  3.76555233e-07 
 4.46683592e+03  3.72922272e-07 
 4.57088190e+03  3.69324615e-07 
 4.67735141e+03  3.65761920e-07 
 4.78630092e+03  3.62233849e-07 
 4.89778819e+03  3.58740065e-07 
 5.01187234e+03  3.55280237e-07 
 5.12861384e+03  3.51854035e-07 
 5.24807460e+03  3.48461135e-07 
 5.37031796e+03  3.45101212e-07 
 5.49540874e+03  3.41773949e-07 
 5.62341325e+03  3.38479029e-07 
 5.75439937e+03  3.35216139e-07 
 5.88843655e+03  3.31984968e-07 
 6.02559586e+03  3.28785209e-07 
 6.16595002e+03  3.25616559e-07 
 6.30957344e+03  3.22478717e-07 
 6.45654229e+03  3.19371383e-07 
 6.60693448e+03  3.16294263e-07 
 6.76082975e+03  3.13247065e-07 
 6.91830971e+03  3.10229499e-07 
 7.07945784e+03  3.07241279e-07 
 7.24435960e+03  3.04282120e-07 
 7.41310241e+03  3.01351742e-07 
 7.58577575e+03  2.98449866e-07 
 7.76247117e+03  2.95576216e-07 
 7.94328235e+03  2.92730520e-07 
 8.12830516e+03  2.89912507e-07 
 8.31763771e+03  2.87121910e-07 
 8.51138038e+03  2.84358464e-07 
 8.70963590e+03  2.81621906e-07 
 8.91250938e+03  2.78911977e-07 
 9.12010839e+03  2.76228419e-07 
 9.33254301e+03  2.73570978e-07 
 9.54992586e+03  2.70939401e-07 
 9.77237221e+03  2.68333438e-07 
 1.00000000e+04  2.65752842e-07 
 1.02329299e+04  2.63197368e-07 
 1.04712855e+04  2.60666774e-07 
 1.07151931e+04  2.58160819e-07 
 1.09647820e+04  2.55679265e-07 
 1.12201845e+04  2.53221878e-07 
 1.14815362e+04  2.50788423e-07 
 1.17489755e+04  2.48378670e-07 
 1.20226443e+04  2.45992391e-07 
 1.23026877e+04  2.43629358e-07 
 1.25892541e+04  2.41289347e-07 
 1.28824955e+04  2.38972138e-07 
 1.31825674e+04  2.36677509e-07 
 1.34896288e+04  2.34405243e-07 
 1.38038426e+04  2.32155124e-07 
 1.41253754e+04  2.29926939e-07 
 1.44543977e+04  2.27720478e-07 
 1.47910839e+04  2.25535529e-07 
 1.51356125e+04  2.23371887e-07 
 1.54881662e+04  2.21229346e-07 
 1.58489319e+04  2.19107702e-07 
 1.62181010e+04  2.17006755e-07 
 1.65958691e+04  2.14926305e-07 
 1.69824365e+04  2.12866155e-07 
 1.73780083e+04  2.10826110e-07 
 1.77827941e+04  2.08805977e-07 
 1.81970086e+04  2.06805562e-07 
 1.86208714e+04  2.04824678e-07 
 1.90546072e+04  2.02863136e-07 
 1.94984460e+04  2.00920751e-07 
 1.99526231e+04  1.98997337e-07 
 2.04173794e+04  1.97092713e-07 
 2.08929613e+04  1.95206699e-07 
 2.13796209e+04  1.93339115e-07 
 2.18776162e+04  1.91489784e-07 
 2.23872114e+04  1.89658531e-07 
 2.29086765e+04  1.87845183e-07 
 2.34422882e+04  1.86049568e-07 
 2.39883292e+04  1.84271515e-07 
 2.45470892e+04  1.82510856e-07 
 2.51188643e+04  1.80767424e-07 
 2.57039578e+04  1.79041055e-07 
 2.63026799e+04  1.77331583e-07 
 2.69153480e+04  1.75638848e-07 
 2.75422870e+04  1.73962688e-07 
 2.81838293e+04  1.72302946e-07 
 2.88403150e+04  1.70659464e-07 
 2.95120923e+04  1.69032086e-07 
 3.01995172e+04  1.67420657e-07 
 3.09029543e+04  1.65825026e-07 
 3.16227766e+04  1.64245041e-07 
 3.23593657e+04  1.62680552e-07 
 3.31131121e+04  1.61131411e-07 
 3.38844156e+04  1.59597472e-07 
 3.46736850e+04  1.58078589e-07 
 3.54813389e+04  1.56574618e-07 
 3.63078055e+04  1.55085416e-07 
 3.71535229e+04  1.53610843e-07 
 3.80189396e+04  1.52150759e-07 
 3.89045145e+04  1.50705026e-07 
 3.98107171e+04  1.49273506e-07 
 4.07380278e+04  1.47856065e-07 
 4.16869383e+04  1.46452567e-07 
 4.26579519e+04  1.45062880e-07 
 4.36515832e+04  1.43686872e-07 
 4.46683592e+04  1.42324413e-07 
 4.57088190e+04  1.40975373e-07 
 4.67735141e+04  1.39639626e-07 
 4.78630092e+04  1.38317044e-07 
 4.89778819e+04  1.37007502e-07 
 5.01187234e+04  1.35710876e-07 
 5.12861384e+04  1.34427044e-07 
 5.24807460e+04  1.33155883e-07 
 5.37031796e+04  1.31897274e-07 
 5.49540874e+04  1.30651097e-07 
 5.62341325e+04  1.29417233e-07 
 5.75439937e+04  1.28195567e-07 
 5.88843655e+04  1.26985982e-07 
 6.02559586e+04  1.25788364e-07 
 6.16595002e+04  1.24602599e-07 
 6.30957344e+04  1.23428575e-07 
 6.45654229e+04  1.22266181e-07 
 6.60693448e+04  1.21115306e-07 
 6.76082975e+04  1.19975842e-07 
 6.91830971e+04  1.18847681e-07 
 7.07945784e+04  1.17730715e-07 
 7.24435960e+04  1.16624839e-07 
 7.41310241e+04  1.15529948e-07 
 7.58577575e+04  1.14445939e-07 
 7.76247117e+04  1.13372708e-07 
 7.94328235e+04  1.12310154e-07 
 8.12830516e+04  1.11258176e-07 
 8.31763771e+04  1.10216674e-07 
 8.51138038e+04  1.09185550e-07 
 8.70963590e+04  1.08164706e-07 
 8.91250938e+04  1.07154045e-07 
 9.12010839e+04  1.06153472e-07 
 9.33254301e+04  1.05162890e-07 
 9.54992586e+04  1.04182208e-07 
 9.77237221e+04  1.03211330e-07 
 1.00000000e+05  1.02250166e-07 
 1.02329299e+05  1.01298625e-07 
 1.04712855e+05  1.00356615e-07 
 1.07151931e+05  9.94240477e-08 
 1.09647820e+05  9.85008345e-08 
 1.12201845e+05  9.75868876e-08 
 1.14815362e+05  9.66821205e-08 
 1.17489755e+05  9.57864471e-08 
 1.20226443e+05  9.48997825e-08 
 1.23026877e+05  9.40220424e-08 
 1.25892541e+05  9.31531434e-08 
 1.28824955e+05  9.22930031e-08 
 1.31825674e+05  9.14415396e-08 
 1.34896288e+05  9.05986722e-08 
 1.38038426e+05  8.97643207e-08 
 1.41253754e+05  8.89384057e-08 
 1.44543977e+05  8.81208487e-08 
 1.47910839e+05  8.73115721e-08 
 1.51356125e+05  8.65104987e-08 
 1.54881662e+05  8.57175525e-08 
 1.58489319e+05  8.49326578e-08 
 1.62181010e+05  8.41557401e-08 
 1.65958691e+05  8.33867253e-08 
 1.69824365e+05  8.26255401e-08 
 1.73780083e+05  8.18721121e-08 
 1.77827941e+05  8.11263695e-08 
 1.81970086e+05  8.03882412e-08 
 1.86208714e+05  7.96576567e-08 
 1.90546072e+05  7.89345464e-08 
 1.94984460e+05  7.82188414e-08 
 1.99526231e+05  7.75104731e-08 
 2.04173794e+05  7.68093741e-08 
 2.08929613e+05  7.61154773e-08 
 2.13796209e+05  7.54287165e-08 
 2.18776162e+05  7.47490259e-08 
 2.23872114e+05  7.40763406e-08 
 2.29086765e+05  7.34105961e-08 
 2.34422882e+05  7.27517288e-08 
 2.39883292e+05  7.20996754e-08 
 2.45470892e+05  7.14543736e-08 
 2.51188643e+05  7.08157615e-08 
 2.57039578e+05  7.01837778e-08 
 2.63026799e+05  6.95583617e-08 
 2.69153480e+05  6.89394534e-08 
 2.75422870e+05  6.83269931e-08 
 2.81838293e+05  6.77209222e-08 
 2.88403150e+05  6.71211822e-08 
 2.95120923e+05  6.65277154e-08 
 3.01995172e+05  6.59404646e-08 
 3.09029543e+05  6.53593732e-08 
 3.16227766e+05  6.47843851e-08 
 3.23593657e+05  6.42154448e-08 
 3.31131121e+05  6.36524973e-08 
 3.38844156e+05  6.30954881e-08 
 3.46736850e+05  6.25443632e-08 
 3.54813389e+05  6.19990694e-08 
 3.63078055e+05  6.14595537e-08 
 3.71535229e+05  6.09257637e-08 
 3.80189396e+05  6.03976476e-08 
 3.89045145e+05  5.98751539e-08 
 3.98107171e+05  5.93582319e-08 
 4.07380278e+05  5.88468311e-08 
 4.16869383e+05  5.83409016e-08 
 4.26579519e+05  5.78403940e-08 
 4.36515832e+05  5.73452592e-08 
 4.46683592e+05  5.68554490e-08 
 4.57088190e+05  5.63709151e-08 
 4.67735141e+05  5.58916100e-08 
 4.78630092e+05  5.54174867e-08 
 4.89778819e+05  5.49484983e-08 
 5.01187234e+05  5.44845988e-08 
 5.12861384e+05  5.40257422e-08 
 5.24807460e+05  5.35718831e-08 
 5.37031796e+05  5.31229768e-08 
 5.49540874e+05  5.26789785e-08 
 5.62341325e+05  5.22398442e-08 
 5.75439937e+05  5.18055302e-08 
 5.88843655e+05  5.13759931e-08 
 6.02559586e+05  5.09511900e-08 
 6.16595002e+05  5.05310785e-08 
 6.30957344e+05  5.01156164e-08 
 6.45654229e+05  4.97047619e-08 
 6.60693448e+05  4.92984737e-08 
 6.76082975e+05  4.88967108e-08 
 6.91830971e+05  4.84994326e-08 
 7.07945784e+05  4.81065987e-08 
 7.24435960e+05  4.77181694e-08 
 7.41310241e+05  4.73341050e-08 
 7.58577575e+05  4.69543663e-08 
 7.76247117e+05  4.65789146e-08 
 7.94328235e+05  4.62077112e-08 
 8.12830516e+05  4.58407181e-08 
 8.31763771e+05  4.54778974e-08 
 8.51138038e+05  4.51192115e-08 
 8.70963590e+05  4.47646233e-08 
 8.91250938e+05  4.44140959e-08 
 9.12010839e+05  4.40675927e-08 
 9.33254301e+05  4.37250775e-08 
 9.54992586e+05  4.33865144e-08 
 9.77237221e+05  4.30518676e-08 
 1.00000000e+06  4.27211019e-08 
 1.02329299e+06  4.23941822e-08 
 1.04712855e+06  4.20710738e-08 
 1.07151931e+06  4.17517421e-08 
 1.09647820e+06  4.14361530e-08 
 1.12201845e+06  4.11242724e-08 
 1.14815362e+06  4.08160669e-08 
 1.17489755e+06  4.05115030e-08 
 1.20226443e+06  4.02105475e-08 
 1.23026877e+06  3.99131676e-08 
 1.25892541e+06  3.96193308e-08 
 1.28824955e+06  3.93290046e-08 
 1.31825674e+06  3.90421570e-08 
 1.34896288e+06  3.87587561e-08 
 1.38038426e+06  3.84787703e-08 
 1.41253754e+06  3.82021683e-08 
 1.44543977e+06  3.79289188e-08 
 1.47910839e+06  3.76589910e-08 
 1.51356125e+06  3.73923543e-08 
 1.54881662e+06  3.71289781e-08 
 1.58489319e+06  3.68688323e-08 
 1.62181010e+06  3.66118868e-08 
 1.65958691e+06  3.63581118e-08 
 1.69824365e+06  3.61074778e-08 
 1.73780083e+06  3.58599553e-08 
 1.77827941e+06  3.56155153e-08 
 1.81970086e+06  3.53741287e-08 
 1.86208714e+06  3.51357668e-08 
 1.90546072e+06  3.49004011e-08 
 1.94984460e+06  3.46680031e-08 
 1.99526231e+06  3.44385447e-08 
 2.04173794e+06  3.42119979e-08 
 2.08929613e+06  3.39883348e-08 
 2.13796209e+06  3.37675280e-08 
 2.18776162e+06  3.35495499e-08 
 2.23872114e+06  3.33343734e-08 
 2.29086765e+06  3.31219712e-08 
 2.34422882e+06  3.29123166e-08 
 2.39883292e+06  3.27053828e-08 
 2.45470892e+06  3.25011433e-08 
 2.51188643e+06  3.22995717e-08 
 2.57039578e+06  3.21006417e-08 
 2.63026799e+06  3.19043273e-08 
 2.69153480e+06  3.17106027e-08 
 2.75422870e+06  3.15194421e-08 
 2.81838293e+06  3.13308199e-08 
 2.88403150e+06  3.11447108e-08 
 2.95120923e+06  3.09610895e-08 
 3.01995172e+06  3.07799310e-08 
 3.09029543e+06  3.06012102e-08 
 3.16227766e+06  3.04249024e-08 
 3.23593657e+06  3.02509831e-08 
 3.31131121e+06  3.00794276e-08 
 3.38844156e+06  2.99102118e-08 
 3.46736850e+06  2.97433113e-08 
 3.54813389e+06  2.95787023e-08 
 3.63078055e+06  2.94163608e-08 
 3.71535229e+06  2.92562631e-08 
 3.80189396e+06  2.90983856e-08 
 3.89045145e+06  2.89427049e-08 
 3.98107171e+06  2.87891976e-08 
 4.07380278e+06  2.86378407e-08 
 4.16869383e+06  2.84886111e-08 
 4.26579519e+06  2.83414860e-08 
 4.36515832e+06  2.81964426e-08 
 4.46683592e+06  2.80534585e-08 
 4.57088190e+06  2.79125110e-08 
 4.67735141e+06  2.77735781e-08 
 4.78630092e+06  2.76366374e-08 
 4.89778819e+06  2.75016671e-08 
 5.01187234e+06  2.73686453e-08 
 5.12861384e+06  2.72375502e-08 
 5.24807460e+06  2.71083603e-08 
 5.37031796e+06  2.69810542e-08 
 5.49540874e+06  2.68556105e-08 
 5.62341325e+06  2.67320082e-08 
 5.75439937e+06  2.66102262e-08 
 5.88843655e+06  2.64902437e-08 
 6.02559586e+06  2.63720401e-08 
 6.16595002e+06  2.62555946e-08 
 6.30957344e+06  2.61408870e-08 
 6.45654229e+06  2.60278970e-08 
 6.60693448e+06  2.59166044e-08 
 6.76082975e+06  2.58069894e-08 
 6.91830971e+06  2.56990320e-08 
 7.07945784e+06  2.55927126e-08 
 7.24435960e+06  2.54880118e-08 
 7.41310241e+06  2.53849101e-08 
 7.58577575e+06  2.52833884e-08 
 7.76247117e+06  2.51834276e-08 
 7.94328235e+06  2.50850088e-08 
 8.12830516e+06  2.49881132e-08 
 8.31763771e+06  2.48927224e-08 
 8.51138038e+06  2.47988179e-08 
 8.70963590e+06  2.47063813e-08 
 8.91250938e+06  2.46153947e-08 
 9.12010839e+06  2.45258401e-08 
 9.33254301e+06  2.44376996e-08 
 9.54992586e+06  2.43509558e-08 
 9.77237221e+06  2.42655912e-08 
 1.00000000e+07  2.41815884e-08 
 1.02329299e+07  2.40989305e-08 
 1.04712855e+07  2.40176004e-08 
 1.07151931e+07  2.39375815e-08 
 1.09647820e+07  2.38588571e-08 
 1.12201845e+07  2.37814108e-08 
 1.14815362e+07  2.37052265e-08 
 1.17489755e+07  2.36302880e-08 
 1.20226443e+07  2.35565795e-08 
 1.23026877e+07  2.34840853e-08 
 1.25892541e+07  2.34127900e-08 
 1.28824955e+07  2.33426781e-08 
 1.31825674e+07  2.32737347e-08 
 1.34896288e+07  2.32059447e-08 
 1.38038426e+07  2.31392935e-08 
 1.41253754e+07  2.30737665e-08 
 1.44543977e+07  2.30093493e-08 
 1.47910839e+07  2.29460278e-08 
 1.51356125e+07  2.28837882e-08 
 1.54881662e+07  2.28226165e-08 
 1.58489319e+07  2.27624995e-08 
 1.62181010e+07  2.27034236e-08 
 1.65958691e+07  2.26453758e-08 
 1.69824365e+07  2.25883433e-08 
 1.73780083e+07  2.25323134e-08 
 1.77827941e+07  2.24772736e-08 
 1.81970086e+07  2.24232117e-08 
 1.86208714e+07  2.23701158e-08 
 1.90546072e+07  2.23179740e-08 
 1.94984460e+07  2.22667749e-08 
 1.99526231e+07  2.22165072e-08 
 2.04173794e+07  2.21671599e-08 
 2.08929613e+07  2.21187221e-08 
 2.13796209e+07  2.20711834e-08 
 2.18776162e+07  2.20245335e-08 
 2.23872114e+07  2.19787623e-08 
 2.29086765e+07  2.19338602e-08 
 2.34422882e+07  2.18898176e-08 
 2.39883292e+07  2.18466254e-08 
 2.45470892e+07  2.18042746e-08 
 2.51188643e+07  2.17627566e-08 
 2.57039578e+07  2.17220631e-08 
 2.63026799e+07  2.16821861e-08 
 2.69153480e+07  2.16431178e-08 
 2.75422870e+07  2.16048509e-08 
 2.81838293e+07  2.15673782e-08 
 2.88403150e+07  2.15306931e-08 
 2.95120923e+07  2.14947891e-08 
 3.01995172e+07  2.14596601e-08 
 3.09029543e+07  2.14253005e-08 
 3.16227766e+07  2.13917049e-08 
 3.23593657e+07  2.13588683e-08 
 3.31131121e+07  2.13267864e-08 
 3.38844156e+07  2.12954546e-08 
 3.46736850e+07  2.12648690e-08 
 3.54813389e+07  2.12350268e-08 
 3.63078055e+07  2.12059250e-08 
 3.71535229e+07  2.11775609e-08 
 3.80189396e+07  2.11499327e-08 
 3.89045145e+07  2.11230387e-08 
 3.98107171e+07  2.10968779e-08 
 4.07380278e+07  2.10714498e-08 
 4.16869383e+07  2.10467544e-08 
 4.26579519e+07  2.10227923e-08 
 4.36515832e+07  2.09995643e-08 
 4.46683592e+07  2.09770724e-08 
 4.57088190e+07  2.09553187e-08 
 4.67735141e+07  2.09343062e-08 
 4.78630092e+07  2.09140384e-08 
 4.89778819e+07  2.08945195e-08 
 5.01187234e+07  2.08757544e-08 
 5.12861384e+07  2.08577488e-08 
 5.24807460e+07  2.08405089e-08 
 5.37031796e+07  2.08240421e-08 
 5.49540874e+07  2.08083561e-08 
 5.62341325e+07  2.07934599e-08 
 5.75439937e+07  2.07793632e-08 
 5.88843655e+07  2.07660764e-08 
 6.02559586e+07  2.07536109e-08 
 6.16595002e+07  2.07419798e-08 
 6.30957344e+07  2.07311963e-08 
 6.45654229e+07  2.07212750e-08 
 6.60693448e+07  2.07122316e-08 
 6.76082975e+07  2.07040831e-08 
 6.91830971e+07  2.06968476e-08 
 7.07945784e+07  2.06905443e-08 
 7.24435960e+07  2.06851940e-08 
 7.41310241e+07  2.06808189e-08 
 7.58577575e+07  2.06774423e-08 
 7.76247117e+07  2.06750894e-08 
 7.94328235e+07  2.06737867e-08 
 8.12830516e+07  2.06735624e-08 
 8.31763771e+07  2.06744466e-08 
 8.51138038e+07  2.06764709e-08 
 8.70963590e+07  2.06796690e-08 
 8.91250938e+07  2.06840766e-08 
 9.12010839e+07  2.06897311e-08 
 9.33254301e+07  2.06966724e-08 
 9.54992586e+07  2.07049427e-08 
 9.77237221e+07  2.07145862e-08 
 1.00000000e+08  2.07256499e-08 
 1.02329299e+08  2.07381834e-08 
 1.04712855e+08  2.07522385e-08 
 1.07151931e+08  2.07678704e-08 
 1.09647820e+08  2.07851372e-08 
 1.12201845e+08  2.08041000e-08 
 1.14815362e+08  2.08248229e-08 
 1.17489755e+08  2.08473743e-08 
 1.20226443e+08  2.08718251e-08 
 1.23026877e+08  2.08982506e-08 
 1.25892541e+08  2.09267302e-08 
 1.28824955e+08  2.09573468e-08 
 1.31825674e+08  2.09901886e-08 
 1.34896288e+08  2.10253469e-08 
 1.38038426e+08  2.10629191e-08 
 1.41253754e+08  2.11030071e-08 
 1.44543977e+08  2.11457183e-08 
 1.47910839e+08  2.11911656e-08 
 1.51356125e+08  2.12394674e-08 
 1.54881662e+08  2.12907483e-08 
 1.58489319e+08  2.13451398e-08 
 1.62181010e+08  2.14027787e-08 
 1.65958691e+08  2.14638102e-08 
 1.69824365e+08  2.15283863e-08 
 1.73780083e+08  2.15966666e-08 
 1.77827941e+08  2.16688192e-08 
 1.81970086e+08  2.17450203e-08 
 1.86208714e+08  2.18254545e-08 
 1.90546072e+08  2.19103161e-08 
 1.94984460e+08  2.19998089e-08 
 1.99526231e+08  2.20941470e-08 
 2.04173794e+08  2.21935546e-08 
 2.08929613e+08  2.22982672e-08 
 2.13796209e+08  2.24085303e-08 
 2.18776162e+08  2.25246026e-08 
 2.23872114e+08  2.26467551e-08 
 2.29086765e+08  2.27752707e-08 
 2.34422882e+08  2.29104446e-08 
 2.39883292e+08  2.30525860e-08 
 2.45470892e+08  2.32020189e-08 
 2.51188643e+08  2.33590787e-08 
 2.57039578e+08  2.35241170e-08 
 2.63026799e+08  2.36974977e-08 
 2.69153480e+08  2.38796013e-08 
 2.75422870e+08  2.40708193e-08 
 2.81838293e+08  2.42715608e-08 
 2.88403150e+08  2.44822441e-08 
 2.95120923e+08  2.47033025e-08 
 3.01995172e+08  2.49351805e-08 
 3.09029543e+08  2.51783329e-08 
 3.16227766e+08  2.54332209e-08 
 3.23593657e+08  2.57003178e-08 
 3.31131121e+08  2.59800935e-08 
 3.38844156e+08  2.62730244e-08 
 3.46736850e+08  2.65795797e-08 
 3.54813389e+08  2.69002242e-08 
 3.63078055e+08  2.72354051e-08 
 3.71535229e+08  2.75855518e-08 
 3.80189396e+08  2.79510668e-08 
 3.89045145e+08  2.83323151e-08 
 3.98107171e+08  2.87296142e-08 
 4.07380278e+08  2.91432262e-08 
 4.16869383e+08  2.95733401e-08 
 4.26579519e+08  3.00200632e-08 
 4.36515832e+08  3.04834005e-08 
 4.46683592e+08  3.09632421e-08 
 4.57088190e+08  3.14593397e-08 
 4.67735141e+08  3.19712964e-08 
 4.78630092e+08  3.24985439e-08 
 4.89778819e+08  3.30403180e-08 
 5.01187234e+08  3.35956540e-08 
 5.12861384e+08  3.41633599e-08 
 5.24807460e+08  3.47420120e-08 
 5.37031796e+08  3.53299415e-08 
 5.49540874e+08  3.59252339e-08 
 5.62341325e+08  3.65257368e-08 
 5.75439937e+08  3.71290693e-08 
 5.88843655e+08  3.77326411e-08 
 6.02559586e+08  3.83336938e-08 
 6.16595002e+08  3.89293366e-08 
 6.30957344e+08  3.95166038e-08 
 6.45654229e+08  4.00925118e-08 
 6.60693448e+08  4.06541321e-08 
 6.76082975e+08  4.11986704e-08 
 6.91830971e+08  4.17235289e-08 
 7.07945784e+08  4.22263990e-08 
 7.24435960e+08  4.27053103e-08 
 7.41310241e+08  4.31587050e-08 
 7.58577575e+08  4.35854722e-08 
 7.76247117e+08  4.39849719e-08 
 7.94328235e+08  4.43570693e-08 
 8.12830516e+08  4.47021038e-08 
 8.31763771e+08  4.50208866e-08 
 8.51138038e+08  4.53146464e-08 
 8.70963590e+08  4.55849978e-08 
 8.91250938e+08  4.58338764e-08 
 9.12010839e+08  4.60634722e-08 
 9.33254301e+08  4.62761713e-08 
 9.54992586e+08  4.64744870e-08 
 9.77237221e+08  4.66610045e-08 
 1.00000000e+09  4.68383283e-08 
