 1.00000000e+00  1.31847781e-05 
 1.02329299e+00  1.30555724e-05 
 1.04712855e+00  1.29276404e-05 
 1.07151931e+00  1.28009695e-05 
 1.09647820e+00  1.26755472e-05 
 1.12201845e+00  1.25513612e-05 
 1.14815362e+00  1.24283991e-05 
 1.17489755e+00  1.23066487e-05 
 1.20226443e+00  1.21860981e-05 
 1.23026877e+00  1.20667353e-05 
 1.25892541e+00  1.19485485e-05 
 1.28824955e+00  1.18315261e-05 
 1.31825674e+00  1.17156565e-05 
 1.34896288e+00  1.16009283e-05 
 1.38038426e+00  1.14873301e-05 
 1.41253754e+00  1.13748507e-05 
 1.44543977e+00  1.12634791e-05 
 1.47910839e+00  1.11532041e-05 
 1.51356125e+00  1.10440151e-05 
 1.54881662e+00  1.09359011e-05 
 1.58489319e+00  1.08288515e-05 
 1.62181010e+00  1.07228558e-05 
 1.65958691e+00  1.06179035e-05 
 1.69824365e+00  1.05139842e-05 
 1.73780083e+00  1.04110878e-05 
 1.77827941e+00  1.03092041e-05 
 1.81970086e+00  1.02083230e-05 
 1.86208714e+00  1.01084346e-05 
 1.90546072e+00  1.00095291e-05 
 1.94984460e+00  9.91159665e-06 
 1.99526231e+00  9.81462773e-06 
 2.04173794e+00  9.71861275e-06 
 2.08929613e+00  9.62354225e-06 
 2.13796209e+00  9.52940688e-06 
 2.18776162e+00  9.43619738e-06 
 2.23872114e+00  9.34390456e-06 
 2.29086765e+00  9.25251937e-06 
 2.34422882e+00  9.16203280e-06 
 2.39883292e+00  9.07243596e-06 
 2.45470892e+00  8.98372005e-06 
 2.51188643e+00  8.89587633e-06 
 2.57039578e+00  8.80889617e-06 
 2.63026799e+00  8.72277103e-06 
 2.69153480e+00  8.63749244e-06 
 2.75422870e+00  8.55305203e-06 
 2.81838293e+00  8.46944149e-06 
 2.88403150e+00  8.38665263e-06 
 2.95120923e+00  8.30467730e-06 
 3.01995172e+00  8.22350746e-06 
 3.09029543e+00  8.14313514e-06 
 3.16227766e+00  8.06355246e-06 
 3.23593657e+00  7.98475159e-06 
 3.31131121e+00  7.90672482e-06 
 3.38844156e+00  7.82946448e-06 
 3.46736850e+00  7.75296300e-06 
 3.54813389e+00  7.67721286e-06 
 3.63078055e+00  7.60220665e-06 
 3.71535229e+00  7.52793702e-06 
 3.80189396e+00  7.45439667e-06 
 3.89045145e+00  7.38157840e-06 
 3.98107171e+00  7.30947507e-06 
 4.07380278e+00  7.23807962e-06 
 4.16869383e+00  7.16738505e-06 
 4.26579519e+00  7.09738444e-06 
 4.36515832e+00  7.02807093e-06 
 4.46683592e+00  6.95943774e-06 
 4.57088190e+00  6.89147814e-06 
 4.67735141e+00  6.82418547e-06 
 4.78630092e+00  6.75755316e-06 
 4.89778819e+00  6.69157468e-06 
 5.01187234e+00  6.62624357e-06 
 5.12861384e+00  6.56155344e-06 
 5.24807460e+00  6.49749797e-06 
 5.37031796e+00  6.43407088e-06 
 5.49540874e+00  6.37126597e-06 
 5.62341325e+00  6.30907711e-06 
 5.75439937e+00  6.24749820e-06 
 5.88843655e+00  6.18652324e-06 
 6.02559586e+00  6.12614625e-06 
 6.16595002e+00  6.06636135e-06 
 6.30957344e+00  6.00716268e-06 
 6.45654229e+00  5.94854446e-06 
 6.60693448e+00  5.89050098e-06 
 6.76082975e+00  5.83302655e-06 
 6.91830971e+00  5.77611556e-06 
 7.07945784e+00  5.71976246e-06 
 7.24435960e+00  5.66396174e-06 
 7.41310241e+00  5.60870796e-06 
 7.58577575e+00  5.55399572e-06 
 7.76247117e+00  5.49981968e-06 
 7.94328235e+00  5.44617457e-06 
 8.12830516e+00  5.39305513e-06 
 8.31763771e+00  5.34045619e-06 
 8.51138038e+00  5.28837263e-06 
 8.70963590e+00  5.23679935e-06 
 8.91250938e+00  5.18573134e-06 
 9.12010839e+00  5.13516360e-06 
 9.33254301e+00  5.08509122e-06 
 9.54992586e+00  5.03550930e-06 
 9.77237221e+00  4.98641303e-06 
 1.00000000e+01  4.93779761e-06 
 1.02329299e+01  4.88965830e-06 
 1.04712855e+01  4.84199042e-06 
 1.07151931e+01  4.79478933e-06 
 1.09647820e+01  4.74805042e-06 
 1.12201845e+01  4.70176914e-06 
 1.14815362e+01  4.65594099e-06 
 1.17489755e+01  4.61056151e-06 
 1.20226443e+01  4.56562627e-06 
 1.23026877e+01  4.52113091e-06 
 1.25892541e+01  4.47707109e-06 
 1.28824955e+01  4.43344253e-06 
 1.31825674e+01  4.39024098e-06 
 1.34896288e+01  4.34746224e-06 
 1.38038426e+01  4.30510215e-06 
 1.41253754e+01  4.26315658e-06 
 1.44543977e+01  4.22162146e-06 
 1.47910839e+01  4.18049275e-06 
 1.51356125e+01  4.13976645e-06 
 1.54881662e+01  4.09943861e-06 
 1.58489319e+01  4.05950529e-06 
 1.62181010e+01  4.01996263e-06 
 1.65958691e+01  3.98080678e-06 
 1.69824365e+01  3.94203393e-06 
 1.73780083e+01  3.90364032e-06 
 1.77827941e+01  3.86562221e-06 
 1.81970086e+01  3.82797592e-06 
 1.86208714e+01  3.79069780e-06 
 1.90546072e+01  3.75378421e-06 
 1.94984460e+01  3.71723158e-06 
 1.99526231e+01  3.68103635e-06 
 2.04173794e+01  3.64519502e-06 
 2.08929613e+01  3.60970411e-06 
 2.13796209e+01  3.57456017e-06 
 2.18776162e+01  3.53975979e-06 
 2.23872114e+01  3.50529960e-06 
 2.29086765e+01  3.47117625e-06 
 2.34422882e+01  3.43738643e-06 
 2.39883292e+01  3.40392687e-06 
 2.45470892e+01  3.37079432e-06 
 2.51188643e+01  3.33798557e-06 
 2.57039578e+01  3.30549744e-06 
 2.63026799e+01  3.27332677e-06 
 2.69153480e+01  3.24147046e-06 
 2.75422870e+01  3.20992541e-06 
 2.81838293e+01  3.17868857e-06 
 2.88403150e+01  3.14775691e-06 
 2.95120923e+01  3.11712743e-06 
 3.01995172e+01  3.08679717e-06 
 3.09029543e+01  3.05676319e-06 
 3.16227766e+01  3.02702258e-06 
 3.23593657e+01  2.99757246e-06 
 3.31131121e+01  2.96840998e-06 
 3.38844156e+01  2.93953232e-06 
 3.46736850e+01  2.91093667e-06 
 3.54813389e+01  2.88262028e-06 
 3.63078055e+01  2.85458041e-06 
 3.71535229e+01  2.82681433e-06 
 3.80189396e+01  2.79931936e-06 
 3.89045145e+01  2.77209284e-06 
 3.98107171e+01  2.74513215e-06 
 4.07380278e+01  2.71843466e-06 
 4.16869383e+01  2.69199781e-06 
 4.26579519e+01  2.66581903e-06 
 4.36515832e+01  2.63989578e-06 
 4.46683592e+01  2.61422558e-06 
 4.57088190e+01  2.58880593e-06 
 4.67735141e+01  2.56363437e-06 
 4.78630092e+01  2.53870848e-06 
 4.89778819e+01  2.51402584e-06 
 5.01187234e+01  2.48958407e-06 
 5.12861384e+01  2.46538081e-06 
 5.24807460e+01  2.44141373e-06 
 5.37031796e+01  2.41768049e-06 
 5.49540874e+01  2.39417882e-06 
 5.62341325e+01  2.37090644e-06 
 5.75439937e+01  2.34786111e-06 
 5.88843655e+01  2.32504060e-06 
 6.02559586e+01  2.30244271e-06 
 6.16595002e+01  2.28006525e-06 
 6.30957344e+01  2.25790607e-06 
 6.45654229e+01  2.23596303e-06 
 6.60693448e+01  2.21423401e-06 
 6.76082975e+01  2.19271691e-06 
 6.91830971e+01  2.17140966e-06 
 7.07945784e+01  2.15031020e-06 
 7.24435960e+01  2.12941650e-06 
 7.41310241e+01  2.10872653e-06 
 7.58577575e+01  2.08823832e-06 
 7.76247117e+01  2.06794987e-06 
 7.94328235e+01  2.04785924e-06 
 8.12830516e+01  2.02796448e-06 
 8.31763771e+01  2.00826369e-06 
 8.51138038e+01  1.98875495e-06 
 8.70963590e+01  1.96943640e-06 
 8.91250938e+01  1.95030616e-06 
 9.12010839e+01  1.93136239e-06 
 9.33254301e+01  1.91260328e-06 
 9.54992586e+01  1.89402700e-06 
 9.77237221e+01  1.87563178e-06 
 1.00000000e+02  1.85741584e-06 
 1.02329299e+02  1.83937743e-06 
 1.04712855e+02  1.82151480e-06 
 1.07151931e+02  1.80382624e-06 
 1.09647820e+02  1.78631005e-06 
 1.12201845e+02  1.76896454e-06 
 1.14815362e+02  1.75178803e-06 
 1.17489755e+02  1.73477889e-06 
 1.20226443e+02  1.71793546e-06 
 1.23026877e+02  1.70125612e-06 
 1.25892541e+02  1.68473928e-06 
 1.28824955e+02  1.66838335e-06 
 1.31825674e+02  1.65218674e-06 
 1.34896288e+02  1.63614791e-06 
 1.38038426e+02  1.62026530e-06 
 1.41253754e+02  1.60453739e-06 
 1.44543977e+02  1.58896268e-06 
 1.47910839e+02  1.57353965e-06 
 1.51356125e+02  1.55826683e-06 
 1.54881662e+02  1.54314275e-06 
 1.58489319e+02  1.52816596e-06 
 1.62181010e+02  1.51333501e-06 
 1.65958691e+02  1.49864848e-06 
 1.69824365e+02  1.48410496e-06 
 1.73780083e+02  1.46970305e-06 
 1.77827941e+02  1.45544136e-06 
 1.81970086e+02  1.44131854e-06 
 1.86208714e+02  1.42733321e-06 
 1.90546072e+02  1.41348404e-06 
 1.94984460e+02  1.39976969e-06 
 1.99526231e+02  1.38618885e-06 
 2.04173794e+02  1.37274022e-06 
 2.08929613e+02  1.35942250e-06 
 2.13796209e+02  1.34623441e-06 
 2.18776162e+02  1.33317469e-06 
 2.23872114e+02  1.32024208e-06 
 2.29086765e+02  1.30743535e-06 
 2.34422882e+02  1.29475326e-06 
 2.39883292e+02  1.28219459e-06 
 2.45470892e+02  1.26975814e-06 
 2.51188643e+02  1.25744272e-06 
 2.57039578e+02  1.24524715e-06 
 2.63026799e+02  1.23317025e-06 
 2.69153480e+02  1.22121087e-06 
 2.75422870e+02  1.20936785e-06 
 2.81838293e+02  1.19764007e-06 
 2.88403150e+02  1.18602640e-06 
 2.95120923e+02  1.17452572e-06 
 3.01995172e+02  1.16313693e-06 
 3.09029543e+02  1.15185894e-06 
 3.16227766e+02  1.14069067e-06 
 3.23593657e+02  1.12963105e-06 
 3.31131121e+02  1.11867901e-06 
 3.38844156e+02  1.10783351e-06 
 3.46736850e+02  1.09709351e-06 
 3.54813389e+02  1.08645798e-06 
 3.63078055e+02  1.07592590e-06 
 3.71535229e+02  1.06549625e-06 
 3.80189396e+02  1.05516805e-06 
 3.89045145e+02  1.04494030e-06 
 3.98107171e+02  1.03481201e-06 
 4.07380278e+02  1.02478223e-06 
 4.16869383e+02  1.01484999e-06 
 4.26579519e+02  1.00501434e-06 
 4.36515832e+02  9.95274337e-07 
 4.46683592e+02  9.85629047e-07 
 4.57088190e+02  9.76077547e-07 
 4.67735141e+02  9.66618924e-07 
 4.78630092e+02  9.57252271e-07 
 4.89778819e+02  9.47976692e-07 
 5.01187234e+02  9.38791299e-07 
 5.12861384e+02  9.29695213e-07 
 5.24807460e+02  9.20687563e-07 
 5.37031796e+02  9.11767488e-07 
 5.49540874e+02  9.02934133e-07 
 5.62341325e+02  8.94186654e-07 
 5.75439937e+02  8.85524213e-07 
 5.88843655e+02  8.76945981e-07 
 6.02559586e+02  8.68451139e-07 
 6.16595002e+02  8.60038874e-07 
 6.30957344e+02  8.51708380e-07 
 6.45654229e+02  8.43458862e-07 
 6.60693448e+02  8.35289530e-07 
 6.76082975e+02  8.27199603e-07 
 6.91830971e+02  8.19188307e-07 
 7.07945784e+02  8.11254877e-07 
 7.24435960e+02  8.03398554e-07 
 7.41310241e+02  7.95618588e-07 
 7.58577575e+02  7.87914233e-07 
 7.76247117e+02  7.80284755e-07 
 7.94328235e+02  7.72729423e-07 
 8.12830516e+02  7.65247516e-07 
 8.31763771e+02  7.57838319e-07 
 8.51138038e+02  7.50501123e-07 
 8.70963590e+02  7.43235229e-07 
 8.91250938e+02  7.36039940e-07 
 9.12010839e+02  7.28914571e-07 
 9.33254301e+02  7.21858441e-07 
 9.54992586e+02  7.14870875e-07 
 9.77237221e+02  7.07951206e-07 
 1.00000000e+03  7.01098773e-07 
 1.02329299e+03  6.94312923e-07 
 1.04712855e+03  6.87593006e-07 
 1.07151931e+03  6.80938381e-07 
 1.09647820e+03  6.74348413e-07 
 1.12201845e+03  6.67822473e-07 
 1.14815362e+03  6.61359938e-07 
 1.17489755e+03  6.54960190e-07 
 1.20226443e+03  6.48622620e-07 
 1.23026877e+03  6.42346621e-07 
 1.25892541e+03  6.36131596e-07 
 1.28824955e+03  6.29976951e-07 
 1.31825674e+03  6.23882098e-07 
 1.34896288e+03  6.17846457e-07 
 1.38038426e+03  6.11869451e-07 
 1.41253754e+03  6.05950510e-07 
 1.44543977e+03  6.00089069e-07 
 1.47910839e+03  5.94284570e-07 
 1.51356125e+03  5.88536458e-07 
 1.54881662e+03  5.82844186e-07 
 1.58489319e+03  5.77207210e-07 
 1.62181010e+03  5.71624994e-07 
 1.65958691e+03  5.66097004e-07 
 1.69824365e+03  5.60622713e-07 
 1.73780083e+03  5.55201601e-07 
 1.77827941e+03  5.49833149e-07 
 1.81970086e+03  5.44516846e-07 
 1.86208714e+03  5.39252185e-07 
 1.90546072e+03  5.34038664e-07 
 1.94984460e+03  5.28875787e-07 
 1.99526231e+03  5.23763061e-07 
 2.04173794e+03  5.18700000e-07 
 2.08929613e+03  5.13686120e-07 
 2.13796209e+03  5.08720944e-07 
 2.18776162e+03  5.03803999e-07 
 2.23872114e+03  4.98934816e-07 
 2.29086765e+03  4.94112931e-07 
 2.34422882e+03  4.89337886e-07 
 2.39883292e+03  4.84609225e-07 
 2.45470892e+03  4.79926497e-07 
 2.51188643e+03  4.75289258e-07 
 2.57039578e+03  4.70697064e-07 
 2.63026799e+03  4.66149479e-07 
 2.69153480e+03  4.61646070e-07 
 2.75422870e+03  4.57186408e-07 
 2.81838293e+03  4.52770069e-07 
 2.88403150e+03  4.48396631e-07 
 2.95120923e+03  4.44065678e-07 
 3.01995172e+03  4.39776799e-07 
 3.09029543e+03  4.35529584e-07 
 3.16227766e+03  4.31323630e-07 
 3.23593657e+03  4.27158536e-07 
 3.31131121e+03  4.23033906e-07 
 3.38844156e+03  4.18949348e-07 
 3.46736850e+03  4.14904472e-07 
 3.54813389e+03  4.10898893e-07 
 3.63078055e+03  4.06932231e-07 
 3.71535229e+03  4.03004109e-07 
 3.80189396e+03  3.99114151e-07 
 3.89045145e+03  3.95261989e-07 
 3.98107171e+03  3.91447256e-07 
 4.07380278e+03  3.87669589e-07 
 4.16869383e+03  3.83928628e-07 
 4.26579519e+03  3.80224019e-07 
 4.36515832e+03  3.76555408e-07 
 4.46683592e+03  3.72922446e-07 
 4.57088190e+03  3.69324789e-07 
 4.67735141e+03  3.65762093e-07 
 4.78630092e+03  3.62234021e-07 
 4.89778819e+03  3.58740237e-07 
 5.01187234e+03  3.55280408e-07 
 5.12861384e+03  3.51854206e-07 
 5.24807460e+03  3.48461305e-07 
 5.37031796e+03  3.45101383e-07 
 5.49540874e+03  3.41774119e-07 
 5.62341325e+03  3.38479199e-07 
 5.75439937e+03  3.35216308e-07 
 5.88843655e+03  3.31985136e-07 
 6.02559586e+03  3.28785378e-07 
 6.16595002e+03  3.25616727e-07 
 6.30957344e+03  3.22478884e-07 
 6.45654229e+03  3.19371550e-07 
 6.60693448e+03  3.16294430e-07 
 6.76082975e+03  3.13247232e-07 
 6.91830971e+03  3.10229666e-07 
 7.07945784e+03  3.07241445e-07 
 7.24435960e+03  3.04282286e-07 
 7.41310241e+03  3.01351908e-07 
 7.58577575e+03  2.98450031e-07 
 7.76247117e+03  2.95576381e-07 
 7.94328235e+03  2.92730685e-07 
 8.12830516e+03  2.89912672e-07 
 8.31763771e+03  2.87122075e-07 
 8.51138038e+03  2.84358629e-07 
 8.70963590e+03  2.81622071e-07 
 8.91250938e+03  2.78912142e-07 
 9.12010839e+03  2.76228584e-07 
 9.33254301e+03  2.73571142e-07 
 9.54992586e+03  2.70939565e-07 
 9.77237221e+03  2.68333602e-07 
 1.00000000e+04  2.65753006e-07 
 1.02329299e+04  2.63197533e-07 
 1.04712855e+04  2.60666938e-07 
 1.07151931e+04  2.58160984e-07 
 1.09647820e+04  2.55679430e-07 
 1.12201845e+04  2.53222043e-07 
 1.14815362e+04  2.50788588e-07 
 1.17489755e+04  2.48378835e-07 
 1.20226443e+04  2.45992556e-07 
 1.23026877e+04  2.43629523e-07 
 1.25892541e+04  2.41289513e-07 
 1.28824955e+04  2.38972303e-07 
 1.31825674e+04  2.36677674e-07 
 1.34896288e+04  2.34405409e-07 
 1.38038426e+04  2.32155290e-07 
 1.41253754e+04  2.29927106e-07 
 1.44543977e+04  2.27720644e-07 
 1.47910839e+04  2.25535696e-07 
 1.51356125e+04  2.23372054e-07 
 1.54881662e+04  2.21229513e-07 
 1.58489319e+04  2.19107870e-07 
 1.62181010e+04  2.17006923e-07 
 1.65958691e+04  2.14926474e-07 
 1.69824365e+04  2.12866324e-07 
 1.73780083e+04  2.10826280e-07 
 1.77827941e+04  2.08806146e-07 
 1.81970086e+04  2.06805733e-07 
 1.86208714e+04  2.04824849e-07 
 1.90546072e+04  2.02863307e-07 
 1.94984460e+04  2.00920922e-07 
 1.99526231e+04  1.98997509e-07 
 2.04173794e+04  1.97092886e-07 
 2.08929613e+04  1.95206872e-07 
 2.13796209e+04  1.93339288e-07 
 2.18776162e+04  1.91489958e-07 
 2.23872114e+04  1.89658706e-07 
 2.29086765e+04  1.87845358e-07 
 2.34422882e+04  1.86049744e-07 
 2.39883292e+04  1.84271691e-07 
 2.45470892e+04  1.82511033e-07 
 2.51188643e+04  1.80767602e-07 
 2.57039578e+04  1.79041233e-07 
 2.63026799e+04  1.77331762e-07 
 2.69153480e+04  1.75639027e-07 
 2.75422870e+04  1.73962869e-07 
 2.81838293e+04  1.72303127e-07 
 2.88403150e+04  1.70659645e-07 
 2.95120923e+04  1.69032268e-07 
 3.01995172e+04  1.67420840e-07 
 3.09029543e+04  1.65825210e-07 
 3.16227766e+04  1.64245226e-07 
 3.23593657e+04  1.62680738e-07 
 3.31131121e+04  1.61131598e-07 
 3.38844156e+04  1.59597659e-07 
 3.46736850e+04  1.58078777e-07 
 3.54813389e+04  1.56574807e-07 
 3.63078055e+04  1.55085606e-07 
 3.71535229e+04  1.53611034e-07 
 3.80189396e+04  1.52150951e-07 
 3.89045145e+04  1.50705219e-07 
 3.98107171e+04  1.49273700e-07 
 4.07380278e+04  1.47856259e-07 
 4.16869383e+04  1.46452762e-07 
 4.26579519e+04  1.45063076e-07 
 4.36515832e+04  1.43687069e-07 
 4.46683592e+04  1.42324611e-07 
 4.57088190e+04  1.40975573e-07 
 4.67735141e+04  1.39639827e-07 
 4.78630092e+04  1.38317246e-07 
 4.89778819e+04  1.37007705e-07 
 5.01187234e+04  1.35711081e-07 
 5.12861384e+04  1.34427249e-07 
 5.24807460e+04  1.33156090e-07 
 5.37031796e+04  1.31897482e-07 
 5.49540874e+04  1.30651305e-07 
 5.62341325e+04  1.29417443e-07 
 5.75439937e+04  1.28195778e-07 
 5.88843655e+04  1.26986194e-07 
 6.02559586e+04  1.25788577e-07 
 6.16595002e+04  1.24602814e-07 
 6.30957344e+04  1.23428791e-07 
 6.45654229e+04  1.22266398e-07 
 6.60693448e+04  1.21115525e-07 
 6.76082975e+04  1.19976063e-07 
 6.91830971e+04  1.18847902e-07 
 7.07945784e+04  1.17730938e-07 
 7.24435960e+04  1.16625064e-07 
 7.41310241e+04  1.15530174e-07 
 7.58577575e+04  1.14446166e-07 
 7.76247117e+04  1.13372937e-07 
 7.94328235e+04  1.12310384e-07 
 8.12830516e+04  1.11258408e-07 
 8.31763771e+04  1.10216907e-07 
 8.51138038e+04  1.09185785e-07 
 8.70963590e+04  1.08164943e-07 
 8.91250938e+04  1.07154283e-07 
 9.12010839e+04  1.06153711e-07 
 9.33254301e+04  1.05163132e-07 
 9.54992586e+04  1.04182451e-07 
 9.77237221e+04  1.03211575e-07 
 1.00000000e+05  1.02250413e-07 
 1.02329299e+05  1.01298873e-07 
 1.04712855e+05  1.00356865e-07 
 1.07151931e+05  9.94242991e-08 
 1.09647820e+05  9.85010876e-08 
 1.12201845e+05  9.75871425e-08 
 1.14815362e+05  9.66823772e-08 
 1.17489755e+05  9.57867056e-08 
 1.20226443e+05  9.49000428e-08 
 1.23026877e+05  9.40223045e-08 
 1.25892541e+05  9.31534074e-08 
 1.28824955e+05  9.22932689e-08 
 1.31825674e+05  9.14418073e-08 
 1.34896288e+05  9.05989418e-08 
 1.38038426e+05  8.97645922e-08 
 1.41253754e+05  8.89386791e-08 
 1.44543977e+05  8.81211241e-08 
 1.47910839e+05  8.73118494e-08 
 1.51356125e+05  8.65107781e-08 
 1.54881662e+05  8.57178338e-08 
 1.58489319e+05  8.49329412e-08 
 1.62181010e+05  8.41560255e-08 
 1.65958691e+05  8.33870127e-08 
 1.69824365e+05  8.26258296e-08 
 1.73780083e+05  8.18724038e-08 
 1.77827941e+05  8.11266632e-08 
 1.81970086e+05  8.03885370e-08 
 1.86208714e+05  7.96579547e-08 
 1.90546072e+05  7.89348465e-08 
 1.94984460e+05  7.82191436e-08 
 1.99526231e+05  7.75107776e-08 
 2.04173794e+05  7.68096808e-08 
 2.08929613e+05  7.61157862e-08 
 2.13796209e+05  7.54290276e-08 
 2.18776162e+05  7.47493392e-08 
 2.23872114e+05  7.40766561e-08 
 2.29086765e+05  7.34109139e-08 
 2.34422882e+05  7.27520489e-08 
 2.39883292e+05  7.20999978e-08 
 2.45470892e+05  7.14546983e-08 
 2.51188643e+05  7.08160885e-08 
 2.57039578e+05  7.01841071e-08 
 2.63026799e+05  6.95586934e-08 
 2.69153480e+05  6.89397874e-08 
 2.75422870e+05  6.83273296e-08 
 2.81838293e+05  6.77212610e-08 
 2.88403150e+05  6.71215234e-08 
 2.95120923e+05  6.65280590e-08 
 3.01995172e+05  6.59408106e-08 
 3.09029543e+05  6.53597216e-08 
 3.16227766e+05  6.47847359e-08 
 3.23593657e+05  6.42157980e-08 
 3.31131121e+05  6.36528529e-08 
 3.38844156e+05  6.30958461e-08 
 3.46736850e+05  6.25447237e-08 
 3.54813389e+05  6.19994324e-08 
 3.63078055e+05  6.14599191e-08 
 3.71535229e+05  6.09261316e-08 
 3.80189396e+05  6.03980179e-08 
 3.89045145e+05  5.98755267e-08 
 3.98107171e+05  5.93586071e-08 
 4.07380278e+05  5.88472088e-08 
 4.16869383e+05  5.83412817e-08 
 4.26579519e+05  5.78407765e-08 
 4.36515832e+05  5.73456443e-08 
 4.46683592e+05  5.68558364e-08 
 4.57088190e+05  5.63713050e-08 
 4.67735141e+05  5.58920024e-08 
 4.78630092e+05  5.54178814e-08 
 4.89778819e+05  5.49488955e-08 
 5.01187234e+05  5.44849983e-08 
 5.12861384e+05  5.40261441e-08 
 5.24807460e+05  5.35722875e-08 
 5.37031796e+05  5.31233834e-08 
 5.49540874e+05  5.26793875e-08 
 5.62341325e+05  5.22402555e-08 
 5.75439937e+05  5.18059438e-08 
 5.88843655e+05  5.13764090e-08 
 6.02559586e+05  5.09516082e-08 
 6.16595002e+05  5.05314989e-08 
 6.30957344e+05  5.01160390e-08 
 6.45654229e+05  4.97051867e-08 
 6.60693448e+05  4.92989007e-08 
 6.76082975e+05  4.88971399e-08 
 6.91830971e+05  4.84998637e-08 
 7.07945784e+05  4.81070319e-08 
 7.24435960e+05  4.77186045e-08 
 7.41310241e+05  4.73345421e-08 
 7.58577575e+05  4.69548053e-08 
 7.76247117e+05  4.65793555e-08 
 7.94328235e+05  4.62081539e-08 
 8.12830516e+05  4.58411626e-08 
 8.31763771e+05  4.54783435e-08 
 8.51138038e+05  4.51196593e-08 
 8.70963590e+05  4.47650726e-08 
 8.91250938e+05  4.44145467e-08 
 9.12010839e+05  4.40680450e-08 
 9.33254301e+05  4.37255311e-08 
 9.54992586e+05  4.33869693e-08 
 9.77237221e+05  4.30523237e-08 
 1.00000000e+06  4.27215591e-08 
 1.02329299e+06  4.23946404e-08 
 1.04712855e+06  4.20715329e-08 
 1.07151931e+06  4.17522020e-08 
 1.09647820e+06  4.14366136e-08 
 1.12201845e+06  4.11247337e-08 
 1.14815362e+06  4.08165286e-08 
 1.17489755e+06  4.05119650e-08 
 1.20226443e+06  4.02110097e-08 
 1.23026877e+06  3.99136300e-08 
 1.25892541e+06  3.96197931e-08 
 1.28824955e+06  3.93294667e-08 
 1.31825674e+06  3.90426187e-08 
 1.34896288e+06  3.87592173e-08 
 1.38038426e+06  3.84792309e-08 
 1.41253754e+06  3.82026279e-08 
 1.44543977e+06  3.79293775e-08 
 1.47910839e+06  3.76594485e-08 
 1.51356125e+06  3.73928103e-08 
 1.54881662e+06  3.71294325e-08 
 1.58489319e+06  3.68692848e-08 
 1.62181010e+06  3.66123372e-08 
 1.65958691e+06  3.63585598e-08 
 1.69824365e+06  3.61079232e-08 
 1.73780083e+06  3.58603980e-08 
 1.77827941e+06  3.56159548e-08 
 1.81970086e+06  3.53745649e-08 
 1.86208714e+06  3.51361993e-08 
 1.90546072e+06  3.49008296e-08 
 1.94984460e+06  3.46684272e-08 
 1.99526231e+06  3.44389642e-08 
 2.04173794e+06  3.42124124e-08 
 2.08929613e+06  3.39887440e-08 
 2.13796209e+06  3.37679314e-08 
 2.18776162e+06  3.35499472e-08 
 2.23872114e+06  3.33347641e-08 
 2.29086765e+06  3.31223550e-08 
 2.34422882e+06  3.29126930e-08 
 2.39883292e+06  3.27057513e-08 
 2.45470892e+06  3.25015034e-08 
 2.51188643e+06  3.22999229e-08 
 2.57039578e+06  3.21009835e-08 
 2.63026799e+06  3.19046592e-08 
 2.69153480e+06  3.17109240e-08 
 2.75422870e+06  3.15197523e-08 
 2.81838293e+06  3.13311184e-08 
 2.88403150e+06  3.11449969e-08 
 2.95120923e+06  3.09613626e-08 
 3.01995172e+06  3.07801902e-08 
 3.09029543e+06  3.06014549e-08 
 3.16227766e+06  3.04251319e-08 
 3.23593657e+06  3.02511965e-08 
 3.31131121e+06  3.00796242e-08 
 3.38844156e+06  2.99103906e-08 
 3.46736850e+06  2.97434715e-08 
 3.54813389e+06  2.95788428e-08 
 3.63078055e+06  2.94164808e-08 
 3.71535229e+06  2.92563615e-08 
 3.80189396e+06  2.90984613e-08 
 3.89045145e+06  2.89427568e-08 
 3.98107171e+06  2.87892246e-08 
 4.07380278e+06  2.86378416e-08 
 4.16869383e+06  2.84885846e-08 
 4.26579519e+06  2.83414308e-08 
 4.36515832e+06  2.81963574e-08 
 4.46683592e+06  2.80533418e-08 
 4.57088190e+06  2.79123614e-08 
 4.67735141e+06  2.77733940e-08 
 4.78630092e+06  2.76364172e-08 
 4.89778819e+06  2.75014092e-08 
 5.01187234e+06  2.73683478e-08 
 5.12861384e+06  2.72372114e-08 
 5.24807460e+06  2.71079782e-08 
 5.37031796e+06  2.69806268e-08 
 5.49540874e+06  2.68551359e-08 
 5.62341325e+06  2.67314841e-08 
 5.75439937e+06  2.66096504e-08 
 5.88843655e+06  2.64896139e-08 
 6.02559586e+06  2.63713537e-08 
 6.16595002e+06  2.62548492e-08 
 6.30957344e+06  2.61400799e-08 
 6.45654229e+06  2.60270254e-08 
 6.60693448e+06  2.59156654e-08 
 6.76082975e+06  2.58059800e-08 
 6.91830971e+06  2.56979490e-08 
 7.07945784e+06  2.55915528e-08 
 7.24435960e+06  2.54867717e-08 
 7.41310241e+06  2.53835862e-08 
 7.58577575e+06  2.52819768e-08 
 7.76247117e+06  2.51819245e-08 
 7.94328235e+06  2.50834102e-08 
 8.12830516e+06  2.49864148e-08 
 8.31763771e+06  2.48909197e-08 
 8.51138038e+06  2.47969063e-08 
 8.70963590e+06  2.47043561e-08 
 8.91250938e+06  2.46132507e-08 
 9.12010839e+06  2.45235720e-08 
 9.33254301e+06  2.44353021e-08 
 9.54992586e+06  2.43484231e-08 
 9.77237221e+06  2.42629172e-08 
 1.00000000e+07  2.41787670e-08 
 1.02329299e+07  2.40959551e-08 
 1.04712855e+07  2.40144642e-08 
 1.07151931e+07  2.39342773e-08 
 1.09647820e+07  2.38553775e-08 
 1.12201845e+07  2.37777481e-08 
 1.14815362e+07  2.37013725e-08 
 1.17489755e+07  2.36262343e-08 
 1.20226443e+07  2.35523173e-08 
 1.23026877e+07  2.34796053e-08 
 1.25892541e+07  2.34080825e-08 
 1.28824955e+07  2.33377331e-08 
 1.31825674e+07  2.32685416e-08 
 1.34896288e+07  2.32004926e-08 
 1.38038426e+07  2.31335708e-08 
 1.41253754e+07  2.30677612e-08 
 1.44543977e+07  2.30030489e-08 
 1.47910839e+07  2.29394193e-08 
 1.51356125e+07  2.28768577e-08 
 1.54881662e+07  2.28153498e-08 
 1.58489319e+07  2.27548815e-08 
 1.62181010e+07  2.26954388e-08 
 1.65958691e+07  2.26370079e-08 
 1.69824365e+07  2.25795752e-08 
 1.73780083e+07  2.25231271e-08 
 1.77827941e+07  2.24676506e-08 
 1.81970086e+07  2.24131325e-08 
 1.86208714e+07  2.23595599e-08 
 1.90546072e+07  2.23069202e-08 
 1.94984460e+07  2.22552010e-08 
 1.99526231e+07  2.22043898e-08 
 2.04173794e+07  2.21544746e-08 
 2.08929613e+07  2.21054436e-08 
 2.13796209e+07  2.20572851e-08 
 2.18776162e+07  2.20099875e-08 
 2.23872114e+07  2.19635396e-08 
 2.29086765e+07  2.19179303e-08 
 2.34422882e+07  2.18731488e-08 
 2.39883292e+07  2.18291844e-08 
 2.45470892e+07  2.17860267e-08 
 2.51188643e+07  2.17436654e-08 
 2.57039578e+07  2.17020906e-08 
 2.63026799e+07  2.16612925e-08 
 2.69153480e+07  2.16212616e-08 
 2.75422870e+07  2.15819886e-08 
 2.81838293e+07  2.15434644e-08 
 2.88403150e+07  2.15056801e-08 
 2.95120923e+07  2.14686272e-08 
 3.01995172e+07  2.14322973e-08 
 3.09029543e+07  2.13966823e-08 
 3.16227766e+07  2.13617743e-08 
 3.23593657e+07  2.13275659e-08 
 3.31131121e+07  2.12940496e-08 
 3.38844156e+07  2.12612184e-08 
 3.46736850e+07  2.12290655e-08 
 3.54813389e+07  2.11975845e-08 
 3.63078055e+07  2.11667690e-08 
 3.71535229e+07  2.11366133e-08 
 3.80189396e+07  2.11071116e-08 
 3.89045145e+07  2.10782587e-08 
 3.98107171e+07  2.10500495e-08 
 4.07380278e+07  2.10224794e-08 
 4.16869383e+07  2.09955440e-08 
 4.26579519e+07  2.09692392e-08 
 4.36515832e+07  2.09435615e-08 
 4.46683592e+07  2.09185074e-08 
 4.57088190e+07  2.08940741e-08 
 4.67735141e+07  2.08702589e-08 
 4.78630092e+07  2.08470597e-08 
 4.89778819e+07  2.08244746e-08 
 5.01187234e+07  2.08025023e-08 
 5.12861384e+07  2.07811418e-08 
 5.24807460e+07  2.07603925e-08 
 5.37031796e+07  2.07402544e-08 
 5.49540874e+07  2.07207279e-08 
 5.62341325e+07  2.07018137e-08 
 5.75439937e+07  2.06835133e-08 
 5.88843655e+07  2.06658285e-08 
 6.02559586e+07  2.06487617e-08 
 6.16595002e+07  2.06323158e-08 
 6.30957344e+07  2.06164943e-08 
 6.45654229e+07  2.06013014e-08 
 6.60693448e+07  2.05867416e-08 
 6.76082975e+07  2.05728203e-08 
 6.91830971e+07  2.05595434e-08 
 7.07945784e+07  2.05469177e-08 
 7.24435960e+07  2.05349505e-08 
 7.41310241e+07  2.05236498e-08 
 7.58577575e+07  2.05130245e-08 
 7.76247117e+07  2.05030842e-08 
 7.94328235e+07  2.04938394e-08 
 8.12830516e+07  2.04853013e-08 
 8.31763771e+07  2.04774822e-08 
 8.51138038e+07  2.04703951e-08 
 8.70963590e+07  2.04640541e-08 
 8.91250938e+07  2.04584743e-08 
 9.12010839e+07  2.04536717e-08 
 9.33254301e+07  2.04496636e-08 
 9.54992586e+07  2.04464683e-08 
 9.77237221e+07  2.04441051e-08 
 1.00000000e+08  2.04425950e-08 
 1.02329299e+08  2.04419597e-08 
 1.04712855e+08  2.04422228e-08 
 1.07151931e+08  2.04434087e-08 
 1.09647820e+08  2.04455437e-08 
 1.12201845e+08  2.04486555e-08 
 1.14815362e+08  2.04527733e-08 
 1.17489755e+08  2.04579279e-08 
 1.20226443e+08  2.04641519e-08 
 1.23026877e+08  2.04714797e-08 
 1.25892541e+08  2.04799476e-08 
 1.28824955e+08  2.04895937e-08 
 1.31825674e+08  2.05004581e-08 
 1.34896288e+08  2.05125834e-08 
 1.38038426e+08  2.05260139e-08 
 1.41253754e+08  2.05407966e-08 
 1.44543977e+08  2.05569807e-08 
 1.47910839e+08  2.05746181e-08 
 1.51356125e+08  2.05937630e-08 
 1.54881662e+08  2.06144728e-08 
 1.58489319e+08  2.06368075e-08 
 1.62181010e+08  2.06608299e-08 
 1.65958691e+08  2.06866064e-08 
 1.69824365e+08  2.07142064e-08 
 1.73780083e+08  2.07437025e-08 
 1.77827941e+08  2.07751713e-08 
 1.81970086e+08  2.08086927e-08 
 1.86208714e+08  2.08443509e-08 
 1.90546072e+08  2.08822336e-08 
 1.94984460e+08  2.09224332e-08 
 1.99526231e+08  2.09650463e-08 
 2.04173794e+08  2.10101741e-08 
 2.08929613e+08  2.10579225e-08 
 2.13796209e+08  2.11084026e-08 
 2.18776162e+08  2.11617306e-08 
 2.23872114e+08  2.12180280e-08 
 2.29086765e+08  2.12774222e-08 
 2.34422882e+08  2.13400462e-08 
 2.39883292e+08  2.14060395e-08 
 2.45470892e+08  2.14755476e-08 
 2.51188643e+08  2.15487229e-08 
 2.57039578e+08  2.16257245e-08 
 2.63026799e+08  2.17067189e-08 
 2.69153480e+08  2.17918800e-08 
 2.75422870e+08  2.18813891e-08 
 2.81838293e+08  2.19754360e-08 
 2.88403150e+08  2.20742185e-08 
 2.95120923e+08  2.21779430e-08 
 3.01995172e+08  2.22868249e-08 
 3.09029543e+08  2.24010887e-08 
 3.16227766e+08  2.25209682e-08 
 3.23593657e+08  2.26467070e-08 
 3.31131121e+08  2.27785587e-08 
 3.38844156e+08  2.29167870e-08 
 3.46736850e+08  2.30616658e-08 
 3.54813389e+08  2.32134799e-08 
 3.63078055e+08  2.33725245e-08 
 3.71535229e+08  2.35391057e-08 
 3.80189396e+08  2.37135403e-08 
 3.89045145e+08  2.38961559e-08 
 3.98107171e+08  2.40872906e-08 
 4.07380278e+08  2.42872930e-08 
 4.16869383e+08  2.44965216e-08 
 4.26579519e+08  2.47153443e-08 
 4.36515832e+08  2.49441378e-08 
 4.46683592e+08  2.51832868e-08 
 4.57088190e+08  2.54331825e-08 
 4.67735141e+08  2.56942217e-08 
 4.78630092e+08  2.59668047e-08 
 4.89778819e+08  2.62513331e-08 
 5.01187234e+08  2.65482079e-08 
 5.12861384e+08  2.68578259e-08 
 5.24807460e+08  2.71805765e-08 
 5.37031796e+08  2.75168377e-08 
 5.49540874e+08  2.78669709e-08 
 5.62341325e+08  2.82313158e-08 
 5.75439937e+08  2.86101843e-08 
 5.88843655e+08  2.90038526e-08 
 6.02559586e+08  2.94125538e-08 
 6.16595002e+08  2.98364688e-08 
 6.30957344e+08  3.02757158e-08 
 6.45654229e+08  3.07303400e-08 
 6.60693448e+08  3.12003009e-08 
 6.76082975e+08  3.16854601e-08 
 6.91830971e+08  3.21855674e-08 
 7.07945784e+08  3.27002469e-08 
 7.24435960e+08  3.32289822e-08 
 7.41310241e+08  3.37711031e-08 
 7.58577575e+08  3.43257712e-08 
 7.76247117e+08  3.48919680e-08 
 7.94328235e+08  3.54684844e-08 
 8.12830516e+08  3.60539129e-08 
 8.31763771e+08  3.66466440e-08 
 8.51138038e+08  3.72448662e-08 
 8.70963590e+08  3.78465722e-08 
 8.91250938e+08  3.84495712e-08 
 9.12010839e+08  3.90515086e-08 
 9.33254301e+08  3.96498922e-08 
 9.54992586e+08  4.02421280e-08 
 9.77237221e+08  4.08255614e-08 
 1.00000000e+09  4.13975267e-08 
