 1.00000000e+00 -2.68247821e-03 
 1.25892541e+00 -3.37703998e-03 
 1.58489319e+00 -4.25144145e-03 
 1.99526231e+00 -5.35224767e-03 
 2.51188643e+00 -6.73808059e-03 
 3.16227766e+00 -8.48274086e-03 
 3.98107171e+00 -1.06791380e-02 
 5.01187234e+00 -1.34442381e-02 
 6.30957344e+00 -1.69252928e-02 
 7.94328235e+00 -2.13076809e-02 
 1.00000000e+01 -2.68247802e-02 
 1.25892541e+01 -3.37703960e-02 
 1.58489319e+01 -4.25144068e-02 
 1.99526231e+01 -5.35224613e-02 
 2.51188643e+01 -6.73807752e-02 
 3.16227766e+01 -8.48273473e-02 
 3.98107171e+01 -1.06791258e-01 
 5.01187234e+01 -1.34442137e-01 
 6.30957344e+01 -1.69252441e-01 
 7.94328235e+01 -2.13075836e-01 
 1.00000000e+02 -2.68245862e-01 
 1.25892541e+02 -3.37700089e-01 
 1.58489319e+02 -4.25136345e-01 
 1.99526231e+02 -5.35209204e-01 
 2.51188643e+02 -6.73777008e-01 
 3.16227766e+02 -8.48212134e-01 
 3.98107171e+02 -1.06779020e+00 
 5.01187234e+02 -1.34417722e+00 
 6.30957344e+02 -1.69203737e+00 
 7.94328235e+02 -2.12978689e+00 
 1.00000000e+03 -2.68052122e+00 
 1.25892541e+03 -3.37313828e+00 
 1.58489319e+03 -4.24366597e+00 
 1.99526231e+03 -5.33676331e+00 
 2.51188643e+03 -6.70727882e+00 
 3.16227766e+03 -8.42157644e+00 
 3.98107171e+03 -1.05580126e+01 
 5.01187234e+03 -1.32053853e+01 
 6.30957344e+03 -1.64573374e+01 
 7.94328235e+03 -2.03997892e+01 
 1.00000000e+04 -2.50883969e+01 
 1.25892541e+04 -3.05158504e+01 
 1.58489319e+04 -3.65769865e+01 
 1.99526231e+04 -4.30514508e+01 
 2.51188643e+04 -4.96270484e+01 
 3.16227766e+04 -5.59670651e+01 
 3.98107171e+04 -6.17908044e+01 
 5.01187234e+04 -6.69248281e+01 
 6.30957344e+04 -7.13075979e+01 
 7.94328235e+04 -7.49619828e+01 
 1.00000000e+05 -7.79595482e+01 
 1.25892541e+05 -8.03916412e+01 
 1.58489319e+05 -8.23512042e+01 
 1.99526231e+05 -8.39234574e+01 
 2.51188643e+05 -8.51822727e+01 
 3.16227766e+05 -8.61896599e+01 
 3.98107171e+05 -8.69967186e+01 
 5.01187234e+05 -8.76451418e+01 
 6.30957344e+05 -8.81688132e+01 
 7.94328235e+05 -8.85952950e+01 
 1.00000000e+06 -8.89471354e+01 
 1.25892541e+06 -8.92429893e+01 
 1.58489319e+06 -8.94985707e+01 
 1.99526231e+06 -8.97274696e+01 
 2.51188643e+06 -8.99418649e+01 
 3.16227766e+06 -9.01531682e+01 
 3.98107171e+06 -9.03726280e+01 
 5.01187234e+06 -9.06119275e+01 
 6.30957344e+06 -9.08838041e+01 
 7.94328235e+06 -9.12027250e+01 
 1.00000000e+07 -9.15856521e+01 
 1.25892541e+07 -9.20529341e+01 
 1.58489319e+07 -9.26293690e+01 
 1.99526231e+07 -9.33454813e+01 
 2.51188643e+07 -9.42390617e+01 
 3.16227766e+07 -9.53570073e+01 
 3.98107171e+07 -9.67574745e+01 
 5.01187234e+07 -9.85122826e+01 
 6.30957344e+07 -1.00709343e+02 
 7.94328235e+07 -1.03454511e+02 
 1.00000000e+08 -1.06871457e+02 
 1.25892541e+08 -1.11096418e+02 
 1.58489319e+08 -1.16261050e+02 
 1.99526231e+08 -1.22449440e+02 
 2.51188643e+08 -1.29603371e+02 
 3.16227766e+08 -1.37339840e+02 
 3.98107171e+08 -1.44677798e+02 
 5.01187234e+08 -1.49885163e+02 
 6.30957344e+08 -1.51266403e+02 
 7.94328235e+08 -1.49697519e+02 
 1.00000000e+09 -1.49243746e+02 
