 1.00000000e+00 -2.68063117e-03 
 1.25892541e+00 -3.37471470e-03 
 1.58489319e+00 -4.24851409e-03 
 1.99526231e+00 -5.34856235e-03 
 2.51188643e+00 -6.73344104e-03 
 3.16227766e+00 -8.47690002e-03 
 3.98107171e+00 -1.06717848e-02 
 5.01187234e+00 -1.34349810e-02 
 6.30957344e+00 -1.69136388e-02 
 7.94328235e+00 -2.12930093e-02 
 1.00000000e+01 -2.68063098e-02 
 1.25892541e+01 -3.37471431e-02 
 1.58489319e+01 -4.24851332e-02 
 1.99526231e+01 -5.34856081e-02 
 2.51188643e+01 -6.73343798e-02 
 3.16227766e+01 -8.47689389e-02 
 3.98107171e+01 -1.06717726e-01 
 5.01187234e+01 -1.34349566e-01 
 6.30957344e+01 -1.69135902e-01 
 7.94328235e+01 -2.12929123e-01 
 1.00000000e+02 -2.68061162e-01 
 1.25892541e+02 -3.37467569e-01 
 1.58489319e+02 -4.24843625e-01 
 1.99526231e+02 -5.34840703e-01 
 2.51188643e+02 -6.73313116e-01 
 3.16227766e+02 -8.47628174e-01 
 3.98107171e+02 -1.06705513e+00 
 5.01187234e+02 -1.34325201e+00 
 6.30957344e+02 -1.69087296e+00 
 7.94328235e+02 -2.12832171e+00 
 1.00000000e+03 -2.67867812e+00 
 1.25892541e+03 -3.37082084e+00 
 1.58489319e+03 -4.24075423e+00 
 1.99526231e+03 -5.33310906e+00 
 2.51188643e+03 -6.70270095e+00 
 3.16227766e+03 -8.41585770e+00 
 3.98107171e+03 -1.05509001e+01 
 5.01187234e+03 -1.31965991e+01 
 6.30957344e+03 -1.64465950e+01 
 7.94328235e+03 -2.03868551e+01 
 1.00000000e+04 -2.50731632e+01 
 1.25892541e+04 -3.04984415e+01 
 1.58489319e+04 -3.65578457e+01 
 1.99526231e+04 -4.30313400e+01 
 2.51188643e+04 -4.96069062e+01 
 3.16227766e+04 -5.59477674e+01 
 3.98107171e+04 -6.17729510e+01 
 5.01187234e+04 -6.69086577e+01 
 6.30957344e+04 -7.12930291e+01 
 7.94328235e+04 -7.49487083e+01 
 1.00000000e+05 -7.79471270e+01 
 1.25892541e+05 -8.03795561e+01 
 1.58489319e+05 -8.23388879e+01 
 1.99526231e+05 -8.39102933e+01 
 2.51188643e+05 -8.51675800e+01 
 3.16227766e+05 -8.61726663e+01 
 3.98107171e+05 -8.69765245e+01 
 5.01187234e+05 -8.76206744e+01 
 6.30957344e+05 -8.81387708e+01 
 7.94328235e+05 -8.85580784e+01 
 1.00000000e+06 -8.89007630e+01 
 1.25892541e+06 -8.91849918e+01 
 1.58489319e+06 -8.94258598e+01 
 1.99526231e+06 -8.96361732e+01 
 2.51188643e+06 -8.98271216e+01 
 3.16227766e+06 -9.00088681e+01 
 3.98107171e+06 -9.01910879e+01 
 5.01187234e+06 -9.03834823e+01 
 6.30957344e+06 -9.05962931e+01 
 7.94328235e+06 -9.08408472e+01 
 1.00000000e+07 -9.11301561e+01 
 1.25892541e+07 -9.14796028e+01 
 1.58489319e+07 -9.19077498e+01 
 1.99526231e+07 -9.24373039e+01 
 2.51188643e+07 -9.30962791e+01 
 3.16227766e+07 -9.39193966e+01 
 3.98107171e+07 -9.49497495e+01 
 5.01187234e+07 -9.62407331e+01 
 6.30957344e+07 -9.78581653e+01 
 7.94328235e+07 -9.98823644e+01 
 1.00000000e+08 -1.02409627e+02 
 1.25892541e+08 -1.05551920e+02 
 1.58489319e+08 -1.09432447e+02 
 1.99526231e+08 -1.14172786e+02 
 2.51188643e+08 -1.19864373e+02 
 3.16227766e+08 -1.26513673e+02 
 3.98107171e+08 -1.33948803e+02 
 5.01187234e+08 -1.41682773e+02 
 6.30957344e+08 -1.48768143e+02 
 7.94328235e+08 -1.53834310e+02 
 1.00000000e+09 -1.55902872e+02 
