 1.00000000e+00  1.79767131e+01 
 1.25892541e+00  1.79767131e+01 
 1.58489319e+00  1.79767131e+01 
 1.99526231e+00  1.79767131e+01 
 2.51188643e+00  1.79767131e+01 
 3.16227766e+00  1.79767131e+01 
 3.98107171e+00  1.79767131e+01 
 5.01187234e+00  1.79767131e+01 
 6.30957344e+00  1.79767131e+01 
 7.94328235e+00  1.79767131e+01 
 1.00000000e+01  1.79767131e+01 
 1.25892541e+01  1.79767131e+01 
 1.58489319e+01  1.79767131e+01 
 1.99526231e+01  1.79767131e+01 
 2.51188643e+01  1.79767131e+01 
 3.16227766e+01  1.79767131e+01 
 3.98107171e+01  1.79767131e+01 
 5.01187234e+01  1.79767131e+01 
 6.30957344e+01  1.79767131e+01 
 7.94328235e+01  1.79767130e+01 
 1.00000000e+02  1.79767129e+01 
 1.25892541e+02  1.79767128e+01 
 1.58489319e+02  1.79767126e+01 
 1.99526231e+02  1.79767124e+01 
 2.51188643e+02  1.79767119e+01 
 3.16227766e+02  1.79767112e+01 
 3.98107171e+02  1.79767100e+01 
 5.01187234e+02  1.79767082e+01 
 6.30957344e+02  1.79767053e+01 
 7.94328235e+02  1.79767007e+01 
 1.00000000e+03  1.79766934e+01 
 1.25892541e+03  1.79766818e+01 
 1.58489319e+03  1.79766635e+01 
 1.99526231e+03  1.79766345e+01 
 2.51188643e+03  1.79765885e+01 
 3.16227766e+03  1.79765155e+01 
 3.98107171e+03  1.79764000e+01 
 5.01187234e+03  1.79762168e+01 
 6.30957344e+03  1.79759265e+01 
 7.94328235e+03  1.79754665e+01 
 1.00000000e+04  1.79747375e+01 
 1.25892541e+04  1.79735823e+01 
 1.58489319e+04  1.79717522e+01 
 1.99526231e+04  1.79688532e+01 
 2.51188643e+04  1.79642626e+01 
 3.16227766e+04  1.79569969e+01 
 3.98107171e+04  1.79455063e+01 
 5.01187234e+04  1.79273570e+01 
 6.30957344e+04  1.78987468e+01 
 7.94328235e+04  1.78537853e+01 
 1.00000000e+05  1.77834660e+01 
 1.25892541e+05  1.76742985e+01 
 1.58489319e+05  1.75067116e+01 
 1.99526231e+05  1.72536801e+01 
 2.51188643e+05  1.68806042e+01 
 3.16227766e+05  1.63480346e+01 
 3.98107171e+05  1.56185202e+01 
 5.01187234e+05  1.46665938e+01 
 6.30957344e+05  1.34874047e+01 
 7.94328235e+05  1.20985258e+01 
 1.00000000e+06  1.05336522e+01 
 1.25892541e+06  8.83247012e+00 
 1.58489319e+06  7.03216853e+00 
 1.99526231e+06  5.16306048e+00 
 2.51188643e+06  3.24771833e+00 
 3.16227766e+06  1.30198526e+00 
 3.98107171e+06 -6.63438924e-01 
 5.01187234e+06 -2.64150689e+00 
 6.30957344e+06 -4.62765335e+00 
 7.94328235e+06 -6.61895602e+00 
 1.00000000e+07 -8.61356486e+00 
 1.25892541e+07 -1.06103271e+01 
 1.58489319e+07 -1.26085481e+01 
 1.99526231e+07 -1.46078457e+01 
 2.51188643e+07 -1.66080685e+01 
 3.16227766e+07 -1.86092644e+01 
 3.98107171e+07 -2.06116901e+01 
 5.01187234e+07 -2.26158654e+01 
 6.30957344e+07 -2.46226821e+01 
 7.94328235e+07 -2.66335878e+01 
 1.00000000e+08 -2.86508771e+01 
 1.25892541e+08 -3.06781341e+01 
 1.58489319e+08 -3.27208774e+01 
 1.99526231e+08 -3.47874395e+01 
 2.51188643e+08 -3.68900316e+01 
 3.16227766e+08 -3.90457087e+01 
 3.98107171e+08 -4.12764532e+01 
 5.01187234e+08 -4.36068047e+01 
 6.30957344e+08 -4.60568141e+01 
 7.94328235e+08 -4.86290688e+01 
 1.00000000e+09 -5.12932291e+01 
