 1.00000000e+00  1.79767344e+01 
 1.25892541e+00  1.79767344e+01 
 1.58489319e+00  1.79767344e+01 
 1.99526231e+00  1.79767344e+01 
 2.51188643e+00  1.79767344e+01 
 3.16227766e+00  1.79767344e+01 
 3.98107171e+00  1.79767344e+01 
 5.01187234e+00  1.79767344e+01 
 6.30957344e+00  1.79767344e+01 
 7.94328235e+00  1.79767344e+01 
 1.00000000e+01  1.79767344e+01 
 1.25892541e+01  1.79767344e+01 
 1.58489319e+01  1.79767344e+01 
 1.99526231e+01  1.79767344e+01 
 2.51188643e+01  1.79767344e+01 
 3.16227766e+01  1.79767344e+01 
 3.98107171e+01  1.79767344e+01 
 5.01187234e+01  1.79767344e+01 
 6.30957344e+01  1.79767344e+01 
 7.94328235e+01  1.79767343e+01 
 1.00000000e+02  1.79767342e+01 
 1.25892541e+02  1.79767341e+01 
 1.58489319e+02  1.79767339e+01 
 1.99526231e+02  1.79767337e+01 
 2.51188643e+02  1.79767332e+01 
 3.16227766e+02  1.79767325e+01 
 3.98107171e+02  1.79767313e+01 
 5.01187234e+02  1.79767295e+01 
 6.30957344e+02  1.79767266e+01 
 7.94328235e+02  1.79767220e+01 
 1.00000000e+03  1.79767148e+01 
 1.25892541e+03  1.79767032e+01 
 1.58489319e+03  1.79766850e+01 
 1.99526231e+03  1.79766561e+01 
 2.51188643e+03  1.79766103e+01 
 3.16227766e+03  1.79765377e+01 
 3.98107171e+03  1.79764226e+01 
 5.01187234e+03  1.79762402e+01 
 6.30957344e+03  1.79759512e+01 
 7.94328235e+03  1.79754931e+01 
 1.00000000e+04  1.79747672e+01 
 1.25892541e+04  1.79736170e+01 
 1.58489319e+04  1.79717947e+01 
 1.99526231e+04  1.79689080e+01 
 2.51188643e+04  1.79643370e+01 
 3.16227766e+04  1.79571021e+01 
 3.98107171e+04  1.79456603e+01 
 5.01187234e+04  1.79275878e+01 
 6.30957344e+04  1.78990980e+01 
 7.94328235e+04  1.78543241e+01 
 1.00000000e+05  1.77842944e+01 
 1.25892541e+05  1.76755672e+01 
 1.58489319e+05  1.75086352e+01 
 1.99526231e+05  1.72565460e+01 
 2.51188643e+05  1.68847634e+01 
 3.16227766e+05  1.63538583e+01 
 3.98107171e+05  1.56263176e+01 
 5.01187234e+05  1.46765163e+01 
 6.30957344e+05  1.34993901e+01 
 7.94328235e+05  1.21123224e+01 
 1.00000000e+06  1.05489042e+01 
 1.25892541e+06  8.84881074e+00 
 1.58489319e+06  7.04928159e+00 
 1.99526231e+06  5.18070247e+00 
 2.51188643e+06  3.26571583e+00 
 3.16227766e+06  1.32022199e+00 
 3.98107171e+06 -6.45035946e-01 
 5.01187234e+06 -2.62297825e+00 
 6.30957344e+06 -4.60901394e+00 
 7.94328235e+06 -6.60019741e+00 
 1.00000000e+07 -8.59465310e+00 
 1.25892541e+07 -1.05911953e+01 
 1.58489319e+07 -1.25890820e+01 
 1.99526231e+07 -1.45878589e+01 
 2.51188643e+07 -1.65872625e+01 
 3.16227766e+07 -1.85871643e+01 
 3.98107171e+07 -2.05875432e+01 
 5.01187234e+07 -2.25884807e+01 
 6.30957344e+07 -2.45901780e+01 
 7.94328235e+07 -2.65929995e+01 
 1.00000000e+08 -2.85975485e+01 
 1.25892541e+08 -3.06047926e+01 
 1.58489319e+08 -3.26162600e+01 
 1.99526231e+08 -3.46343378e+01 
 2.51188643e+08 -3.66627101e+01 
 3.16227766e+08 -3.87069665e+01 
 3.98107171e+08 -4.07753675e+01 
 5.01187234e+08 -4.28796181e+01 
 6.30957344e+08 -4.50352066e+01 
 7.94328235e+08 -4.72603707e+01 
 1.00000000e+09 -4.95723008e+01 
