 1.00000000e+00  1.48373977e-05 
 1.02329299e+00  1.46907847e-05 
 1.04712855e+00  1.45456325e-05 
 1.07151931e+00  1.44019262e-05 
 1.09647820e+00  1.42596513e-05 
 1.12201845e+00  1.41187934e-05 
 1.14815362e+00  1.39793383e-05 
 1.17489755e+00  1.38412718e-05 
 1.20226443e+00  1.37045800e-05 
 1.23026877e+00  1.35692490e-05 
 1.25892541e+00  1.34352653e-05 
 1.28824955e+00  1.33026151e-05 
 1.31825674e+00  1.31712852e-05 
 1.34896288e+00  1.30412622e-05 
 1.38038426e+00  1.29125331e-05 
 1.41253754e+00  1.27850847e-05 
 1.44543977e+00  1.26589043e-05 
 1.47910839e+00  1.25339791e-05 
 1.51356125e+00  1.24102965e-05 
 1.54881662e+00  1.22878440e-05 
 1.58489319e+00  1.21666092e-05 
 1.62181010e+00  1.20465800e-05 
 1.65958691e+00  1.19277442e-05 
 1.69824365e+00  1.18100898e-05 
 1.73780083e+00  1.16936051e-05 
 1.77827941e+00  1.15782781e-05 
 1.81970086e+00  1.14640974e-05 
 1.86208714e+00  1.13510515e-05 
 1.90546072e+00  1.12391288e-05 
 1.94984460e+00  1.11283182e-05 
 1.99526231e+00  1.10186086e-05 
 2.04173794e+00  1.09099888e-05 
 2.08929613e+00  1.08024479e-05 
 2.13796209e+00  1.06959751e-05 
 2.18776162e+00  1.05905598e-05 
 2.23872114e+00  1.04861913e-05 
 2.29086765e+00  1.03828590e-05 
 2.34422882e+00  1.02805528e-05 
 2.39883292e+00  1.01792621e-05 
 2.45470892e+00  1.00789769e-05 
 2.51188643e+00  9.97968714e-06 
 2.57039578e+00  9.88138278e-06 
 2.63026799e+00  9.78405396e-06 
 2.69153480e+00  9.68769093e-06 
 2.75422870e+00  9.59228400e-06 
 2.81838293e+00  9.49782360e-06 
 2.88403150e+00  9.40430025e-06 
 2.95120923e+00  9.31170458e-06 
 3.01995172e+00  9.22002730e-06 
 3.09029543e+00  9.12925921e-06 
 3.16227766e+00  9.03939121e-06 
 3.23593657e+00  8.95041431e-06 
 3.31131121e+00  8.86231957e-06 
 3.38844156e+00  8.77509818e-06 
 3.46736850e+00  8.68874140e-06 
 3.54813389e+00  8.60324058e-06 
 3.63078055e+00  8.51858716e-06 
 3.71535229e+00  8.43477266e-06 
 3.80189396e+00  8.35178871e-06 
 3.89045145e+00  8.26962698e-06 
 3.98107171e+00  8.18827927e-06 
 4.07380278e+00  8.10773744e-06 
 4.16869383e+00  8.02799343e-06 
 4.26579519e+00  7.94903927e-06 
 4.36515832e+00  7.87086706e-06 
 4.46683592e+00  7.79346900e-06 
 4.57088190e+00  7.71683735e-06 
 4.67735141e+00  7.64096445e-06 
 4.78630092e+00  7.56584273e-06 
 4.89778819e+00  7.49146468e-06 
 5.01187234e+00  7.41782288e-06 
 5.12861384e+00  7.34490998e-06 
 5.24807460e+00  7.27271869e-06 
 5.37031796e+00  7.20124182e-06 
 5.49540874e+00  7.13047223e-06 
 5.62341325e+00  7.06040286e-06 
 5.75439937e+00  6.99102674e-06 
 5.88843655e+00  6.92233693e-06 
 6.02559586e+00  6.85432659e-06 
 6.16595002e+00  6.78698895e-06 
 6.30957344e+00  6.72031729e-06 
 6.45654229e+00  6.65430497e-06 
 6.60693448e+00  6.58894542e-06 
 6.76082975e+00  6.52423212e-06 
 6.91830971e+00  6.46015863e-06 
 7.07945784e+00  6.39671857e-06 
 7.24435960e+00  6.33390563e-06 
 7.41310241e+00  6.27171356e-06 
 7.58577575e+00  6.21013616e-06 
 7.76247117e+00  6.14916732e-06 
 7.94328235e+00  6.08880097e-06 
 8.12830516e+00  6.02903110e-06 
 8.31763771e+00  5.96985178e-06 
 8.51138038e+00  5.91125711e-06 
 8.70963590e+00  5.85324129e-06 
 8.91250938e+00  5.79579853e-06 
 9.12010839e+00  5.73892314e-06 
 9.33254301e+00  5.68260946e-06 
 9.54992586e+00  5.62685191e-06 
 9.77237221e+00  5.57164494e-06 
 1.00000000e+01  5.51698307e-06 
 1.02329299e+01  5.46286089e-06 
 1.04712855e+01  5.40927301e-06 
 1.07151931e+01  5.35621413e-06 
 1.09647820e+01  5.30367897e-06 
 1.12201845e+01  5.25166232e-06 
 1.14815362e+01  5.20015904e-06 
 1.17489755e+01  5.14916400e-06 
 1.20226443e+01  5.09867217e-06 
 1.23026877e+01  5.04867852e-06 
 1.25892541e+01  4.99917811e-06 
 1.28824955e+01  4.95016603e-06 
 1.31825674e+01  4.90163743e-06 
 1.34896288e+01  4.85358750e-06 
 1.38038426e+01  4.80601148e-06 
 1.41253754e+01  4.75890466e-06 
 1.44543977e+01  4.71226238e-06 
 1.47910839e+01  4.66608002e-06 
 1.51356125e+01  4.62035302e-06 
 1.54881662e+01  4.57507684e-06 
 1.58489319e+01  4.53024701e-06 
 1.62181010e+01  4.48585910e-06 
 1.65958691e+01  4.44190871e-06 
 1.69824365e+01  4.39839150e-06 
 1.73780083e+01  4.35530317e-06 
 1.77827941e+01  4.31263945e-06 
 1.81970086e+01  4.27039614e-06 
 1.86208714e+01  4.22856906e-06 
 1.90546072e+01  4.18715408e-06 
 1.94984460e+01  4.14614710e-06 
 1.99526231e+01  4.10554408e-06 
 2.04173794e+01  4.06534101e-06 
 2.08929613e+01  4.02553392e-06 
 2.13796209e+01  3.98611887e-06 
 2.18776162e+01  3.94709199e-06 
 2.23872114e+01  3.90844942e-06 
 2.29086765e+01  3.87018734e-06 
 2.34422882e+01  3.83230199e-06 
 2.39883292e+01  3.79478962e-06 
 2.45470892e+01  3.75764654e-06 
 2.51188643e+01  3.72086909e-06 
 2.57039578e+01  3.68445364e-06 
 2.63026799e+01  3.64839660e-06 
 2.69153480e+01  3.61269442e-06 
 2.75422870e+01  3.57734358e-06 
 2.81838293e+01  3.54234060e-06 
 2.88403150e+01  3.50768203e-06 
 2.95120923e+01  3.47336446e-06 
 3.01995172e+01  3.43938451e-06 
 3.09029543e+01  3.40573884e-06 
 3.16227766e+01  3.37242412e-06 
 3.23593657e+01  3.33943710e-06 
 3.31131121e+01  3.30677451e-06 
 3.38844156e+01  3.27443314e-06 
 3.46736850e+01  3.24240982e-06 
 3.54813389e+01  3.21070140e-06 
 3.63078055e+01  3.17930475e-06 
 3.71535229e+01  3.14821679e-06 
 3.80189396e+01  3.11743446e-06 
 3.89045145e+01  3.08695475e-06 
 3.98107171e+01  3.05677464e-06 
 4.07380278e+01  3.02689119e-06 
 4.16869383e+01  2.99730144e-06 
 4.26579519e+01  2.96800250e-06 
 4.36515832e+01  2.93899149e-06 
 4.46683592e+01  2.91026556e-06 
 4.57088190e+01  2.88182189e-06 
 4.67735141e+01  2.85365768e-06 
 4.78630092e+01  2.82577018e-06 
 4.89778819e+01  2.79815665e-06 
 5.01187234e+01  2.77081437e-06 
 5.12861384e+01  2.74374066e-06 
 5.24807460e+01  2.71693288e-06 
 5.37031796e+01  2.69038838e-06 
 5.49540874e+01  2.66410457e-06 
 5.62341325e+01  2.63807887e-06 
 5.75439937e+01  2.61230872e-06 
 5.88843655e+01  2.58679162e-06 
 6.02559586e+01  2.56152504e-06 
 6.16595002e+01  2.53650652e-06 
 6.30957344e+01  2.51173360e-06 
 6.45654229e+01  2.48720386e-06 
 6.60693448e+01  2.46291490e-06 
 6.76082975e+01  2.43886433e-06 
 6.91830971e+01  2.41504981e-06 
 7.07945784e+01  2.39146900e-06 
 7.24435960e+01  2.36811959e-06 
 7.41310241e+01  2.34499930e-06 
 7.58577575e+01  2.32210586e-06 
 7.76247117e+01  2.29943704e-06 
 7.94328235e+01  2.27699062e-06 
 8.12830516e+01  2.25476440e-06 
 8.31763771e+01  2.23275620e-06 
 8.51138038e+01  2.21096389e-06 
 8.70963590e+01  2.18938532e-06 
 8.91250938e+01  2.16801838e-06 
 9.12010839e+01  2.14686100e-06 
 9.33254301e+01  2.12591109e-06 
 9.54992586e+01  2.10516662e-06 
 9.77237221e+01  2.08462556e-06 
 1.00000000e+02  2.06428589e-06 
 1.02329299e+02  2.04414564e-06 
 1.04712855e+02  2.02420283e-06 
 1.07151931e+02  2.00445552e-06 
 1.09647820e+02  1.98490178e-06 
 1.12201845e+02  1.96553971e-06 
 1.14815362e+02  1.94636741e-06 
 1.17489755e+02  1.92738300e-06 
 1.20226443e+02  1.90858465e-06 
 1.23026877e+02  1.88997051e-06 
 1.25892541e+02  1.87153877e-06 
 1.28824955e+02  1.85328764e-06 
 1.31825674e+02  1.83521532e-06 
 1.34896288e+02  1.81732006e-06 
 1.38038426e+02  1.79960012e-06 
 1.41253754e+02  1.78205376e-06 
 1.44543977e+02  1.76467928e-06 
 1.47910839e+02  1.74747498e-06 
 1.51356125e+02  1.73043919e-06 
 1.54881662e+02  1.71357024e-06 
 1.58489319e+02  1.69686650e-06 
 1.62181010e+02  1.68032633e-06 
 1.65958691e+02  1.66394813e-06 
 1.69824365e+02  1.64773030e-06 
 1.73780083e+02  1.63167126e-06 
 1.77827941e+02  1.61576945e-06 
 1.81970086e+02  1.60002332e-06 
 1.86208714e+02  1.58443134e-06 
 1.90546072e+02  1.56899199e-06 
 1.94984460e+02  1.55370376e-06 
 1.99526231e+02  1.53856518e-06 
 2.04173794e+02  1.52357476e-06 
 2.08929613e+02  1.50873105e-06 
 2.13796209e+02  1.49403261e-06 
 2.18776162e+02  1.47947800e-06 
 2.23872114e+02  1.46506582e-06 
 2.29086765e+02  1.45079466e-06 
 2.34422882e+02  1.43666313e-06 
 2.39883292e+02  1.42266986e-06 
 2.45470892e+02  1.40881348e-06 
 2.51188643e+02  1.39509267e-06 
 2.57039578e+02  1.38150607e-06 
 2.63026799e+02  1.36805237e-06 
 2.69153480e+02  1.35473027e-06 
 2.75422870e+02  1.34153847e-06 
 2.81838293e+02  1.32847568e-06 
 2.88403150e+02  1.31554065e-06 
 2.95120923e+02  1.30273211e-06 
 3.01995172e+02  1.29004882e-06 
 3.09029543e+02  1.27748955e-06 
 3.16227766e+02  1.26505309e-06 
 3.23593657e+02  1.25273822e-06 
 3.31131121e+02  1.24054374e-06 
 3.38844156e+02  1.22846849e-06 
 3.46736850e+02  1.21651128e-06 
 3.54813389e+02  1.20467096e-06 
 3.63078055e+02  1.19294637e-06 
 3.71535229e+02  1.18133639e-06 
 3.80189396e+02  1.16983988e-06 
 3.89045145e+02  1.15845573e-06 
 3.98107171e+02  1.14718283e-06 
 4.07380278e+02  1.13602011e-06 
 4.16869383e+02  1.12496646e-06 
 4.26579519e+02  1.11402083e-06 
 4.36515832e+02  1.10318215e-06 
 4.46683592e+02  1.09244936e-06 
 4.57088190e+02  1.08182145e-06 
 4.67735141e+02  1.07129736e-06 
 4.78630092e+02  1.06087608e-06 
 4.89778819e+02  1.05055661e-06 
 5.01187234e+02  1.04033795e-06 
 5.12861384e+02  1.03021910e-06 
 5.24807460e+02  1.02019909e-06 
 5.37031796e+02  1.01027694e-06 
 5.49540874e+02  1.00045170e-06 
 5.62341325e+02  9.90722415e-07 
 5.75439937e+02  9.81088144e-07 
 5.88843655e+02  9.71547956e-07 
 6.02559586e+02  9.62100927e-07 
 6.16595002e+02  9.52746144e-07 
 6.30957344e+02  9.43482701e-07 
 6.45654229e+02  9.34309704e-07 
 6.60693448e+02  9.25226265e-07 
 6.76082975e+02  9.16231506e-07 
 6.91830971e+02  9.07324558e-07 
 7.07945784e+02  8.98504560e-07 
 7.24435960e+02  8.89770659e-07 
 7.41310241e+02  8.81122011e-07 
 7.58577575e+02  8.72557782e-07 
 7.76247117e+02  8.64077142e-07 
 7.94328235e+02  8.55679274e-07 
 8.12830516e+02  8.47363365e-07 
 8.31763771e+02  8.39128614e-07 
 8.51138038e+02  8.30974223e-07 
 8.70963590e+02  8.22899407e-07 
 8.91250938e+02  8.14903386e-07 
 9.12010839e+02  8.06985387e-07 
 9.33254301e+02  7.99144646e-07 
 9.54992586e+02  7.91380407e-07 
 9.77237221e+02  7.83691920e-07 
 1.00000000e+03  7.76078443e-07 
 1.02329299e+03  7.68539242e-07 
 1.04712855e+03  7.61073589e-07 
 1.07151931e+03  7.53680763e-07 
 1.09647820e+03  7.46360053e-07 
 1.12201845e+03  7.39110752e-07 
 1.14815362e+03  7.31932161e-07 
 1.17489755e+03  7.24823587e-07 
 1.20226443e+03  7.17784345e-07 
 1.23026877e+03  7.10813757e-07 
 1.25892541e+03  7.03911150e-07 
 1.28824955e+03  6.97075859e-07 
 1.31825674e+03  6.90307226e-07 
 1.34896288e+03  6.83604598e-07 
 1.38038426e+03  6.76967329e-07 
 1.41253754e+03  6.70394780e-07 
 1.44543977e+03  6.63886317e-07 
 1.47910839e+03  6.57441314e-07 
 1.51356125e+03  6.51059150e-07 
 1.54881662e+03  6.44739210e-07 
 1.58489319e+03  6.38480885e-07 
 1.62181010e+03  6.32283574e-07 
 1.65958691e+03  6.26146678e-07 
 1.69824365e+03  6.20069608e-07 
 1.73780083e+03  6.14051778e-07 
 1.77827941e+03  6.08092609e-07 
 1.81970086e+03  6.02191528e-07 
 1.86208714e+03  5.96347966e-07 
 1.90546072e+03  5.90561361e-07 
 1.94984460e+03  5.84831158e-07 
 1.99526231e+03  5.79156803e-07 
 2.04173794e+03  5.73537752e-07 
 2.08929613e+03  5.67973463e-07 
 2.13796209e+03  5.62463403e-07 
 2.18776162e+03  5.57007040e-07 
 2.23872114e+03  5.51603850e-07 
 2.29086765e+03  5.46253314e-07 
 2.34422882e+03  5.40954917e-07 
 2.39883292e+03  5.35708150e-07 
 2.45470892e+03  5.30512508e-07 
 2.51188643e+03  5.25367492e-07 
 2.57039578e+03  5.20272608e-07 
 2.63026799e+03  5.15227365e-07 
 2.69153480e+03  5.10231280e-07 
 2.75422870e+03  5.05283872e-07 
 2.81838293e+03  5.00384665e-07 
 2.88403150e+03  4.95533190e-07 
 2.95120923e+03  4.90728980e-07 
 3.01995172e+03  4.85971573e-07 
 3.09029543e+03  4.81260513e-07 
 3.16227766e+03  4.76595348e-07 
 3.23593657e+03  4.71975628e-07 
 3.31131121e+03  4.67400912e-07 
 3.38844156e+03  4.62870760e-07 
 3.46736850e+03  4.58384736e-07 
 3.54813389e+03  4.53942410e-07 
 3.63078055e+03  4.49543356e-07 
 3.71535229e+03  4.45187152e-07 
 3.80189396e+03  4.40873380e-07 
 3.89045145e+03  4.36601625e-07 
 3.98107171e+03  4.32371478e-07 
 4.07380278e+03  4.28182533e-07 
 4.16869383e+03  4.24034388e-07 
 4.26579519e+03  4.19926645e-07 
 4.36515832e+03  4.15858911e-07 
 4.46683592e+03  4.11830795e-07 
 4.57088190e+03  4.07841910e-07 
 4.67735141e+03  4.03891876e-07 
 4.78630092e+03  3.99980311e-07 
 4.89778819e+03  3.96106843e-07 
 5.01187234e+03  3.92271099e-07 
 5.12861384e+03  3.88472711e-07 
 5.24807460e+03  3.84711316e-07 
 5.37031796e+03  3.80986553e-07 
 5.49540874e+03  3.77298066e-07 
 5.62341325e+03  3.73645500e-07 
 5.75439937e+03  3.70028506e-07 
 5.88843655e+03  3.66446737e-07 
 6.02559586e+03  3.62899850e-07 
 6.16595002e+03  3.59387506e-07 
 6.30957344e+03  3.55909367e-07 
 6.45654229e+03  3.52465101e-07 
 6.60693448e+03  3.49054378e-07 
 6.76082975e+03  3.45676872e-07 
 6.91830971e+03  3.42332258e-07 
 7.07945784e+03  3.39020217e-07 
 7.24435960e+03  3.35740432e-07 
 7.41310241e+03  3.32492588e-07 
 7.58577575e+03  3.29276375e-07 
 7.76247117e+03  3.26091484e-07 
 7.94328235e+03  3.22937612e-07 
 8.12830516e+03  3.19814456e-07 
 8.31763771e+03  3.16721718e-07 
 8.51138038e+03  3.13659101e-07 
 8.70963590e+03  3.10626312e-07 
 8.91250938e+03  3.07623062e-07 
 9.12010839e+03  3.04649062e-07 
 9.33254301e+03  3.01704030e-07 
 9.54992586e+03  2.98787681e-07 
 9.77237221e+03  2.95899739e-07 
 1.00000000e+04  2.93039927e-07 
 1.02329299e+04  2.90207970e-07 
 1.04712855e+04  2.87403600e-07 
 1.07151931e+04  2.84626546e-07 
 1.09647820e+04  2.81876544e-07 
 1.12201845e+04  2.79153332e-07 
 1.14815362e+04  2.76456648e-07 
 1.17489755e+04  2.73786234e-07 
 1.20226443e+04  2.71141836e-07 
 1.23026877e+04  2.68523202e-07 
 1.25892541e+04  2.65930079e-07 
 1.28824955e+04  2.63362222e-07 
 1.31825674e+04  2.60819384e-07 
 1.34896288e+04  2.58301323e-07 
 1.38038426e+04  2.55807798e-07 
 1.41253754e+04  2.53338570e-07 
 1.44543977e+04  2.50893405e-07 
 1.47910839e+04  2.48472068e-07 
 1.51356125e+04  2.46074328e-07 
 1.54881662e+04  2.43699956e-07 
 1.58489319e+04  2.41348725e-07 
 1.62181010e+04  2.39020412e-07 
 1.65958691e+04  2.36714793e-07 
 1.69824365e+04  2.34431648e-07 
 1.73780083e+04  2.32170760e-07 
 1.77827941e+04  2.29931913e-07 
 1.81970086e+04  2.27714892e-07 
 1.86208714e+04  2.25519487e-07 
 1.90546072e+04  2.23345488e-07 
 1.94984460e+04  2.21192687e-07 
 1.99526231e+04  2.19060879e-07 
 2.04173794e+04  2.16949860e-07 
 2.08929613e+04  2.14859429e-07 
 2.13796209e+04  2.12789387e-07 
 2.18776162e+04  2.10739536e-07 
 2.23872114e+04  2.08709681e-07 
 2.29086765e+04  2.06699627e-07 
 2.34422882e+04  2.04709184e-07 
 2.39883292e+04  2.02738161e-07 
 2.45470892e+04  2.00786371e-07 
 2.51188643e+04  1.98853626e-07 
 2.57039578e+04  1.96939744e-07 
 2.63026799e+04  1.95044541e-07 
 2.69153480e+04  1.93167836e-07 
 2.75422870e+04  1.91309452e-07 
 2.81838293e+04  1.89469210e-07 
 2.88403150e+04  1.87646935e-07 
 2.95120923e+04  1.85842454e-07 
 3.01995172e+04  1.84055594e-07 
 3.09029543e+04  1.82286185e-07 
 3.16227766e+04  1.80534059e-07 
 3.23593657e+04  1.78799048e-07 
 3.31131121e+04  1.77080987e-07 
 3.38844156e+04  1.75379713e-07 
 3.46736850e+04  1.73695063e-07 
 3.54813389e+04  1.72026877e-07 
 3.63078055e+04  1.70374996e-07 
 3.71535229e+04  1.68739263e-07 
 3.80189396e+04  1.67119521e-07 
 3.89045145e+04  1.65515616e-07 
 3.98107171e+04  1.63927397e-07 
 4.07380278e+04  1.62354710e-07 
 4.16869383e+04  1.60797407e-07 
 4.26579519e+04  1.59255339e-07 
 4.36515832e+04  1.57728360e-07 
 4.46683592e+04  1.56216324e-07 
 4.57088190e+04  1.54719086e-07 
 4.67735141e+04  1.53236505e-07 
 4.78630092e+04  1.51768439e-07 
 4.89778819e+04  1.50314749e-07 
 5.01187234e+04  1.48875296e-07 
 5.12861384e+04  1.47449943e-07 
 5.24807460e+04  1.46038554e-07 
 5.37031796e+04  1.44640995e-07 
 5.49540874e+04  1.43257133e-07 
 5.62341325e+04  1.41886836e-07 
 5.75439937e+04  1.40529974e-07 
 5.88843655e+04  1.39186418e-07 
 6.02559586e+04  1.37856040e-07 
 6.16595002e+04  1.36538713e-07 
 6.30957344e+04  1.35234311e-07 
 6.45654229e+04  1.33942712e-07 
 6.60693448e+04  1.32663791e-07 
 6.76082975e+04  1.31397427e-07 
 6.91830971e+04  1.30143500e-07 
 7.07945784e+04  1.28901890e-07 
 7.24435960e+04  1.27672480e-07 
 7.41310241e+04  1.26455151e-07 
 7.58577575e+04  1.25249789e-07 
 7.76247117e+04  1.24056279e-07 
 7.94328235e+04  1.22874507e-07 
 8.12830516e+04  1.21704361e-07 
 8.31763771e+04  1.20545729e-07 
 8.51138038e+04  1.19398502e-07 
 8.70963590e+04  1.18262570e-07 
 8.91250938e+04  1.17137824e-07 
 9.12010839e+04  1.16024159e-07 
 9.33254301e+04  1.14921468e-07 
 9.54992586e+04  1.13829647e-07 
 9.77237221e+04  1.12748591e-07 
 1.00000000e+05  1.11678197e-07 
 1.02329299e+05  1.10618365e-07 
 1.04712855e+05  1.09568992e-07 
 1.07151931e+05  1.08529980e-07 
 1.09647820e+05  1.07501230e-07 
 1.12201845e+05  1.06482643e-07 
 1.14815362e+05  1.05474122e-07 
 1.17489755e+05  1.04475573e-07 
 1.20226443e+05  1.03486899e-07 
 1.23026877e+05  1.02508008e-07 
 1.25892541e+05  1.01538805e-07 
 1.28824955e+05  1.00579198e-07 
 1.31825674e+05  9.96290974e-08 
 1.34896288e+05  9.86884115e-08 
 1.38038426e+05  9.77570511e-08 
 1.41253754e+05  9.68349276e-08 
 1.44543977e+05  9.59219534e-08 
 1.47910839e+05  9.50180417e-08 
 1.51356125e+05  9.41231064e-08 
 1.54881662e+05  9.32370625e-08 
 1.58489319e+05  9.23598256e-08 
 1.62181010e+05  9.14913123e-08 
 1.65958691e+05  9.06314401e-08 
 1.69824365e+05  8.97801271e-08 
 1.73780083e+05  8.89372924e-08 
 1.77827941e+05  8.81028557e-08 
 1.81970086e+05  8.72767377e-08 
 1.86208714e+05  8.64588598e-08 
 1.90546072e+05  8.56491441e-08 
 1.94984460e+05  8.48475137e-08 
 1.99526231e+05  8.40538922e-08 
 2.04173794e+05  8.32682041e-08 
 2.08929613e+05  8.24903747e-08 
 2.13796209e+05  8.17203299e-08 
 2.18776162e+05  8.09579964e-08 
 2.23872114e+05  8.02033016e-08 
 2.29086765e+05  7.94561737e-08 
 2.34422882e+05  7.87165416e-08 
 2.39883292e+05  7.79843348e-08 
 2.45470892e+05  7.72594836e-08 
 2.51188643e+05  7.65419189e-08 
 2.57039578e+05  7.58315725e-08 
 2.63026799e+05  7.51283766e-08 
 2.69153480e+05  7.44322643e-08 
 2.75422870e+05  7.37431691e-08 
 2.81838293e+05  7.30610255e-08 
 2.88403150e+05  7.23857683e-08 
 2.95120923e+05  7.17173333e-08 
 3.01995172e+05  7.10556567e-08 
 3.09029543e+05  7.04006753e-08 
 3.16227766e+05  6.97523268e-08 
 3.23593657e+05  6.91105492e-08 
 3.31131121e+05  6.84752813e-08 
 3.38844156e+05  6.78464624e-08 
 3.46736850e+05  6.72240326e-08 
 3.54813389e+05  6.66079324e-08 
 3.63078055e+05  6.59981029e-08 
 3.71535229e+05  6.53944859e-08 
 3.80189396e+05  6.47970237e-08 
 3.89045145e+05  6.42056592e-08 
 3.98107171e+05  6.36203358e-08 
 4.07380278e+05  6.30409976e-08 
 4.16869383e+05  6.24675891e-08 
 4.26579519e+05  6.19000555e-08 
 4.36515832e+05  6.13383424e-08 
 4.46683592e+05  6.07823959e-08 
 4.57088190e+05  6.02321630e-08 
 4.67735141e+05  5.96875907e-08 
 4.78630092e+05  5.91486269e-08 
 4.89778819e+05  5.86152199e-08 
 5.01187234e+05  5.80873185e-08 
 5.12861384e+05  5.75648721e-08 
 5.24807460e+05  5.70478303e-08 
 5.37031796e+05  5.65361436e-08 
 5.49540874e+05  5.60297628e-08 
 5.62341325e+05  5.55286391e-08 
 5.75439937e+05  5.50327243e-08 
 5.88843655e+05  5.45419707e-08 
 6.02559586e+05  5.40563309e-08 
 6.16595002e+05  5.35757582e-08 
 6.30957344e+05  5.31002061e-08 
 6.45654229e+05  5.26296288e-08 
 6.60693448e+05  5.21639808e-08 
 6.76082975e+05  5.17032171e-08 
 6.91830971e+05  5.12472931e-08 
 7.07945784e+05  5.07961647e-08 
 7.24435960e+05  5.03497882e-08 
 7.41310241e+05  4.99081203e-08 
 7.58577575e+05  4.94711181e-08 
 7.76247117e+05  4.90387392e-08 
 7.94328235e+05  4.86109416e-08 
 8.12830516e+05  4.81876836e-08 
 8.31763771e+05  4.77689241e-08 
 8.51138038e+05  4.73546221e-08 
 8.70963590e+05  4.69447373e-08 
 8.91250938e+05  4.65392297e-08 
 9.12010839e+05  4.61380595e-08 
 9.33254301e+05  4.57411875e-08 
 9.54992586e+05  4.53485748e-08 
 9.77237221e+05  4.49601830e-08 
 1.00000000e+06  4.45759737e-08 
 1.02329299e+06  4.41959093e-08 
 1.04712855e+06  4.38199522e-08 
 1.07151931e+06  4.34480655e-08 
 1.09647820e+06  4.30802124e-08 
 1.12201845e+06  4.27163565e-08 
 1.14815362e+06  4.23564617e-08 
 1.17489755e+06  4.20004924e-08 
 1.20226443e+06  4.16484132e-08 
 1.23026877e+06  4.13001890e-08 
 1.25892541e+06  4.09557852e-08 
 1.28824955e+06  4.06151673e-08 
 1.31825674e+06  4.02783013e-08 
 1.34896288e+06  3.99451533e-08 
 1.38038426e+06  3.96156901e-08 
 1.41253754e+06  3.92898783e-08 
 1.44543977e+06  3.89676853e-08 
 1.47910839e+06  3.86490783e-08 
 1.51356125e+06  3.83340253e-08 
 1.54881662e+06  3.80224941e-08 
 1.58489319e+06  3.77144532e-08 
 1.62181010e+06  3.74098711e-08 
 1.65958691e+06  3.71087168e-08 
 1.69824365e+06  3.68109595e-08 
 1.73780083e+06  3.65165684e-08 
 1.77827941e+06  3.62255134e-08 
 1.81970086e+06  3.59377645e-08 
 1.86208714e+06  3.56532918e-08 
 1.90546072e+06  3.53720658e-08 
 1.94984460e+06  3.50940573e-08 
 1.99526231e+06  3.48192374e-08 
 2.04173794e+06  3.45475771e-08 
 2.08929613e+06  3.42790481e-08 
 2.13796209e+06  3.40136219e-08 
 2.18776162e+06  3.37512707e-08 
 2.23872114e+06  3.34919666e-08 
 2.29086765e+06  3.32356820e-08 
 2.34422882e+06  3.29823896e-08 
 2.39883292e+06  3.27320622e-08 
 2.45470892e+06  3.24846730e-08 
 2.51188643e+06  3.22401952e-08 
 2.57039578e+06  3.19986024e-08 
 2.63026799e+06  3.17598683e-08 
 2.69153480e+06  3.15239669e-08 
 2.75422870e+06  3.12908723e-08 
 2.81838293e+06  3.10605590e-08 
 2.88403150e+06  3.08330013e-08 
 2.95120923e+06  3.06081741e-08 
 3.01995172e+06  3.03860524e-08 
 3.09029543e+06  3.01666112e-08 
 3.16227766e+06  2.99498259e-08 
 3.23593657e+06  2.97356719e-08 
 3.31131121e+06  2.95241251e-08 
 3.38844156e+06  2.93151612e-08 
 3.46736850e+06  2.91087562e-08 
 3.54813389e+06  2.89048865e-08 
 3.63078055e+06  2.87035283e-08 
 3.71535229e+06  2.85046583e-08 
 3.80189396e+06  2.83082532e-08 
 3.89045145e+06  2.81142899e-08 
 3.98107171e+06  2.79227453e-08 
 4.07380278e+06  2.77335968e-08 
 4.16869383e+06  2.75468217e-08 
 4.26579519e+06  2.73623975e-08 
 4.36515832e+06  2.71803019e-08 
 4.46683592e+06  2.70005128e-08 
 4.57088190e+06  2.68230080e-08 
 4.67735141e+06  2.66477658e-08 
 4.78630092e+06  2.64747643e-08 
 4.89778819e+06  2.63039821e-08 
 5.01187234e+06  2.61353976e-08 
 5.12861384e+06  2.59689896e-08 
 5.24807460e+06  2.58047369e-08 
 5.37031796e+06  2.56426184e-08 
 5.49540874e+06  2.54826132e-08 
 5.62341325e+06  2.53247007e-08 
 5.75439937e+06  2.51688600e-08 
 5.88843655e+06  2.50150708e-08 
 6.02559586e+06  2.48633127e-08 
 6.16595002e+06  2.47135653e-08 
 6.30957344e+06  2.45658086e-08 
 6.45654229e+06  2.44200226e-08 
 6.60693448e+06  2.42761874e-08 
 6.76082975e+06  2.41342832e-08 
 6.91830971e+06  2.39942904e-08 
 7.07945784e+06  2.38561894e-08 
 7.24435960e+06  2.37199610e-08 
 7.41310241e+06  2.35855857e-08 
 7.58577575e+06  2.34530444e-08 
 7.76247117e+06  2.33223182e-08 
 7.94328235e+06  2.31933879e-08 
 8.12830516e+06  2.30662349e-08 
 8.31763771e+06  2.29408404e-08 
 8.51138038e+06  2.28171858e-08 
 8.70963590e+06  2.26952526e-08 
 8.91250938e+06  2.25750225e-08 
 9.12010839e+06  2.24564772e-08 
 9.33254301e+06  2.23395985e-08 
 9.54992586e+06  2.22243685e-08 
 9.77237221e+06  2.21107692e-08 
 1.00000000e+07  2.19987828e-08 
 1.02329299e+07  2.18883915e-08 
 1.04712855e+07  2.17795778e-08 
 1.07151931e+07  2.16723242e-08 
 1.09647820e+07  2.15666133e-08 
 1.12201845e+07  2.14624278e-08 
 1.14815362e+07  2.13597507e-08 
 1.17489755e+07  2.12585647e-08 
 1.20226443e+07  2.11588530e-08 
 1.23026877e+07  2.10605987e-08 
 1.25892541e+07  2.09637852e-08 
 1.28824955e+07  2.08683957e-08 
 1.31825674e+07  2.07744138e-08 
 1.34896288e+07  2.06818232e-08 
 1.38038426e+07  2.05906074e-08 
 1.41253754e+07  2.05007503e-08 
 1.44543977e+07  2.04122359e-08 
 1.47910839e+07  2.03250481e-08 
 1.51356125e+07  2.02391712e-08 
 1.54881662e+07  2.01545894e-08 
 1.58489319e+07  2.00712871e-08 
 1.62181010e+07  1.99892487e-08 
 1.65958691e+07  1.99084588e-08 
 1.69824365e+07  1.98289023e-08 
 1.73780083e+07  1.97505638e-08 
 1.77827941e+07  1.96734283e-08 
 1.81970086e+07  1.95974808e-08 
 1.86208714e+07  1.95227066e-08 
 1.90546072e+07  1.94490908e-08 
 1.94984460e+07  1.93766190e-08 
 1.99526231e+07  1.93052765e-08 
 2.04173794e+07  1.92350490e-08 
 2.08929613e+07  1.91659222e-08 
 2.13796209e+07  1.90978821e-08 
 2.18776162e+07  1.90309145e-08 
 2.23872114e+07  1.89650055e-08 
 2.29086765e+07  1.89001413e-08 
 2.34422882e+07  1.88363084e-08 
 2.39883292e+07  1.87734930e-08 
 2.45470892e+07  1.87116818e-08 
 2.51188643e+07  1.86508614e-08 
 2.57039578e+07  1.85910187e-08 
 2.63026799e+07  1.85321405e-08 
 2.69153480e+07  1.84742140e-08 
 2.75422870e+07  1.84172261e-08 
 2.81838293e+07  1.83611644e-08 
 2.88403150e+07  1.83060160e-08 
 2.95120923e+07  1.82517686e-08 
 3.01995172e+07  1.81984099e-08 
 3.09029543e+07  1.81459275e-08 
 3.16227766e+07  1.80943094e-08 
 3.23593657e+07  1.80435436e-08 
 3.31131121e+07  1.79936183e-08 
 3.38844156e+07  1.79445216e-08 
 3.46736850e+07  1.78962421e-08 
 3.54813389e+07  1.78487681e-08 
 3.63078055e+07  1.78020885e-08 
 3.71535229e+07  1.77561919e-08 
 3.80189396e+07  1.77110671e-08 
 3.89045145e+07  1.76667034e-08 
 3.98107171e+07  1.76230897e-08 
 4.07380278e+07  1.75802154e-08 
 4.16869383e+07  1.75380698e-08 
 4.26579519e+07  1.74966426e-08 
 4.36515832e+07  1.74559233e-08 
 4.46683592e+07  1.74159017e-08 
 4.57088190e+07  1.73765677e-08 
 4.67735141e+07  1.73379115e-08 
 4.78630092e+07  1.72999231e-08 
 4.89778819e+07  1.72625928e-08 
 5.01187234e+07  1.72259111e-08 
 5.12861384e+07  1.71898685e-08 
 5.24807460e+07  1.71544558e-08 
 5.37031796e+07  1.71196636e-08 
 5.49540874e+07  1.70854831e-08 
 5.62341325e+07  1.70519051e-08 
 5.75439937e+07  1.70189211e-08 
 5.88843655e+07  1.69865222e-08 
 6.02559586e+07  1.69547000e-08 
 6.16595002e+07  1.69234460e-08 
 6.30957344e+07  1.68927520e-08 
 6.45654229e+07  1.68626099e-08 
 6.60693448e+07  1.68330116e-08 
 6.76082975e+07  1.68039494e-08 
 6.91830971e+07  1.67754153e-08 
 7.07945784e+07  1.67474019e-08 
 7.24435960e+07  1.67199017e-08 
 7.41310241e+07  1.66929073e-08 
 7.58577575e+07  1.66664115e-08 
 7.76247117e+07  1.66404074e-08 
 7.94328235e+07  1.66148879e-08 
 8.12830516e+07  1.65898463e-08 
 8.31763771e+07  1.65652760e-08 
 8.51138038e+07  1.65411704e-08 
 8.70963590e+07  1.65175231e-08 
 8.91250938e+07  1.64943280e-08 
 9.12010839e+07  1.64715790e-08 
 9.33254301e+07  1.64492701e-08 
 9.54992586e+07  1.64273956e-08 
 9.77237221e+07  1.64059497e-08 
 1.00000000e+08  1.63849271e-08 
 1.02329299e+08  1.63643223e-08 
 1.04712855e+08  1.63441302e-08 
 1.07151931e+08  1.63243456e-08 
 1.09647820e+08  1.63049638e-08 
 1.12201845e+08  1.62859800e-08 
 1.14815362e+08  1.62673896e-08 
 1.17489755e+08  1.62491882e-08 
 1.20226443e+08  1.62313715e-08 
 1.23026877e+08  1.62139355e-08 
 1.25892541e+08  1.61968761e-08 
 1.28824955e+08  1.61801898e-08 
 1.31825674e+08  1.61638728e-08 
 1.34896288e+08  1.61479218e-08 
 1.38038426e+08  1.61323336e-08 
 1.41253754e+08  1.61171050e-08 
 1.44543977e+08  1.61022332e-08 
 1.47910839e+08  1.60877157e-08 
 1.51356125e+08  1.60735498e-08 
 1.54881662e+08  1.60597332e-08 
 1.58489319e+08  1.60462640e-08 
 1.62181010e+08  1.60331401e-08 
 1.65958691e+08  1.60203600e-08 
 1.69824365e+08  1.60079222e-08 
 1.73780083e+08  1.59958254e-08 
 1.77827941e+08  1.59840686e-08 
 1.81970086e+08  1.59726510e-08 
 1.86208714e+08  1.59615720e-08 
 1.90546072e+08  1.59508314e-08 
 1.94984460e+08  1.59404290e-08 
 1.99526231e+08  1.59303651e-08 
 2.04173794e+08  1.59206400e-08 
 2.08929613e+08  1.59112545e-08 
 2.13796209e+08  1.59022096e-08 
 2.18776162e+08  1.58935065e-08 
 2.23872114e+08  1.58851468e-08 
 2.29086765e+08  1.58771322e-08 
 2.34422882e+08  1.58694650e-08 
 2.39883292e+08  1.58621476e-08 
 2.45470892e+08  1.58551828e-08 
 2.51188643e+08  1.58485737e-08 
 2.57039578e+08  1.58423237e-08 
 2.63026799e+08  1.58364367e-08 
 2.69153480e+08  1.58309167e-08 
 2.75422870e+08  1.58257684e-08 
 2.81838293e+08  1.58209966e-08 
 2.88403150e+08  1.58166066e-08 
 2.95120923e+08  1.58126040e-08 
 3.01995172e+08  1.58089951e-08 
 3.09029543e+08  1.58057863e-08 
 3.16227766e+08  1.58029846e-08 
 3.23593657e+08  1.58005973e-08 
 3.31131121e+08  1.57986324e-08 
 3.38844156e+08  1.57970981e-08 
 3.46736850e+08  1.57960032e-08 
 3.54813389e+08  1.57953569e-08 
 3.63078055e+08  1.57951692e-08 
 3.71535229e+08  1.57954502e-08 
 3.80189396e+08  1.57962108e-08 
 3.89045145e+08  1.57974623e-08 
 3.98107171e+08  1.57992166e-08 
 4.07380278e+08  1.58014860e-08 
 4.16869383e+08  1.58042837e-08 
 4.26579519e+08  1.58076230e-08 
 4.36515832e+08  1.58115182e-08 
 4.46683592e+08  1.58159839e-08 
 4.57088190e+08  1.58210355e-08 
 4.67735141e+08  1.58266887e-08 
 4.78630092e+08  1.58329600e-08 
 4.89778819e+08  1.58398666e-08 
 5.01187234e+08  1.58474259e-08 
 5.12861384e+08  1.58556563e-08 
 5.24807460e+08  1.58645766e-08 
 5.37031796e+08  1.58742061e-08 
 5.49540874e+08  1.58845648e-08 
 5.62341325e+08  1.58956732e-08 
 5.75439937e+08  1.59075524e-08 
 5.88843655e+08  1.59202238e-08 
 6.02559586e+08  1.59337097e-08 
 6.16595002e+08  1.59480325e-08 
 6.30957344e+08  1.59632152e-08 
 6.45654229e+08  1.59792811e-08 
 6.60693448e+08  1.59962541e-08 
 6.76082975e+08  1.60141583e-08 
 6.91830971e+08  1.60330179e-08 
 7.07945784e+08  1.60528575e-08 
 7.24435960e+08  1.60737020e-08 
 7.41310241e+08  1.60955760e-08 
 7.58577575e+08  1.61185045e-08 
 7.76247117e+08  1.61425122e-08 
 7.94328235e+08  1.61676237e-08 
 8.12830516e+08  1.61938635e-08 
 8.31763771e+08  1.62212556e-08 
 8.51138038e+08  1.62498235e-08 
 8.70963590e+08  1.62795902e-08 
 8.91250938e+08  1.63105781e-08 
 9.12010839e+08  1.63428086e-08 
 9.33254301e+08  1.63763022e-08 
 9.54992586e+08  1.64110783e-08 
 9.77237221e+08  1.64471550e-08 
 1.00000000e+09  1.64845489e-08 
