 1.00000000e+00  1.48373999e-05 
 1.02329299e+00  1.46907868e-05 
 1.04712855e+00  1.45456345e-05 
 1.07151931e+00  1.44019281e-05 
 1.09647820e+00  1.42596532e-05 
 1.12201845e+00  1.41187953e-05 
 1.14815362e+00  1.39793401e-05 
 1.17489755e+00  1.38412735e-05 
 1.20226443e+00  1.37045817e-05 
 1.23026877e+00  1.35692507e-05 
 1.25892541e+00  1.34352669e-05 
 1.28824955e+00  1.33026167e-05 
 1.31825674e+00  1.31712867e-05 
 1.34896288e+00  1.30412637e-05 
 1.38038426e+00  1.29125345e-05 
 1.41253754e+00  1.27850861e-05 
 1.44543977e+00  1.26589056e-05 
 1.47910839e+00  1.25339804e-05 
 1.51356125e+00  1.24102977e-05 
 1.54881662e+00  1.22878451e-05 
 1.58489319e+00  1.21666104e-05 
 1.62181010e+00  1.20465811e-05 
 1.65958691e+00  1.19277453e-05 
 1.69824365e+00  1.18100909e-05 
 1.73780083e+00  1.16936061e-05 
 1.77827941e+00  1.15782791e-05 
 1.81970086e+00  1.14640983e-05 
 1.86208714e+00  1.13510523e-05 
 1.90546072e+00  1.12391296e-05 
 1.94984460e+00  1.11283190e-05 
 1.99526231e+00  1.10186093e-05 
 2.04173794e+00  1.09099895e-05 
 2.08929613e+00  1.08024486e-05 
 2.13796209e+00  1.06959758e-05 
 2.18776162e+00  1.05905604e-05 
 2.23872114e+00  1.04861919e-05 
 2.29086765e+00  1.03828596e-05 
 2.34422882e+00  1.02805533e-05 
 2.39883292e+00  1.01792626e-05 
 2.45470892e+00  1.00789774e-05 
 2.51188643e+00  9.97968758e-06 
 2.57039578e+00  9.88138319e-06 
 2.63026799e+00  9.78405435e-06 
 2.69153480e+00  9.68769128e-06 
 2.75422870e+00  9.59228432e-06 
 2.81838293e+00  9.49782390e-06 
 2.88403150e+00  9.40430053e-06 
 2.95120923e+00  9.31170483e-06 
 3.01995172e+00  9.22002753e-06 
 3.09029543e+00  9.12925941e-06 
 3.16227766e+00  9.03939139e-06 
 3.23593657e+00  8.95041446e-06 
 3.31131121e+00  8.86231971e-06 
 3.38844156e+00  8.77509829e-06 
 3.46736850e+00  8.68874149e-06 
 3.54813389e+00  8.60324065e-06 
 3.63078055e+00  8.51858721e-06 
 3.71535229e+00  8.43477270e-06 
 3.80189396e+00  8.35178872e-06 
 3.89045145e+00  8.26962698e-06 
 3.98107171e+00  8.18827925e-06 
 4.07380278e+00  8.10773740e-06 
 4.16869383e+00  8.02799337e-06 
 4.26579519e+00  7.94903919e-06 
 4.36515832e+00  7.87086697e-06 
 4.46683592e+00  7.79346889e-06 
 4.57088190e+00  7.71683722e-06 
 4.67735141e+00  7.64096431e-06 
 4.78630092e+00  7.56584257e-06 
 4.89778819e+00  7.49146451e-06 
 5.01187234e+00  7.41782269e-06 
 5.12861384e+00  7.34490977e-06 
 5.24807460e+00  7.27271847e-06 
 5.37031796e+00  7.20124158e-06 
 5.49540874e+00  7.13047198e-06 
 5.62341325e+00  7.06040260e-06 
 5.75439937e+00  6.99102646e-06 
 5.88843655e+00  6.92233664e-06 
 6.02559586e+00  6.85432630e-06 
 6.16595002e+00  6.78698864e-06 
 6.30957344e+00  6.72031697e-06 
 6.45654229e+00  6.65430464e-06 
 6.60693448e+00  6.58894507e-06 
 6.76082975e+00  6.52423176e-06 
 6.91830971e+00  6.46015826e-06 
 7.07945784e+00  6.39671820e-06 
 7.24435960e+00  6.33390525e-06 
 7.41310241e+00  6.27171316e-06 
 7.58577575e+00  6.21013576e-06 
 7.76247117e+00  6.14916691e-06 
 7.94328235e+00  6.08880055e-06 
 8.12830516e+00  6.02903067e-06 
 8.31763771e+00  5.96985134e-06 
 8.51138038e+00  5.91125667e-06 
 8.70963590e+00  5.85324083e-06 
 8.91250938e+00  5.79579807e-06 
 9.12010839e+00  5.73892267e-06 
 9.33254301e+00  5.68260899e-06 
 9.54992586e+00  5.62685142e-06 
 9.77237221e+00  5.57164445e-06 
 1.00000000e+01  5.51698258e-06 
 1.02329299e+01  5.46286039e-06 
 1.04712855e+01  5.40927250e-06 
 1.07151931e+01  5.35621361e-06 
 1.09647820e+01  5.30367845e-06 
 1.12201845e+01  5.25166180e-06 
 1.14815362e+01  5.20015851e-06 
 1.17489755e+01  5.14916347e-06 
 1.20226443e+01  5.09867162e-06 
 1.23026877e+01  5.04867797e-06 
 1.25892541e+01  4.99917756e-06 
 1.28824955e+01  4.95016547e-06 
 1.31825674e+01  4.90163687e-06 
 1.34896288e+01  4.85358693e-06 
 1.38038426e+01  4.80601091e-06 
 1.41253754e+01  4.75890409e-06 
 1.44543977e+01  4.71226181e-06 
 1.47910839e+01  4.66607945e-06 
 1.51356125e+01  4.62035244e-06 
 1.54881662e+01  4.57507626e-06 
 1.58489319e+01  4.53024642e-06 
 1.62181010e+01  4.48585851e-06 
 1.65958691e+01  4.44190811e-06 
 1.69824365e+01  4.39839090e-06 
 1.73780083e+01  4.35530257e-06 
 1.77827941e+01  4.31263885e-06 
 1.81970086e+01  4.27039554e-06 
 1.86208714e+01  4.22856846e-06 
 1.90546072e+01  4.18715347e-06 
 1.94984460e+01  4.14614649e-06 
 1.99526231e+01  4.10554347e-06 
 2.04173794e+01  4.06534040e-06 
 2.08929613e+01  4.02553330e-06 
 2.13796209e+01  3.98611826e-06 
 2.18776162e+01  3.94709137e-06 
 2.23872114e+01  3.90844880e-06 
 2.29086765e+01  3.87018672e-06 
 2.34422882e+01  3.83230137e-06 
 2.39883292e+01  3.79478900e-06 
 2.45470892e+01  3.75764592e-06 
 2.51188643e+01  3.72086847e-06 
 2.57039578e+01  3.68445302e-06 
 2.63026799e+01  3.64839598e-06 
 2.69153480e+01  3.61269380e-06 
 2.75422870e+01  3.57734296e-06 
 2.81838293e+01  3.54233998e-06 
 2.88403150e+01  3.50768141e-06 
 2.95120923e+01  3.47336384e-06 
 3.01995172e+01  3.43938389e-06 
 3.09029543e+01  3.40573821e-06 
 3.16227766e+01  3.37242350e-06 
 3.23593657e+01  3.33943647e-06 
 3.31131121e+01  3.30677388e-06 
 3.38844156e+01  3.27443252e-06 
 3.46736850e+01  3.24240920e-06 
 3.54813389e+01  3.21070077e-06 
 3.63078055e+01  3.17930412e-06 
 3.71535229e+01  3.14821617e-06 
 3.80189396e+01  3.11743384e-06 
 3.89045145e+01  3.08695413e-06 
 3.98107171e+01  3.05677402e-06 
 4.07380278e+01  3.02689057e-06 
 4.16869383e+01  2.99730082e-06 
 4.26579519e+01  2.96800188e-06 
 4.36515832e+01  2.93899088e-06 
 4.46683592e+01  2.91026495e-06 
 4.57088190e+01  2.88182127e-06 
 4.67735141e+01  2.85365707e-06 
 4.78630092e+01  2.82576957e-06 
 4.89778819e+01  2.79815604e-06 
 5.01187234e+01  2.77081376e-06 
 5.12861384e+01  2.74374005e-06 
 5.24807460e+01  2.71693227e-06 
 5.37031796e+01  2.69038777e-06 
 5.49540874e+01  2.66410396e-06 
 5.62341325e+01  2.63807827e-06 
 5.75439937e+01  2.61230812e-06 
 5.88843655e+01  2.58679102e-06 
 6.02559586e+01  2.56152444e-06 
 6.16595002e+01  2.53650592e-06 
 6.30957344e+01  2.51173300e-06 
 6.45654229e+01  2.48720327e-06 
 6.60693448e+01  2.46291431e-06 
 6.76082975e+01  2.43886374e-06 
 6.91830971e+01  2.41504922e-06 
 7.07945784e+01  2.39146841e-06 
 7.24435960e+01  2.36811900e-06 
 7.41310241e+01  2.34499871e-06 
 7.58577575e+01  2.32210528e-06 
 7.76247117e+01  2.29943646e-06 
 7.94328235e+01  2.27699004e-06 
 8.12830516e+01  2.25476382e-06 
 8.31763771e+01  2.23275563e-06 
 8.51138038e+01  2.21096332e-06 
 8.70963590e+01  2.18938475e-06 
 8.91250938e+01  2.16801782e-06 
 9.12010839e+01  2.14686044e-06 
 9.33254301e+01  2.12591053e-06 
 9.54992586e+01  2.10516606e-06 
 9.77237221e+01  2.08462500e-06 
 1.00000000e+02  2.06428533e-06 
 1.02329299e+02  2.04414508e-06 
 1.04712855e+02  2.02420228e-06 
 1.07151931e+02  2.00445497e-06 
 1.09647820e+02  1.98490124e-06 
 1.12201845e+02  1.96553917e-06 
 1.14815362e+02  1.94636687e-06 
 1.17489755e+02  1.92738247e-06 
 1.20226443e+02  1.90858412e-06 
 1.23026877e+02  1.88996998e-06 
 1.25892541e+02  1.87153824e-06 
 1.28824955e+02  1.85328711e-06 
 1.31825674e+02  1.83521479e-06 
 1.34896288e+02  1.81731953e-06 
 1.38038426e+02  1.79959959e-06 
 1.41253754e+02  1.78205324e-06 
 1.44543977e+02  1.76467876e-06 
 1.47910839e+02  1.74747446e-06 
 1.51356125e+02  1.73043867e-06 
 1.54881662e+02  1.71356973e-06 
 1.58489319e+02  1.69686599e-06 
 1.62181010e+02  1.68032583e-06 
 1.65958691e+02  1.66394763e-06 
 1.69824365e+02  1.64772980e-06 
 1.73780083e+02  1.63167077e-06 
 1.77827941e+02  1.61576896e-06 
 1.81970086e+02  1.60002283e-06 
 1.86208714e+02  1.58443085e-06 
 1.90546072e+02  1.56899150e-06 
 1.94984460e+02  1.55370328e-06 
 1.99526231e+02  1.53856469e-06 
 2.04173794e+02  1.52357428e-06 
 2.08929613e+02  1.50873057e-06 
 2.13796209e+02  1.49403213e-06 
 2.18776162e+02  1.47947753e-06 
 2.23872114e+02  1.46506535e-06 
 2.29086765e+02  1.45079419e-06 
 2.34422882e+02  1.43666266e-06 
 2.39883292e+02  1.42266939e-06 
 2.45470892e+02  1.40881302e-06 
 2.51188643e+02  1.39509221e-06 
 2.57039578e+02  1.38150561e-06 
 2.63026799e+02  1.36805192e-06 
 2.69153480e+02  1.35472982e-06 
 2.75422870e+02  1.34153802e-06 
 2.81838293e+02  1.32847524e-06 
 2.88403150e+02  1.31554020e-06 
 2.95120923e+02  1.30273167e-06 
 3.01995172e+02  1.29004838e-06 
 3.09029543e+02  1.27748912e-06 
 3.16227766e+02  1.26505265e-06 
 3.23593657e+02  1.25273778e-06 
 3.31131121e+02  1.24054331e-06 
 3.38844156e+02  1.22846806e-06 
 3.46736850e+02  1.21651086e-06 
 3.54813389e+02  1.20467053e-06 
 3.63078055e+02  1.19294595e-06 
 3.71535229e+02  1.18133597e-06 
 3.80189396e+02  1.16983946e-06 
 3.89045145e+02  1.15845531e-06 
 3.98107171e+02  1.14718242e-06 
 4.07380278e+02  1.13601970e-06 
 4.16869383e+02  1.12496606e-06 
 4.26579519e+02  1.11402042e-06 
 4.36515832e+02  1.10318174e-06 
 4.46683592e+02  1.09244897e-06 
 4.57088190e+02  1.08182105e-06 
 4.67735141e+02  1.07129696e-06 
 4.78630092e+02  1.06087569e-06 
 4.89778819e+02  1.05055622e-06 
 5.01187234e+02  1.04033756e-06 
 5.12861384e+02  1.03021871e-06 
 5.24807460e+02  1.02019870e-06 
 5.37031796e+02  1.01027656e-06 
 5.49540874e+02  1.00045132e-06 
 5.62341325e+02  9.90722039e-07 
 5.75439937e+02  9.81087771e-07 
 5.88843655e+02  9.71547585e-07 
 6.02559586e+02  9.62100558e-07 
 6.16595002e+02  9.52745776e-07 
 6.30957344e+02  9.43482336e-07 
 6.45654229e+02  9.34309341e-07 
 6.60693448e+02  9.25225904e-07 
 6.76082975e+02  9.16231148e-07 
 6.91830971e+02  9.07324202e-07 
 7.07945784e+02  8.98504206e-07 
 7.24435960e+02  8.89770307e-07 
 7.41310241e+02  8.81121662e-07 
 7.58577575e+02  8.72557434e-07 
 7.76247117e+02  8.64076797e-07 
 7.94328235e+02  8.55678930e-07 
 8.12830516e+02  8.47363024e-07 
 8.31763771e+02  8.39128274e-07 
 8.51138038e+02  8.30973886e-07 
 8.70963590e+02  8.22899072e-07 
 8.91250938e+02  8.14903053e-07 
 9.12010839e+02  8.06985056e-07 
 9.33254301e+02  7.99144317e-07 
 9.54992586e+02  7.91380080e-07 
 9.77237221e+02  7.83691595e-07 
 1.00000000e+03  7.76078120e-07 
 1.02329299e+03  7.68538920e-07 
 1.04712855e+03  7.61073269e-07 
 1.07151931e+03  7.53680446e-07 
 1.09647820e+03  7.46359738e-07 
 1.12201845e+03  7.39110439e-07 
 1.14815362e+03  7.31931849e-07 
 1.17489755e+03  7.24823277e-07 
 1.20226443e+03  7.17784037e-07 
 1.23026877e+03  7.10813451e-07 
 1.25892541e+03  7.03910846e-07 
 1.28824955e+03  6.97075557e-07 
 1.31825674e+03  6.90306926e-07 
 1.34896288e+03  6.83604299e-07 
 1.38038426e+03  6.76967032e-07 
 1.41253754e+03  6.70394485e-07 
 1.44543977e+03  6.63886024e-07 
 1.47910839e+03  6.57441023e-07 
 1.51356125e+03  6.51058861e-07 
 1.54881662e+03  6.44738922e-07 
 1.58489319e+03  6.38480599e-07 
 1.62181010e+03  6.32283289e-07 
 1.65958691e+03  6.26146395e-07 
 1.69824365e+03  6.20069327e-07 
 1.73780083e+03  6.14051498e-07 
 1.77827941e+03  6.08092331e-07 
 1.81970086e+03  6.02191252e-07 
 1.86208714e+03  5.96347691e-07 
 1.90546072e+03  5.90561089e-07 
 1.94984460e+03  5.84830887e-07 
 1.99526231e+03  5.79156533e-07 
 2.04173794e+03  5.73537484e-07 
 2.08929613e+03  5.67973197e-07 
 2.13796209e+03  5.62463138e-07 
 2.18776162e+03  5.57006777e-07 
 2.23872114e+03  5.51603589e-07 
 2.29086765e+03  5.46253054e-07 
 2.34422882e+03  5.40954659e-07 
 2.39883292e+03  5.35707893e-07 
 2.45470892e+03  5.30512252e-07 
 2.51188643e+03  5.25367238e-07 
 2.57039578e+03  5.20272355e-07 
 2.63026799e+03  5.15227114e-07 
 2.69153480e+03  5.10231030e-07 
 2.75422870e+03  5.05283623e-07 
 2.81838293e+03  5.00384419e-07 
 2.88403150e+03  4.95532944e-07 
 2.95120923e+03  4.90728736e-07 
 3.01995172e+03  4.85971330e-07 
 3.09029543e+03  4.81260272e-07 
 3.16227766e+03  4.76595108e-07 
 3.23593657e+03  4.71975390e-07 
 3.31131121e+03  4.67400675e-07 
 3.38844156e+03  4.62870524e-07 
 3.46736850e+03  4.58384501e-07 
 3.54813389e+03  4.53942177e-07 
 3.63078055e+03  4.49543124e-07 
 3.71535229e+03  4.45186921e-07 
 3.80189396e+03  4.40873150e-07 
 3.89045145e+03  4.36601397e-07 
 3.98107171e+03  4.32371251e-07 
 4.07380278e+03  4.28182307e-07 
 4.16869383e+03  4.24034163e-07 
 4.26579519e+03  4.19926422e-07 
 4.36515832e+03  4.15858689e-07 
 4.46683592e+03  4.11830574e-07 
 4.57088190e+03  4.07841690e-07 
 4.67735141e+03  4.03891657e-07 
 4.78630092e+03  3.99980094e-07 
 4.89778819e+03  3.96106626e-07 
 5.01187234e+03  3.92270883e-07 
 5.12861384e+03  3.88472497e-07 
 5.24807460e+03  3.84711103e-07 
 5.37031796e+03  3.80986341e-07 
 5.49540874e+03  3.77297855e-07 
 5.62341325e+03  3.73645290e-07 
 5.75439937e+03  3.70028297e-07 
 5.88843655e+03  3.66446529e-07 
 6.02559586e+03  3.62899643e-07 
 6.16595002e+03  3.59387299e-07 
 6.30957344e+03  3.55909162e-07 
 6.45654229e+03  3.52464897e-07 
 6.60693448e+03  3.49054175e-07 
 6.76082975e+03  3.45676669e-07 
 6.91830971e+03  3.42332057e-07 
 7.07945784e+03  3.39020016e-07 
 7.24435960e+03  3.35740232e-07 
 7.41310241e+03  3.32492389e-07 
 7.58577575e+03  3.29276177e-07 
 7.76247117e+03  3.26091288e-07 
 7.94328235e+03  3.22937416e-07 
 8.12830516e+03  3.19814261e-07 
 8.31763771e+03  3.16721523e-07 
 8.51138038e+03  3.13658907e-07 
 8.70963590e+03  3.10626119e-07 
 8.91250938e+03  3.07622870e-07 
 9.12010839e+03  3.04648871e-07 
 9.33254301e+03  3.01703839e-07 
 9.54992586e+03  2.98787492e-07 
 9.77237221e+03  2.95899550e-07 
 1.00000000e+04  2.93039738e-07 
 1.02329299e+04  2.90207783e-07 
 1.04712855e+04  2.87403413e-07 
 1.07151931e+04  2.84626360e-07 
 1.09647820e+04  2.81876359e-07 
 1.12201845e+04  2.79153147e-07 
 1.14815362e+04  2.76456463e-07 
 1.17489755e+04  2.73786051e-07 
 1.20226443e+04  2.71141653e-07 
 1.23026877e+04  2.68523019e-07 
 1.25892541e+04  2.65929898e-07 
 1.28824955e+04  2.63362041e-07 
 1.31825674e+04  2.60819204e-07 
 1.34896288e+04  2.58301143e-07 
 1.38038426e+04  2.55807618e-07 
 1.41253754e+04  2.53338391e-07 
 1.44543977e+04  2.50893226e-07 
 1.47910839e+04  2.48471890e-07 
 1.51356125e+04  2.46074150e-07 
 1.54881662e+04  2.43699779e-07 
 1.58489319e+04  2.41348549e-07 
 1.62181010e+04  2.39020236e-07 
 1.65958691e+04  2.36714617e-07 
 1.69824365e+04  2.34431473e-07 
 1.73780083e+04  2.32170585e-07 
 1.77827941e+04  2.29931738e-07 
 1.81970086e+04  2.27714718e-07 
 1.86208714e+04  2.25519313e-07 
 1.90546072e+04  2.23345314e-07 
 1.94984460e+04  2.21192514e-07 
 1.99526231e+04  2.19060706e-07 
 2.04173794e+04  2.16949688e-07 
 2.08929613e+04  2.14859257e-07 
 2.13796209e+04  2.12789216e-07 
 2.18776162e+04  2.10739365e-07 
 2.23872114e+04  2.08709510e-07 
 2.29086765e+04  2.06699457e-07 
 2.34422882e+04  2.04709014e-07 
 2.39883292e+04  2.02737991e-07 
 2.45470892e+04  2.00786200e-07 
 2.51188643e+04  1.98853456e-07 
 2.57039578e+04  1.96939574e-07 
 2.63026799e+04  1.95044371e-07 
 2.69153480e+04  1.93167667e-07 
 2.75422870e+04  1.91309282e-07 
 2.81838293e+04  1.89469041e-07 
 2.88403150e+04  1.87646766e-07 
 2.95120923e+04  1.85842285e-07 
 3.01995172e+04  1.84055425e-07 
 3.09029543e+04  1.82286016e-07 
 3.16227766e+04  1.80533890e-07 
 3.23593657e+04  1.78798879e-07 
 3.31131121e+04  1.77080819e-07 
 3.38844156e+04  1.75379545e-07 
 3.46736850e+04  1.73694895e-07 
 3.54813389e+04  1.72026709e-07 
 3.63078055e+04  1.70374828e-07 
 3.71535229e+04  1.68739095e-07 
 3.80189396e+04  1.67119353e-07 
 3.89045145e+04  1.65515448e-07 
 3.98107171e+04  1.63927228e-07 
 4.07380278e+04  1.62354542e-07 
 4.16869383e+04  1.60797239e-07 
 4.26579519e+04  1.59255171e-07 
 4.36515832e+04  1.57728191e-07 
 4.46683592e+04  1.56216155e-07 
 4.57088190e+04  1.54718917e-07 
 4.67735141e+04  1.53236336e-07 
 4.78630092e+04  1.51768270e-07 
 4.89778819e+04  1.50314580e-07 
 5.01187234e+04  1.48875126e-07 
 5.12861384e+04  1.47449773e-07 
 5.24807460e+04  1.46038384e-07 
 5.37031796e+04  1.44640825e-07 
 5.49540874e+04  1.43256963e-07 
 5.62341325e+04  1.41886666e-07 
 5.75439937e+04  1.40529804e-07 
 5.88843655e+04  1.39186247e-07 
 6.02559586e+04  1.37855869e-07 
 6.16595002e+04  1.36538541e-07 
 6.30957344e+04  1.35234139e-07 
 6.45654229e+04  1.33942539e-07 
 6.60693448e+04  1.32663618e-07 
 6.76082975e+04  1.31397254e-07 
 6.91830971e+04  1.30143327e-07 
 7.07945784e+04  1.28901717e-07 
 7.24435960e+04  1.27672306e-07 
 7.41310241e+04  1.26454977e-07 
 7.58577575e+04  1.25249614e-07 
 7.76247117e+04  1.24056104e-07 
 7.94328235e+04  1.22874331e-07 
 8.12830516e+04  1.21704185e-07 
 8.31763771e+04  1.20545553e-07 
 8.51138038e+04  1.19398325e-07 
 8.70963590e+04  1.18262392e-07 
 8.91250938e+04  1.17137646e-07 
 9.12010839e+04  1.16023981e-07 
 9.33254301e+04  1.14921289e-07 
 9.54992586e+04  1.13829467e-07 
 9.77237221e+04  1.12748410e-07 
 1.00000000e+05  1.11678016e-07 
 1.02329299e+05  1.10618183e-07 
 1.04712855e+05  1.09568810e-07 
 1.07151931e+05  1.08529797e-07 
 1.09647820e+05  1.07501046e-07 
 1.12201845e+05  1.06482458e-07 
 1.14815362e+05  1.05473937e-07 
 1.17489755e+05  1.04475387e-07 
 1.20226443e+05  1.03486713e-07 
 1.23026877e+05  1.02507821e-07 
 1.25892541e+05  1.01538617e-07 
 1.28824955e+05  1.00579010e-07 
 1.31825674e+05  9.96289083e-08 
 1.34896288e+05  9.86882216e-08 
 1.38038426e+05  9.77568604e-08 
 1.41253754e+05  9.68347361e-08 
 1.44543977e+05  9.59217611e-08 
 1.47910839e+05  9.50178486e-08 
 1.51356125e+05  9.41229125e-08 
 1.54881662e+05  9.32368677e-08 
 1.58489319e+05  9.23596300e-08 
 1.62181010e+05  9.14911158e-08 
 1.65958691e+05  9.06312427e-08 
 1.69824365e+05  8.97799288e-08 
 1.73780083e+05  8.89370932e-08 
 1.77827941e+05  8.81026556e-08 
 1.81970086e+05  8.72765366e-08 
 1.86208714e+05  8.64586578e-08 
 1.90546072e+05  8.56489411e-08 
 1.94984460e+05  8.48473097e-08 
 1.99526231e+05  8.40536872e-08 
 2.04173794e+05  8.32679981e-08 
 2.08929613e+05  8.24901677e-08 
 2.13796209e+05  8.17201218e-08 
 2.18776162e+05  8.09577872e-08 
 2.23872114e+05  8.02030914e-08 
 2.29086765e+05  7.94559625e-08 
 2.34422882e+05  7.87163292e-08 
 2.39883292e+05  7.79841213e-08 
 2.45470892e+05  7.72592690e-08 
 2.51188643e+05  7.65417032e-08 
 2.57039578e+05  7.58313557e-08 
 2.63026799e+05  7.51281586e-08 
 2.69153480e+05  7.44320451e-08 
 2.75422870e+05  7.37429488e-08 
 2.81838293e+05  7.30608040e-08 
 2.88403150e+05  7.23855456e-08 
 2.95120923e+05  7.17171094e-08 
 3.01995172e+05  7.10554315e-08 
 3.09029543e+05  7.04004489e-08 
 3.16227766e+05  6.97520991e-08 
 3.23593657e+05  6.91103203e-08 
 3.31131121e+05  6.84750511e-08 
 3.38844156e+05  6.78462310e-08 
 3.46736850e+05  6.72237998e-08 
 3.54813389e+05  6.66076983e-08 
 3.63078055e+05  6.59978675e-08 
 3.71535229e+05  6.53942492e-08 
 3.80189396e+05  6.47967856e-08 
 3.89045145e+05  6.42054197e-08 
 3.98107171e+05  6.36200950e-08 
 4.07380278e+05  6.30407554e-08 
 4.16869383e+05  6.24673456e-08 
 4.26579519e+05  6.18998105e-08 
 4.36515832e+05  6.13380960e-08 
 4.46683592e+05  6.07821482e-08 
 4.57088190e+05  6.02319139e-08 
 4.67735141e+05  5.96873402e-08 
 4.78630092e+05  5.91483750e-08 
 4.89778819e+05  5.86149665e-08 
 5.01187234e+05  5.80870637e-08 
 5.12861384e+05  5.75646158e-08 
 5.24807460e+05  5.70475726e-08 
 5.37031796e+05  5.65358845e-08 
 5.49540874e+05  5.60295022e-08 
 5.62341325e+05  5.55283770e-08 
 5.75439937e+05  5.50324608e-08 
 5.88843655e+05  5.45417057e-08 
 6.02559586e+05  5.40560644e-08 
 6.16595002e+05  5.35754902e-08 
 6.30957344e+05  5.30999367e-08 
 6.45654229e+05  5.26293579e-08 
 6.60693448e+05  5.21637085e-08 
 6.76082975e+05  5.17029433e-08 
 6.91830971e+05  5.12470179e-08 
 7.07945784e+05  5.07958880e-08 
 7.24435960e+05  5.03495100e-08 
 7.41310241e+05  4.99078407e-08 
 7.58577575e+05  4.94708370e-08 
 7.76247117e+05  4.90384567e-08 
 7.94328235e+05  4.86106577e-08 
 8.12830516e+05  4.81873983e-08 
 8.31763771e+05  4.77686373e-08 
 8.51138038e+05  4.73543339e-08 
 8.70963590e+05  4.69444478e-08 
 8.91250938e+05  4.65389387e-08 
 9.12010839e+05  4.61377671e-08 
 9.33254301e+05  4.57408938e-08 
 9.54992586e+05  4.53482798e-08 
 9.77237221e+05  4.49598866e-08 
 1.00000000e+06  4.45756761e-08 
 1.02329299e+06  4.41956103e-08 
 1.04712855e+06  4.38196521e-08 
 1.07151931e+06  4.34477641e-08 
 1.09647820e+06  4.30799098e-08 
 1.12201845e+06  4.27160526e-08 
 1.14815362e+06  4.23561567e-08 
 1.17489755e+06  4.20001863e-08 
 1.20226443e+06  4.16481060e-08 
 1.23026877e+06  4.12998808e-08 
 1.25892541e+06  4.09554759e-08 
 1.28824955e+06  4.06148570e-08 
 1.31825674e+06  4.02779901e-08 
 1.34896288e+06  3.99448412e-08 
 1.38038426e+06  3.96153771e-08 
 1.41253754e+06  3.92895646e-08 
 1.44543977e+06  3.89673708e-08 
 1.47910839e+06  3.86487631e-08 
 1.51356125e+06  3.83337094e-08 
 1.54881662e+06  3.80221776e-08 
 1.58489319e+06  3.77141362e-08 
 1.62181010e+06  3.74095536e-08 
 1.65958691e+06  3.71083989e-08 
 1.69824365e+06  3.68106412e-08 
 1.73780083e+06  3.65162499e-08 
 1.77827941e+06  3.62251947e-08 
 1.81970086e+06  3.59374457e-08 
 1.86208714e+06  3.56529729e-08 
 1.90546072e+06  3.53717470e-08 
 1.94984460e+06  3.50937387e-08 
 1.99526231e+06  3.48189190e-08 
 2.04173794e+06  3.45472591e-08 
 2.08929613e+06  3.42787304e-08 
 2.13796209e+06  3.40133049e-08 
 2.18776162e+06  3.37509544e-08 
 2.23872114e+06  3.34916510e-08 
 2.29086765e+06  3.32353673e-08 
 2.34422882e+06  3.29820760e-08 
 2.39883292e+06  3.27317497e-08 
 2.45470892e+06  3.24843618e-08 
 2.51188643e+06  3.22398855e-08 
 2.57039578e+06  3.19982943e-08 
 2.63026799e+06  3.17595620e-08 
 2.69153480e+06  3.15236625e-08 
 2.75422870e+06  3.12905701e-08 
 2.81838293e+06  3.10602590e-08 
 2.88403150e+06  3.08327038e-08 
 2.95120923e+06  3.06078792e-08 
 3.01995172e+06  3.03857603e-08 
 3.09029543e+06  3.01663222e-08 
 3.16227766e+06  2.99495402e-08 
 3.23593657e+06  2.97353898e-08 
 3.31131121e+06  2.95238466e-08 
 3.38844156e+06  2.93148867e-08 
 3.46736850e+06  2.91084860e-08 
 3.54813389e+06  2.89046208e-08 
 3.63078055e+06  2.87032674e-08 
 3.71535229e+06  2.85044025e-08 
 3.80189396e+06  2.83080027e-08 
 3.89045145e+06  2.81140450e-08 
 3.98107171e+06  2.79225064e-08 
 4.07380278e+06  2.77333642e-08 
 4.16869383e+06  2.75465957e-08 
 4.26579519e+06  2.73621786e-08 
 4.36515832e+06  2.71800904e-08 
 4.46683592e+06  2.70003090e-08 
 4.57088190e+06  2.68228123e-08 
 4.67735141e+06  2.66475787e-08 
 4.78630092e+06  2.64745863e-08 
 4.89778819e+06  2.63038135e-08 
 5.01187234e+06  2.61352389e-08 
 5.12861384e+06  2.59688413e-08 
 5.24807460e+06  2.58045994e-08 
 5.37031796e+06  2.56424924e-08 
 5.49540874e+06  2.54824992e-08 
 5.62341325e+06  2.53245992e-08 
 5.75439937e+06  2.51687716e-08 
 5.88843655e+06  2.50149961e-08 
 6.02559586e+06  2.48632523e-08 
 6.16595002e+06  2.47135199e-08 
 6.30957344e+06  2.45657789e-08 
 6.45654229e+06  2.44200093e-08 
 6.60693448e+06  2.42761911e-08 
 6.76082975e+06  2.41343048e-08 
 6.91830971e+06  2.39943306e-08 
 7.07945784e+06  2.38562491e-08 
 7.24435960e+06  2.37200409e-08 
 7.41310241e+06  2.35856868e-08 
 7.58577575e+06  2.34531677e-08 
 7.76247117e+06  2.33224644e-08 
 7.94328235e+06  2.31935582e-08 
 8.12830516e+06  2.30664302e-08 
 8.31763771e+06  2.29410618e-08 
 8.51138038e+06  2.28174344e-08 
 8.70963590e+06  2.26955296e-08 
 8.91250938e+06  2.25753290e-08 
 9.12010839e+06  2.24568145e-08 
 9.33254301e+06  2.23399679e-08 
 9.54992586e+06  2.22247713e-08 
 9.77237221e+06  2.21112068e-08 
 1.00000000e+07  2.19992565e-08 
 1.02329299e+07  2.18889030e-08 
 1.04712855e+07  2.17801285e-08 
 1.07151931e+07  2.16729158e-08 
 1.09647820e+07  2.15672474e-08 
 1.12201845e+07  2.14631062e-08 
 1.14815362e+07  2.13604751e-08 
 1.17489755e+07  2.12593371e-08 
 1.20226443e+07  2.11596753e-08 
 1.23026877e+07  2.10614729e-08 
 1.25892541e+07  2.09647134e-08 
 1.28824955e+07  2.08693802e-08 
 1.31825674e+07  2.07754568e-08 
 1.34896288e+07  2.06829270e-08 
 1.38038426e+07  2.05917745e-08 
 1.41253754e+07  2.05019833e-08 
 1.44543977e+07  2.04135374e-08 
 1.47910839e+07  2.03264209e-08 
 1.51356125e+07  2.02406182e-08 
 1.54881662e+07  2.01561135e-08 
 1.58489319e+07  2.00728914e-08 
 1.62181010e+07  1.99909365e-08 
 1.65958691e+07  1.99102335e-08 
 1.69824365e+07  1.98307672e-08 
 1.73780083e+07  1.97525227e-08 
 1.77827941e+07  1.96754849e-08 
 1.81970086e+07  1.95996391e-08 
 1.86208714e+07  1.95249706e-08 
 1.90546072e+07  1.94514648e-08 
 1.94984460e+07  1.93791074e-08 
 1.99526231e+07  1.93078839e-08 
 2.04173794e+07  1.92377803e-08 
 2.08929613e+07  1.91687823e-08 
 2.13796209e+07  1.91008761e-08 
 2.18776162e+07  1.90340479e-08 
 2.23872114e+07  1.89682839e-08 
 2.29086765e+07  1.89035707e-08 
 2.34422882e+07  1.88398947e-08 
 2.39883292e+07  1.87772426e-08 
 2.45470892e+07  1.87156013e-08 
 2.51188643e+07  1.86549577e-08 
 2.57039578e+07  1.85952989e-08 
 2.63026799e+07  1.85366122e-08 
 2.69153480e+07  1.84788848e-08 
 2.75422870e+07  1.84221042e-08 
 2.81838293e+07  1.83662581e-08 
 2.88403150e+07  1.83113343e-08 
 2.95120923e+07  1.82573205e-08 
 3.01995172e+07  1.82042049e-08 
 3.09029543e+07  1.81519756e-08 
 3.16227766e+07  1.81006209e-08 
 3.23593657e+07  1.80501292e-08 
 3.31131121e+07  1.80004893e-08 
 3.38844156e+07  1.79516897e-08 
 3.46736850e+07  1.79037195e-08 
 3.54813389e+07  1.78565675e-08 
 3.63078055e+07  1.78102231e-08 
 3.71535229e+07  1.77646755e-08 
 3.80189396e+07  1.77199142e-08 
 3.89045145e+07  1.76759289e-08 
 3.98107171e+07  1.76327093e-08 
 4.07380278e+07  1.75902453e-08 
 4.16869383e+07  1.75485272e-08 
 4.26579519e+07  1.75075450e-08 
 4.36515832e+07  1.74672892e-08 
 4.46683592e+07  1.74277505e-08 
 4.57088190e+07  1.73889194e-08 
 4.67735141e+07  1.73507870e-08 
 4.78630092e+07  1.73133443e-08 
 4.89778819e+07  1.72765826e-08 
 5.01187234e+07  1.72404931e-08 
 5.12861384e+07  1.72050676e-08 
 5.24807460e+07  1.71702977e-08 
 5.37031796e+07  1.71361755e-08 
 5.49540874e+07  1.71026929e-08 
 5.62341325e+07  1.70698423e-08 
 5.75439937e+07  1.70376162e-08 
 5.88843655e+07  1.70060072e-08 
 6.02559586e+07  1.69750082e-08 
 6.16595002e+07  1.69446122e-08 
 6.30957344e+07  1.69148124e-08 
 6.45654229e+07  1.68856023e-08 
 6.60693448e+07  1.68569755e-08 
 6.76082975e+07  1.68289259e-08 
 6.91830971e+07  1.68014475e-08 
 7.07945784e+07  1.67745345e-08 
 7.24435960e+07  1.67481815e-08 
 7.41310241e+07  1.67223832e-08 
 7.58577575e+07  1.66971344e-08 
 7.76247117e+07  1.66724303e-08 
 7.94328235e+07  1.66482665e-08 
 8.12830516e+07  1.66246383e-08 
 8.31763771e+07  1.66015416e-08 
 8.51138038e+07  1.65789728e-08 
 8.70963590e+07  1.65569279e-08 
 8.91250938e+07  1.65354039e-08 
 9.12010839e+07  1.65143974e-08 
 9.33254301e+07  1.64939057e-08 
 9.54992586e+07  1.64739262e-08 
 9.77237221e+07  1.64544567e-08 
 1.00000000e+08  1.64354951e-08 
 1.02329299e+08  1.64170399e-08 
 1.04712855e+08  1.63990896e-08 
 1.07151931e+08  1.63816432e-08 
 1.09647820e+08  1.63646999e-08 
 1.12201845e+08  1.63482594e-08 
 1.14815362e+08  1.63323215e-08 
 1.17489755e+08  1.63168866e-08 
 1.20226443e+08  1.63019553e-08 
 1.23026877e+08  1.62875286e-08 
 1.25892541e+08  1.62736079e-08 
 1.28824955e+08  1.62601949e-08 
 1.31825674e+08  1.62472920e-08 
 1.34896288e+08  1.62349015e-08 
 1.38038426e+08  1.62230266e-08 
 1.41253754e+08  1.62116706e-08 
 1.44543977e+08  1.62008375e-08 
 1.47910839e+08  1.61905316e-08 
 1.51356125e+08  1.61807576e-08 
 1.54881662e+08  1.61715209e-08 
 1.58489319e+08  1.61628272e-08 
 1.62181010e+08  1.61546827e-08 
 1.65958691e+08  1.61470944e-08 
 1.69824365e+08  1.61400696e-08 
 1.73780083e+08  1.61336160e-08 
 1.77827941e+08  1.61277421e-08 
 1.81970086e+08  1.61224570e-08 
 1.86208714e+08  1.61177703e-08 
 1.90546072e+08  1.61136921e-08 
 1.94984460e+08  1.61102331e-08 
 1.99526231e+08  1.61074050e-08 
 2.04173794e+08  1.61052197e-08 
 2.08929613e+08  1.61036899e-08 
 2.13796209e+08  1.61028290e-08 
 2.18776162e+08  1.61026511e-08 
 2.23872114e+08  1.61031710e-08 
 2.29086765e+08  1.61044039e-08 
 2.34422882e+08  1.61063662e-08 
 2.39883292e+08  1.61090746e-08 
 2.45470892e+08  1.61125467e-08 
 2.51188643e+08  1.61168007e-08 
 2.57039578e+08  1.61218556e-08 
 2.63026799e+08  1.61277313e-08 
 2.69153480e+08  1.61344481e-08 
 2.75422870e+08  1.61420272e-08 
 2.81838293e+08  1.61504907e-08 
 2.88403150e+08  1.61598607e-08 
 2.95120923e+08  1.61701609e-08 
 3.01995172e+08  1.61814151e-08 
 3.09029543e+08  1.61936480e-08 
 3.16227766e+08  1.62068848e-08 
 3.23593657e+08  1.62211513e-08 
 3.31131121e+08  1.62364740e-08 
 3.38844156e+08  1.62528798e-08 
 3.46736850e+08  1.62703962e-08 
 3.54813389e+08  1.62890510e-08 
 3.63078055e+08  1.63088726e-08 
 3.71535229e+08  1.63298894e-08 
 3.80189396e+08  1.63521303e-08 
 3.89045145e+08  1.63756241e-08 
 3.98107171e+08  1.64004000e-08 
 4.07380278e+08  1.64264870e-08 
 4.16869383e+08  1.64539138e-08 
 4.26579519e+08  1.64827092e-08 
 4.36515832e+08  1.65129013e-08 
 4.46683592e+08  1.65445177e-08 
 4.57088190e+08  1.65775856e-08 
 4.67735141e+08  1.66121310e-08 
 4.78630092e+08  1.66481790e-08 
 4.89778819e+08  1.66857537e-08 
 5.01187234e+08  1.67248772e-08 
 5.12861384e+08  1.67655711e-08 
 5.24807460e+08  1.68078539e-08 
 5.37031796e+08  1.68517429e-08 
 5.49540874e+08  1.68972529e-08 
 5.62341325e+08  1.69443959e-08 
 5.75439937e+08  1.69931811e-08 
 5.88843655e+08  1.70436144e-08 
 6.02559586e+08  1.70956991e-08 
 6.16595002e+08  1.71494342e-08 
 6.30957344e+08  1.72048150e-08 
 6.45654229e+08  1.72618319e-08 
 6.60693448e+08  1.73204715e-08 
 6.76082975e+08  1.73807147e-08 
 6.91830971e+08  1.74425387e-08 
 7.07945784e+08  1.75059138e-08 
 7.24435960e+08  1.75708047e-08 
 7.41310241e+08  1.76371713e-08 
 7.58577575e+08  1.77049664e-08 
 7.76247117e+08  1.77741364e-08 
 7.94328235e+08  1.78446203e-08 
 8.12830516e+08  1.79163527e-08 
 8.31763771e+08  1.79892591e-08 
 8.51138038e+08  1.80632577e-08 
 8.70963590e+08  1.81382624e-08 
 8.91250938e+08  1.82141768e-08 
 9.12010839e+08  1.82908994e-08 
 9.33254301e+08  1.83683219e-08 
 9.54992586e+08  1.84463274e-08 
 9.77237221e+08  1.85247957e-08 
 1.00000000e+09  1.86035960e-08 
