 1.00000000e+00 -1.22261802e-04 
 1.25892541e+00 -1.53918489e-04 
 1.58489319e+00 -1.93771898e-04 
 1.99526231e+00 -2.43944366e-04 
 2.51188643e+00 -3.07107761e-04 
 3.16227766e+00 -3.86625765e-04 
 3.98107171e+00 -4.86733000e-04 
 5.01187234e+00 -6.12760543e-04 
 6.30957344e+00 -7.71419819e-04 
 7.94328235e+00 -9.71160013e-04 
 1.00000000e+01 -1.22261802e-03 
 1.25892541e+01 -1.53918489e-03 
 1.58489319e+01 -1.93771898e-03 
 1.99526231e+01 -2.43944366e-03 
 2.51188643e+01 -3.07107761e-03 
 3.16227766e+01 -3.86625764e-03 
 3.98107171e+01 -4.86732999e-03 
 5.01187234e+01 -6.12760541e-03 
 6.30957344e+01 -7.71419814e-03 
 7.94328235e+01 -9.71160004e-03 
 1.00000000e+02 -1.22261800e-02 
 1.25892541e+02 -1.53918486e-02 
 1.58489319e+02 -1.93771890e-02 
 1.99526231e+02 -2.43944351e-02 
 2.51188643e+02 -3.07107732e-02 
 3.16227766e+02 -3.86625706e-02 
 3.98107171e+02 -4.86732883e-02 
 5.01187234e+02 -6.12760310e-02 
 6.30957344e+02 -7.71419353e-02 
 7.94328235e+02 -9.71159084e-02 
 1.00000000e+03 -1.22261617e-01 
 1.25892541e+03 -1.53918119e-01 
 1.58489319e+03 -1.93771160e-01 
 1.99526231e+03 -2.43942894e-01 
 2.51188643e+03 -3.07104823e-01 
 3.16227766e+03 -3.86619903e-01 
 3.98107171e+03 -4.86721305e-01 
 5.01187234e+03 -6.12737208e-01 
 6.30957344e+03 -7.71373261e-01 
 7.94328235e+03 -9.71067124e-01 
 1.00000000e+04 -1.22243270e+00 
 1.25892541e+04 -1.53881519e+00 
 1.58489319e+04 -1.93698151e+00 
 1.99526231e+04 -2.43797280e+00 
 2.51188643e+04 -3.06814473e+00 
 3.16227766e+04 -3.86041166e+00 
 3.98107171e+04 -4.85568424e+00 
 5.01187234e+04 -6.10442736e+00 
 6.30957344e+04 -7.66813474e+00 
 7.94328235e+04 -9.62026286e+00 
 1.00000000e+05 -1.20457112e+01 
 1.25892541e+05 -1.50372083e+01 
 1.58489319e+05 -1.86860273e+01 
 1.99526231e+05 -2.30638551e+01 
 2.51188643e+05 -2.81939348e+01 
 3.16227766e+05 -3.40153627e+01 
 3.98107171e+05 -4.03554792e+01 
 5.01187234e+05 -4.69342553e+01 
 6.30957344e+05 -5.34152751e+01 
 7.94328235e+05 -5.94862241e+01 
 1.00000000e+06 -6.49264267e+01 
 1.25892541e+06 -6.96305027e+01 
 1.58489319e+06 -7.35912349e+01 
 1.99526231e+06 -7.68647482e+01 
 2.51188643e+06 -7.95377999e+01 
 3.16227766e+06 -8.17052215e+01 
 3.98107171e+06 -8.34573631e+01 
 5.01187234e+06 -8.48745443e+01 
 6.30957344e+06 -8.60255867e+01 
 7.94328235e+06 -8.69684091e+01 
 1.00000000e+07 -8.77515104e+01 
 1.25892541e+07 -8.84157276e+01 
 1.58489319e+07 -8.89959880e+01 
 1.99526231e+07 -8.95229509e+01 
 2.51188643e+07 -9.00245214e+01 
 3.16227766e+07 -9.05272584e+01 
 3.98107171e+07 -9.10577140e+01 
 5.01187234e+07 -9.16437387e+01 
 6.30957344e+07 -9.23157688e+01 
 7.94328235e+07 -9.31080707e+01 
 1.00000000e+08 -9.40598293e+01 
 1.25892541e+08 -9.52158038e+01 
 1.58489319e+08 -9.66259587e+01 
 1.99526231e+08 -9.83429500e+01 
 2.51188643e+08 -1.00415532e+02 
 3.16227766e+08 -1.02875048e+02 
 3.98107171e+08 -1.05712036e+02 
 5.01187234e+08 -1.08843046e+02 
 6.30957344e+08 -1.12077875e+02 
 7.94328235e+08 -1.15116031e+02 
 1.00000000e+09 -1.17615391e+02 
