 1.00000000e+00 -1.21981352e-04 
 1.25892541e+00 -1.53565424e-04 
 1.58489319e+00 -1.93327414e-04 
 1.99526231e+00 -2.43384795e-04 
 2.51188643e+00 -3.06403303e-04 
 3.16227766e+00 -3.85738904e-04 
 3.98107171e+00 -4.85616509e-04 
 5.01187234e+00 -6.11354963e-04 
 6.30957344e+00 -7.69650299e-04 
 7.94328235e+00 -9.68932320e-04 
 1.00000000e+01 -1.21981352e-03 
 1.25892541e+01 -1.53565424e-03 
 1.58489319e+01 -1.93327414e-03 
 1.99526231e+01 -2.43384795e-03 
 2.51188643e+01 -3.06403303e-03 
 3.16227766e+01 -3.85738904e-03 
 3.98107171e+01 -4.85616508e-03 
 5.01187234e+01 -6.11354961e-03 
 6.30957344e+01 -7.69650295e-03 
 7.94328235e+01 -9.68932311e-03 
 1.00000000e+02 -1.21981350e-02 
 1.25892541e+02 -1.53565420e-02 
 1.58489319e+02 -1.93327407e-02 
 1.99526231e+02 -2.43384780e-02 
 2.51188643e+02 -3.06403274e-02 
 3.16227766e+02 -3.85738846e-02 
 3.98107171e+02 -4.85616393e-02 
 5.01187234e+02 -6.11354732e-02 
 6.30957344e+02 -7.69649837e-02 
 7.94328235e+02 -9.68931397e-02 
 1.00000000e+03 -1.21981168e-01 
 1.25892541e+03 -1.53565056e-01 
 1.58489319e+03 -1.93326681e-01 
 1.99526231e+03 -2.43383332e-01 
 2.51188643e+03 -3.06400384e-01 
 3.16227766e+03 -3.85733080e-01 
 3.98107171e+03 -4.85604888e-01 
 5.01187234e+03 -6.11331778e-01 
 6.30957344e+03 -7.69604039e-01 
 7.94328235e+03 -9.68840025e-01 
 1.00000000e+04 -1.21962938e+00 
 1.25892541e+04 -1.53528690e+00 
 1.58489319e+04 -1.93254139e+00 
 1.99526231e+04 -2.43238650e+00 
 2.51188643e+04 -3.06111889e+00 
 3.16227766e+04 -3.85158038e+00 
 3.98107171e+04 -4.84459361e+00 
 5.01187234e+04 -6.09051916e+00 
 6.30957344e+04 -7.65073213e+00 
 7.94328235e+04 -9.59856370e+00 
 1.00000000e+05 -1.20188005e+01 
 1.25892541e+05 -1.50041090e+01 
 1.58489319e+05 -1.86458165e+01 
 1.99526231e+05 -2.30158753e+01 
 2.51188643e+05 -2.81380978e+01 
 3.16227766e+05 -3.39524661e+01 
 3.98107171e+05 -4.02873401e+01 
 5.01187234e+05 -4.68634408e+01 
 6.30957344e+05 -5.33444163e+01 
 7.94328235e+05 -5.94172313e+01 
 1.00000000e+06 -6.48600071e+01 
 1.25892541e+06 -6.95661139e+01 
 1.58489319e+06 -7.35273094e+01 
 1.99526231e+06 -7.67989606e+01 
 2.51188643e+06 -7.94672418e+01 
 3.16227766e+06 -8.16264530e+01 
 3.98107171e+06 -8.33663554e+01 
 5.01187234e+06 -8.47665367e+01 
 6.30957344e+06 -8.58948719e+01 
 7.94328235e+06 -8.68080508e+01 
 1.00000000e+07 -8.75529852e+01 
 1.25892541e+07 -8.81684792e+01 
 1.58489319e+07 -8.86868729e+01 
 1.99526231e+07 -8.91355502e+01 
 2.51188643e+07 -8.95382873e+01 
 3.16227766e+07 -8.99164614e+01 
 3.98107171e+07 -9.02901533e+01 
 5.01187234e+07 -9.06791890e+01 
 6.30957344e+07 -9.11041581e+01 
 7.94328235e+07 -9.15874471e+01 
 1.00000000e+08 -9.21543115e+01 
 1.25892541e+08 -9.28339852e+01 
 1.58489319e+08 -9.36607754e+01 
 1.99526231e+08 -9.46749880e+01 
 2.51188643e+08 -9.59233359e+01 
 3.16227766e+08 -9.74581423e+01 
 3.98107171e+08 -9.93341185e+01 
 5.01187234e+08 -1.01600841e+02 
 6.30957344e+08 -1.04288760e+02 
 7.94328235e+08 -1.07387982e+02 
 1.00000000e+09 -1.10824495e+02 
