 1.00000000e+00  2.17828190e+01 
 1.25892541e+00  2.17828190e+01 
 1.58489319e+00  2.17828190e+01 
 1.99526231e+00  2.17828190e+01 
 2.51188643e+00  2.17828190e+01 
 3.16227766e+00  2.17828190e+01 
 3.98107171e+00  2.17828190e+01 
 5.01187234e+00  2.17828190e+01 
 6.30957344e+00  2.17828190e+01 
 7.94328235e+00  2.17828190e+01 
 1.00000000e+01  2.17828189e+01 
 1.25892541e+01  2.17828189e+01 
 1.58489319e+01  2.17828189e+01 
 1.99526231e+01  2.17828189e+01 
 2.51188643e+01  2.17828188e+01 
 3.16227766e+01  2.17828187e+01 
 3.98107171e+01  2.17828186e+01 
 5.01187234e+01  2.17828183e+01 
 6.30957344e+01  2.17828180e+01 
 7.94328235e+01  2.17828174e+01 
 1.00000000e+02  2.17828165e+01 
 1.25892541e+02  2.17828150e+01 
 1.58489319e+02  2.17828127e+01 
 1.99526231e+02  2.17828090e+01 
 2.51188643e+02  2.17828032e+01 
 3.16227766e+02  2.17827940e+01 
 3.98107171e+02  2.17827794e+01 
 5.01187234e+02  2.17827563e+01 
 6.30957344e+02  2.17827196e+01 
 7.94328235e+02  2.17826615e+01 
 1.00000000e+03  2.17825694e+01 
 1.25892541e+03  2.17824234e+01 
 1.58489319e+03  2.17821921e+01 
 1.99526231e+03  2.17818254e+01 
 2.51188643e+03  2.17812444e+01 
 3.16227766e+03  2.17803237e+01 
 3.98107171e+03  2.17788649e+01 
 5.01187234e+03  2.17765539e+01 
 6.30957344e+03  2.17728937e+01 
 7.94328235e+03  2.17670989e+01 
 1.00000000e+04  2.17579307e+01 
 1.25892541e+04  2.17434395e+01 
 1.58489319e+04  2.17205711e+01 
 1.99526231e+04  2.16845720e+01 
 2.51188643e+04  2.16281217e+01 
 3.16227766e+04  2.15401302e+01 
 3.98107171e+04  2.14042253e+01 
 5.01187234e+04  2.11971804e+01 
 6.30957344e+04  2.08880065e+01 
 7.94328235e+04  2.04390594e+01 
 1.00000000e+05  1.98107857e+01 
 1.25892541e+05  1.89705081e+01 
 1.58489319e+05  1.79024621e+01 
 1.99526231e+05  1.66134988e+01 
 2.51188643e+05  1.51305389e+01 
 3.16227766e+05  1.34915823e+01 
 3.98107171e+05  1.17358650e+01 
 5.01187234e+05  9.89737997e+00 
 6.30957344e+05  8.00246772e+00 
 7.94328235e+05  6.07010427e+00 
 1.00000000e+06  4.11332518e+00 
 1.25892541e+06  2.14081348e+00 
 1.58489319e+06  1.58239013e-01 
 1.99526231e+06 -1.83074341e+00 
 2.51188643e+06 -3.82379846e+00 
 3.16227766e+06 -5.81944420e+00 
 3.98107171e+06 -7.81674763e+00 
 5.01187234e+06 -9.81512942e+00 
 6.30957344e+06 -1.18142414e+01 
 7.94328235e+06 -1.38138922e+01 
 1.00000000e+07 -1.58140066e+01 
 1.25892541e+07 -1.78146092e+01 
 1.58489319e+07 -1.98158296e+01 
 1.99526231e+07 -2.18179304e+01 
 2.51188643e+07 -2.38213623e+01 
 3.16227766e+07 -2.58268594e+01 
 3.98107171e+07 -2.78355919e+01 
 5.01187234e+07 -2.98494037e+01 
 6.30957344e+07 -3.18711736e+01 
 7.94328235e+07 -3.39053480e+01 
 1.00000000e+08 -3.59586838e+01 
 1.25892541e+08 -3.80411959e+01 
 1.58489319e+08 -4.01671512e+01 
 1.99526231e+08 -4.23556170e+01 
 2.51188643e+08 -4.46295138e+01 
 3.16227766e+08 -4.70115963e+01 
 3.98107171e+08 -4.95161638e+01 
 5.01187234e+08 -5.21378168e+01 
 6.30957344e+08 -5.48427778e+01 
 7.94328235e+08 -5.75702453e+01 
 1.00000000e+09 -6.02467944e+01 
