 1.00000000e+00  2.17826359e+01 
 1.25892541e+00  2.17826359e+01 
 1.58489319e+00  2.17826359e+01 
 1.99526231e+00  2.17826359e+01 
 2.51188643e+00  2.17826359e+01 
 3.16227766e+00  2.17826359e+01 
 3.98107171e+00  2.17826359e+01 
 5.01187234e+00  2.17826359e+01 
 6.30957344e+00  2.17826359e+01 
 7.94328235e+00  2.17826358e+01 
 1.00000000e+01  2.17826358e+01 
 1.25892541e+01  2.17826358e+01 
 1.58489319e+01  2.17826358e+01 
 1.99526231e+01  2.17826358e+01 
 2.51188643e+01  2.17826357e+01 
 3.16227766e+01  2.17826356e+01 
 3.98107171e+01  2.17826355e+01 
 5.01187234e+01  2.17826352e+01 
 6.30957344e+01  2.17826349e+01 
 7.94328235e+01  2.17826343e+01 
 1.00000000e+02  2.17826334e+01 
 1.25892541e+02  2.17826319e+01 
 1.58489319e+02  2.17826296e+01 
 1.99526231e+02  2.17826260e+01 
 2.51188643e+02  2.17826202e+01 
 3.16227766e+02  2.17826110e+01 
 3.98107171e+02  2.17825964e+01 
 5.01187234e+02  2.17825734e+01 
 6.30957344e+02  2.17825369e+01 
 7.94328235e+02  2.17824789e+01 
 1.00000000e+03  2.17823872e+01 
 1.25892541e+03  2.17822417e+01 
 1.58489319e+03  2.17820112e+01 
 1.99526231e+03  2.17816458e+01 
 2.51188643e+03  2.17810669e+01 
 3.16227766e+03  2.17801495e+01 
 3.98107171e+03  2.17786958e+01 
 5.01187234e+03  2.17763930e+01 
 6.30957344e+03  2.17727458e+01 
 7.94328235e+03  2.17669715e+01 
 1.00000000e+04  2.17578357e+01 
 1.25892541e+04  2.17433956e+01 
 1.58489319e+04  2.17206074e+01 
 1.99526231e+04  2.16847339e+01 
 2.51188643e+04  2.16284782e+01 
 3.16227766e+04  2.15407852e+01 
 3.98107171e+04  2.14053296e+01 
 5.01187234e+04  2.11989430e+01 
 6.30957344e+04  2.08906954e+01 
 7.94328235e+04  2.04429817e+01 
 1.00000000e+05  1.98162339e+01 
 1.25892541e+05  1.89776815e+01 
 1.58489319e+05  1.79113982e+01 
 1.99526231e+05  1.66240592e+01 
 2.51188643e+05  1.51424597e+01 
 3.16227766e+05  1.35045543e+01 
 3.98107171e+05  1.17496001e+01 
 5.01187234e+05  9.91164439e+00 
 6.30957344e+05  8.01708838e+00 
 7.94328235e+05  6.08496055e+00 
 1.00000000e+06  4.12833672e+00 
 1.25892541e+06  2.15592897e+00 
 1.58489319e+06  1.73427743e-01 
 1.99526231e+06 -1.81549710e+00 
 2.51188643e+06 -3.80849810e+00 
 3.16227766e+06 -5.80408179e+00 
 3.98107171e+06 -7.80130180e+00 
 5.01187234e+06 -9.79956083e+00 
 6.30957344e+06 -1.17984842e+01 
 7.94328235e+06 -1.37978399e+01 
 1.00000000e+07 -1.57974891e+01 
 1.25892541e+07 -1.77973562e+01 
 1.58489319e+07 -1.97974124e+01 
 1.99526231e+07 -2.17976698e+01 
 2.51188643e+07 -2.37981840e+01 
 3.16227766e+07 -2.57990657e+01 
 3.98107171e+07 -2.78005049e+01 
 5.01187234e+07 -2.98028108e+01 
 6.30957344e+07 -3.18064783e+01 
 7.94328235e+07 -3.38122913e+01 
 1.00000000e+08 -3.58214857e+01 
 1.25892541e+08 -3.78359986e+01 
 1.58489319e+08 -3.98588450e+01 
 1.99526231e+08 -4.18946658e+01 
 2.51188643e+08 -4.39504822e+01 
 3.16227766e+08 -4.60366304e+01 
 3.98107171e+08 -4.81676755e+01 
 5.01187234e+08 -5.03627383e+01 
 6.30957344e+08 -5.26440962e+01 
 7.94328235e+08 -5.50325008e+01 
 1.00000000e+09 -5.75383652e+01 
