 1.00000000e+00  2.65604840e-05 
 1.02329299e+00  2.63016388e-05 
 1.04712855e+00  2.60453272e-05 
 1.07151931e+00  2.57915241e-05 
 1.09647820e+00  2.55402050e-05 
 1.12201845e+00  2.52913453e-05 
 1.14815362e+00  2.50449208e-05 
 1.17489755e+00  2.48009076e-05 
 1.20226443e+00  2.45592820e-05 
 1.23026877e+00  2.43200205e-05 
 1.25892541e+00  2.40830997e-05 
 1.28824955e+00  2.38484968e-05 
 1.31825674e+00  2.36161888e-05 
 1.34896288e+00  2.33861532e-05 
 1.38038426e+00  2.31583677e-05 
 1.41253754e+00  2.29328101e-05 
 1.44543977e+00  2.27094586e-05 
 1.47910839e+00  2.24882913e-05 
 1.51356125e+00  2.22692869e-05 
 1.54881662e+00  2.20524241e-05 
 1.58489319e+00  2.18376818e-05 
 1.62181010e+00  2.16250392e-05 
 1.65958691e+00  2.14144756e-05 
 1.69824365e+00  2.12059706e-05 
 1.73780083e+00  2.09995040e-05 
 1.77827941e+00  2.07950558e-05 
 1.81970086e+00  2.05926060e-05 
 1.86208714e+00  2.03921351e-05 
 1.90546072e+00  2.01936236e-05 
 1.94984460e+00  1.99970523e-05 
 1.99526231e+00  1.98024020e-05 
 2.04173794e+00  1.96096540e-05 
 2.08929613e+00  1.94187896e-05 
 2.13796209e+00  1.92297902e-05 
 2.18776162e+00  1.90426375e-05 
 2.23872114e+00  1.88573134e-05 
 2.29086765e+00  1.86737999e-05 
 2.34422882e+00  1.84920793e-05 
 2.39883292e+00  1.83121339e-05 
 2.45470892e+00  1.81339464e-05 
 2.51188643e+00  1.79574993e-05 
 2.57039578e+00  1.77827758e-05 
 2.63026799e+00  1.76097588e-05 
 2.69153480e+00  1.74384316e-05 
 2.75422870e+00  1.72687775e-05 
 2.81838293e+00  1.71007803e-05 
 2.88403150e+00  1.69344236e-05 
 2.95120923e+00  1.67696913e-05 
 3.01995172e+00  1.66065675e-05 
 3.09029543e+00  1.64450364e-05 
 3.16227766e+00  1.62850824e-05 
 3.23593657e+00  1.61266900e-05 
 3.31131121e+00  1.59698439e-05 
 3.38844156e+00  1.58145288e-05 
 3.46736850e+00  1.56607299e-05 
 3.54813389e+00  1.55084322e-05 
 3.63078055e+00  1.53576209e-05 
 3.71535229e+00  1.52082816e-05 
 3.80189396e+00  1.50603998e-05 
 3.89045145e+00  1.49139611e-05 
 3.98107171e+00  1.47689515e-05 
 4.07380278e+00  1.46253570e-05 
 4.16869383e+00  1.44831635e-05 
 4.26579519e+00  1.43423575e-05 
 4.36515832e+00  1.42029253e-05 
 4.46683592e+00  1.40648535e-05 
 4.57088190e+00  1.39281286e-05 
 4.67735141e+00  1.37927376e-05 
 4.78630092e+00  1.36586673e-05 
 4.89778819e+00  1.35259048e-05 
 5.01187234e+00  1.33944373e-05 
 5.12861384e+00  1.32642521e-05 
 5.24807460e+00  1.31353366e-05 
 5.37031796e+00  1.30076783e-05 
 5.49540874e+00  1.28812651e-05 
 5.62341325e+00  1.27560846e-05 
 5.75439937e+00  1.26321248e-05 
 5.88843655e+00  1.25093737e-05 
 6.02559586e+00  1.23878195e-05 
 6.16595002e+00  1.22674505e-05 
 6.30957344e+00  1.21482550e-05 
 6.45654229e+00  1.20302217e-05 
 6.60693448e+00  1.19133390e-05 
 6.76082975e+00  1.17975957e-05 
 6.91830971e+00  1.16829807e-05 
 7.07945784e+00  1.15694829e-05 
 7.24435960e+00  1.14570914e-05 
 7.41310241e+00  1.13457954e-05 
 7.58577575e+00  1.12355841e-05 
 7.76247117e+00  1.11264468e-05 
 7.94328235e+00  1.10183732e-05 
 8.12830516e+00  1.09113528e-05 
 8.31763771e+00  1.08053752e-05 
 8.51138038e+00  1.07004303e-05 
 8.70963590e+00  1.05965080e-05 
 8.91250938e+00  1.04935982e-05 
 9.12010839e+00  1.03916911e-05 
 9.33254301e+00  1.02907768e-05 
 9.54992586e+00  1.01908457e-05 
 9.77237221e+00  1.00918880e-05 
 1.00000000e+01  9.99389433e-06 
 1.02329299e+01  9.89685521e-06 
 1.04712855e+01  9.80076131e-06 
 1.07151931e+01  9.70560338e-06 
 1.09647820e+01  9.61137227e-06 
 1.12201845e+01  9.51805891e-06 
 1.14815362e+01  9.42565432e-06 
 1.17489755e+01  9.33414963e-06 
 1.20226443e+01  9.24353602e-06 
 1.23026877e+01  9.15380479e-06 
 1.25892541e+01  9.06494731e-06 
 1.28824955e+01  8.97695504e-06 
 1.31825674e+01  8.88981951e-06 
 1.34896288e+01  8.80353235e-06 
 1.38038426e+01  8.71808528e-06 
 1.41253754e+01  8.63347007e-06 
 1.44543977e+01  8.54967859e-06 
 1.47910839e+01  8.46670281e-06 
 1.51356125e+01  8.38453473e-06 
 1.54881662e+01  8.30316647e-06 
 1.58489319e+01  8.22259022e-06 
 1.62181010e+01  8.14279823e-06 
 1.65958691e+01  8.06378284e-06 
 1.69824365e+01  7.98553646e-06 
 1.73780083e+01  7.90805158e-06 
 1.77827941e+01  7.83132076e-06 
 1.81970086e+01  7.75533663e-06 
 1.86208714e+01  7.68009190e-06 
 1.90546072e+01  7.60557934e-06 
 1.94984460e+01  7.53179181e-06 
 1.99526231e+01  7.45872222e-06 
 2.04173794e+01  7.38636355e-06 
 2.08929613e+01  7.31470888e-06 
 2.13796209e+01  7.24375131e-06 
 2.18776162e+01  7.17348405e-06 
 2.23872114e+01  7.10390035e-06 
 2.29086765e+01  7.03499353e-06 
 2.34422882e+01  6.96675700e-06 
 2.39883292e+01  6.89918420e-06 
 2.45470892e+01  6.83226865e-06 
 2.51188643e+01  6.76600395e-06 
 2.57039578e+01  6.70038372e-06 
 2.63026799e+01  6.63540169e-06 
 2.69153480e+01  6.57105163e-06 
 2.75422870e+01  6.50732736e-06 
 2.81838293e+01  6.44422277e-06 
 2.88403150e+01  6.38173182e-06 
 2.95120923e+01  6.31984853e-06 
 3.01995172e+01  6.25856695e-06 
 3.09029543e+01  6.19788123e-06 
 3.16227766e+01  6.13778554e-06 
 3.23593657e+01  6.07827412e-06 
 3.31131121e+01  6.01934128e-06 
 3.38844156e+01  5.96098138e-06 
 3.46736850e+01  5.90318881e-06 
 3.54813389e+01  5.84595806e-06 
 3.63078055e+01  5.78928362e-06 
 3.71535229e+01  5.73316009e-06 
 3.80189396e+01  5.67758209e-06 
 3.89045145e+01  5.62254429e-06 
 3.98107171e+01  5.56804142e-06 
 4.07380278e+01  5.51406828e-06 
 4.16869383e+01  5.46061969e-06 
 4.26579519e+01  5.40769054e-06 
 4.36515832e+01  5.35527575e-06 
 4.46683592e+01  5.30337033e-06 
 4.57088190e+01  5.25196930e-06 
 4.67735141e+01  5.20106773e-06 
 4.78630092e+01  5.15066077e-06 
 4.89778819e+01  5.10074359e-06 
 5.01187234e+01  5.05131142e-06 
 5.12861384e+01  5.00235952e-06 
 5.24807460e+01  4.95388322e-06 
 5.37031796e+01  4.90587788e-06 
 5.49540874e+01  4.85833891e-06 
 5.62341325e+01  4.81126176e-06 
 5.75439937e+01  4.76464193e-06 
 5.88843655e+01  4.71847497e-06 
 6.02559586e+01  4.67275646e-06 
 6.16595002e+01  4.62748203e-06 
 6.30957344e+01  4.58264736e-06 
 6.45654229e+01  4.53824815e-06 
 6.60693448e+01  4.49428018e-06 
 6.76082975e+01  4.45073922e-06 
 6.91830971e+01  4.40762113e-06 
 7.07945784e+01  4.36492179e-06 
 7.24435960e+01  4.32263710e-06 
 7.41310241e+01  4.28076305e-06 
 7.58577575e+01  4.23929562e-06 
 7.76247117e+01  4.19823085e-06 
 7.94328235e+01  4.15756483e-06 
 8.12830516e+01  4.11729366e-06 
 8.31763771e+01  4.07741351e-06 
 8.51138038e+01  4.03792056e-06 
 8.70963590e+01  3.99881104e-06 
 8.91250938e+01  3.96008122e-06 
 9.12010839e+01  3.92172741e-06 
 9.33254301e+01  3.88374593e-06 
 9.54992586e+01  3.84613317e-06 
 9.77237221e+01  3.80888554e-06 
 1.00000000e+02  3.77199947e-06 
 1.02329299e+02  3.73547146e-06 
 1.04712855e+02  3.69929800e-06 
 1.07151931e+02  3.66347566e-06 
 1.09647820e+02  3.62800101e-06 
 1.12201845e+02  3.59287068e-06 
 1.14815362e+02  3.55808130e-06 
 1.17489755e+02  3.52362955e-06 
 1.20226443e+02  3.48951216e-06 
 1.23026877e+02  3.45572587e-06 
 1.25892541e+02  3.42226746e-06 
 1.28824955e+02  3.38913372e-06 
 1.31825674e+02  3.35632152e-06 
 1.34896288e+02  3.32382771e-06 
 1.38038426e+02  3.29164920e-06 
 1.41253754e+02  3.25978291e-06 
 1.44543977e+02  3.22822582e-06 
 1.47910839e+02  3.19697492e-06 
 1.51356125e+02  3.16602721e-06 
 1.54881662e+02  3.13537976e-06 
 1.58489319e+02  3.10502965e-06 
 1.62181010e+02  3.07497397e-06 
 1.65958691e+02  3.04520988e-06 
 1.69824365e+02  3.01573452e-06 
 1.73780083e+02  2.98654509e-06 
 1.77827941e+02  2.95763881e-06 
 1.81970086e+02  2.92901293e-06 
 1.86208714e+02  2.90066472e-06 
 1.90546072e+02  2.87259148e-06 
 1.94984460e+02  2.84479053e-06 
 1.99526231e+02  2.81725923e-06 
 2.04173794e+02  2.78999495e-06 
 2.08929613e+02  2.76299510e-06 
 2.13796209e+02  2.73625710e-06 
 2.18776162e+02  2.70977842e-06 
 2.23872114e+02  2.68355652e-06 
 2.29086765e+02  2.65758892e-06 
 2.34422882e+02  2.63187313e-06 
 2.39883292e+02  2.60640672e-06 
 2.45470892e+02  2.58118725e-06 
 2.51188643e+02  2.55621233e-06 
 2.57039578e+02  2.53147958e-06 
 2.63026799e+02  2.50698665e-06 
 2.69153480e+02  2.48273119e-06 
 2.75422870e+02  2.45871092e-06 
 2.81838293e+02  2.43492353e-06 
 2.88403150e+02  2.41136677e-06 
 2.95120923e+02  2.38803839e-06 
 3.01995172e+02  2.36493618e-06 
 3.09029543e+02  2.34205794e-06 
 3.16227766e+02  2.31940149e-06 
 3.23593657e+02  2.29696467e-06 
 3.31131121e+02  2.27474536e-06 
 3.38844156e+02  2.25274143e-06 
 3.46736850e+02  2.23095080e-06 
 3.54813389e+02  2.20937139e-06 
 3.63078055e+02  2.18800115e-06 
 3.71535229e+02  2.16683805e-06 
 3.80189396e+02  2.14588007e-06 
 3.89045145e+02  2.12512523e-06 
 3.98107171e+02  2.10457155e-06 
 4.07380278e+02  2.08421708e-06 
 4.16869383e+02  2.06405987e-06 
 4.26579519e+02  2.04409802e-06 
 4.36515832e+02  2.02432963e-06 
 4.46683592e+02  2.00475282e-06 
 4.57088190e+02  1.98536572e-06 
 4.67735141e+02  1.96616650e-06 
 4.78630092e+02  1.94715333e-06 
 4.89778819e+02  1.92832440e-06 
 5.01187234e+02  1.90967793e-06 
 5.12861384e+02  1.89121214e-06 
 5.24807460e+02  1.87292528e-06 
 5.37031796e+02  1.85481561e-06 
 5.49540874e+02  1.83688140e-06 
 5.62341325e+02  1.81912097e-06 
 5.75439937e+02  1.80153262e-06 
 5.88843655e+02  1.78411467e-06 
 6.02559586e+02  1.76686548e-06 
 6.16595002e+02  1.74978340e-06 
 6.30957344e+02  1.73286682e-06 
 6.45654229e+02  1.71611413e-06 
 6.60693448e+02  1.69952373e-06 
 6.76082975e+02  1.68309406e-06 
 6.91830971e+02  1.66682354e-06 
 7.07945784e+02  1.65071065e-06 
 7.24435960e+02  1.63475384e-06 
 7.41310241e+02  1.61895160e-06 
 7.58577575e+02  1.60330243e-06 
 7.76247117e+02  1.58780485e-06 
 7.94328235e+02  1.57245738e-06 
 8.12830516e+02  1.55725857e-06 
 8.31763771e+02  1.54220698e-06 
 8.51138038e+02  1.52730118e-06 
 8.70963590e+02  1.51253975e-06 
 8.91250938e+02  1.49792129e-06 
 9.12010839e+02  1.48344441e-06 
 9.33254301e+02  1.46910775e-06 
 9.54992586e+02  1.45490993e-06 
 9.77237221e+02  1.44084963e-06 
 1.00000000e+03  1.42692549e-06 
 1.02329299e+03  1.41313620e-06 
 1.04712855e+03  1.39948045e-06 
 1.07151931e+03  1.38595695e-06 
 1.09647820e+03  1.37256441e-06 
 1.12201845e+03  1.35930156e-06 
 1.14815362e+03  1.34616714e-06 
 1.17489755e+03  1.33315992e-06 
 1.20226443e+03  1.32027865e-06 
 1.23026877e+03  1.30752212e-06 
 1.25892541e+03  1.29488911e-06 
 1.28824955e+03  1.28237842e-06 
 1.31825674e+03  1.26998888e-06 
 1.34896288e+03  1.25771930e-06 
 1.38038426e+03  1.24556853e-06 
 1.41253754e+03  1.23353540e-06 
 1.44543977e+03  1.22161879e-06 
 1.47910839e+03  1.20981755e-06 
 1.51356125e+03  1.19813058e-06 
 1.54881662e+03  1.18655676e-06 
 1.58489319e+03  1.17509499e-06 
 1.62181010e+03  1.16374420e-06 
 1.65958691e+03  1.15250330e-06 
 1.69824365e+03  1.14137124e-06 
 1.73780083e+03  1.13034694e-06 
 1.77827941e+03  1.11942938e-06 
 1.81970086e+03  1.10861751e-06 
 1.86208714e+03  1.09791031e-06 
 1.90546072e+03  1.08730677e-06 
 1.94984460e+03  1.07680589e-06 
 1.99526231e+03  1.06640666e-06 
 2.04173794e+03  1.05610810e-06 
 2.08929613e+03  1.04590924e-06 
 2.13796209e+03  1.03580910e-06 
 2.18776162e+03  1.02580675e-06 
 2.23872114e+03  1.01590122e-06 
 2.29086765e+03  1.00609157e-06 
 2.34422882e+03  9.96376892e-07 
 2.39883292e+03  9.86756249e-07 
 2.45470892e+03  9.77228734e-07 
 2.51188643e+03  9.67793445e-07 
 2.57039578e+03  9.58449489e-07 
 2.63026799e+03  9.49195981e-07 
 2.69153480e+03  9.40032044e-07 
 2.75422870e+03  9.30956812e-07 
 2.81838293e+03  9.21969426e-07 
 2.88403150e+03  9.13069033e-07 
 2.95120923e+03  9.04254792e-07 
 3.01995172e+03  8.95525869e-07 
 3.09029543e+03  8.86881436e-07 
 3.16227766e+03  8.78320677e-07 
 3.23593657e+03  8.69842780e-07 
 3.31131121e+03  8.61446944e-07 
 3.38844156e+03  8.53132373e-07 
 3.46736850e+03  8.44898281e-07 
 3.54813389e+03  8.36743889e-07 
 3.63078055e+03  8.28668424e-07 
 3.71535229e+03  8.20671124e-07 
 3.80189396e+03  8.12751231e-07 
 3.89045145e+03  8.04907995e-07 
 3.98107171e+03  7.97140675e-07 
 4.07380278e+03  7.89448536e-07 
 4.16869383e+03  7.81830851e-07 
 4.26579519e+03  7.74286897e-07 
 4.36515832e+03  7.66815963e-07 
 4.46683592e+03  7.59417341e-07 
 4.57088190e+03  7.52090331e-07 
 4.67735141e+03  7.44834241e-07 
 4.78630092e+03  7.37648383e-07 
 4.89778819e+03  7.30532079e-07 
 5.01187234e+03  7.23484655e-07 
 5.12861384e+03  7.16505446e-07 
 5.24807460e+03  7.09593790e-07 
 5.37031796e+03  7.02749034e-07 
 5.49540874e+03  6.95970532e-07 
 5.62341325e+03  6.89257641e-07 
 5.75439937e+03  6.82609728e-07 
 5.88843655e+03  6.76026164e-07 
 6.02559586e+03  6.69506326e-07 
 6.16595002e+03  6.63049599e-07 
 6.30957344e+03  6.56655371e-07 
 6.45654229e+03  6.50323038e-07 
 6.60693448e+03  6.44052001e-07 
 6.76082975e+03  6.37841669e-07 
 6.91830971e+03  6.31691453e-07 
 7.07945784e+03  6.25600773e-07 
 7.24435960e+03  6.19569052e-07 
 7.41310241e+03  6.13595721e-07 
 7.58577575e+03  6.07680215e-07 
 7.76247117e+03  6.01821975e-07 
 7.94328235e+03  5.96020448e-07 
 8.12830516e+03  5.90275085e-07 
 8.31763771e+03  5.84585343e-07 
 8.51138038e+03  5.78950685e-07 
 8.70963590e+03  5.73370579e-07 
 8.91250938e+03  5.67844496e-07 
 9.12010839e+03  5.62371915e-07 
 9.33254301e+03  5.56952320e-07 
 9.54992586e+03  5.51585197e-07 
 9.77237221e+03  5.46270040e-07 
 1.00000000e+04  5.41006346e-07 
 1.02329299e+04  5.35793619e-07 
 1.04712855e+04  5.30631367e-07 
 1.07151931e+04  5.25519101e-07 
 1.09647820e+04  5.20456338e-07 
 1.12201845e+04  5.15442601e-07 
 1.14815362e+04  5.10477415e-07 
 1.17489755e+04  5.05560313e-07 
 1.20226443e+04  5.00690829e-07 
 1.23026877e+04  4.95868504e-07 
 1.25892541e+04  4.91092882e-07 
 1.28824955e+04  4.86363512e-07 
 1.31825674e+04  4.81679948e-07 
 1.34896288e+04  4.77041748e-07 
 1.38038426e+04  4.72448473e-07 
 1.41253754e+04  4.67899690e-07 
 1.44543977e+04  4.63394969e-07 
 1.47910839e+04  4.58933886e-07 
 1.51356125e+04  4.54516018e-07 
 1.54881662e+04  4.50140949e-07 
 1.58489319e+04  4.45808266e-07 
 1.62181010e+04  4.41517559e-07 
 1.65958691e+04  4.37268425e-07 
 1.69824365e+04  4.33060461e-07 
 1.73780083e+04  4.28893270e-07 
 1.77827941e+04  4.24766459e-07 
 1.81970086e+04  4.20679639e-07 
 1.86208714e+04  4.16632424e-07 
 1.90546072e+04  4.12624432e-07 
 1.94984460e+04  4.08655284e-07 
 1.99526231e+04  4.04724606e-07 
 2.04173794e+04  4.00832028e-07 
 2.08929613e+04  3.96977181e-07 
 2.13796209e+04  3.93159702e-07 
 2.18776162e+04  3.89379231e-07 
 2.23872114e+04  3.85635411e-07 
 2.29086765e+04  3.81927889e-07 
 2.34422882e+04  3.78256314e-07 
 2.39883292e+04  3.74620342e-07 
 2.45470892e+04  3.71019627e-07 
 2.51188643e+04  3.67453832e-07 
 2.57039578e+04  3.63922619e-07 
 2.63026799e+04  3.60425655e-07 
 2.69153480e+04  3.56962610e-07 
 2.75422870e+04  3.53533158e-07 
 2.81838293e+04  3.50136975e-07 
 2.88403150e+04  3.46773741e-07 
 2.95120923e+04  3.43443139e-07 
 3.01995172e+04  3.40144853e-07 
 3.09029543e+04  3.36878575e-07 
 3.16227766e+04  3.33643994e-07 
 3.23593657e+04  3.30440806e-07 
 3.31131121e+04  3.27268710e-07 
 3.38844156e+04  3.24127405e-07 
 3.46736850e+04  3.21016596e-07 
 3.54813389e+04  3.17935989e-07 
 3.63078055e+04  3.14885294e-07 
 3.71535229e+04  3.11864223e-07 
 3.80189396e+04  3.08872491e-07 
 3.89045145e+04  3.05909816e-07 
 3.98107171e+04  3.02975919e-07 
 4.07380278e+04  3.00070522e-07 
 4.16869383e+04  2.97193353e-07 
 4.26579519e+04  2.94344140e-07 
 4.36515832e+04  2.91522614e-07 
 4.46683592e+04  2.88728508e-07 
 4.57088190e+04  2.85961561e-07 
 4.67735141e+04  2.83221510e-07 
 4.78630092e+04  2.80508098e-07 
 4.89778819e+04  2.77821069e-07 
 5.01187234e+04  2.75160169e-07 
 5.12861384e+04  2.72525147e-07 
 5.24807460e+04  2.69915756e-07 
 5.37031796e+04  2.67331749e-07 
 5.49540874e+04  2.64772882e-07 
 5.62341325e+04  2.62238915e-07 
 5.75439937e+04  2.59729609e-07 
 5.88843655e+04  2.57244726e-07 
 6.02559586e+04  2.54784033e-07 
 6.16595002e+04  2.52347298e-07 
 6.30957344e+04  2.49934291e-07 
 6.45654229e+04  2.47544785e-07 
 6.60693448e+04  2.45178555e-07 
 6.76082975e+04  2.42835377e-07 
 6.91830971e+04  2.40515030e-07 
 7.07945784e+04  2.38217297e-07 
 7.24435960e+04  2.35941960e-07 
 7.41310241e+04  2.33688805e-07 
 7.58577575e+04  2.31457620e-07 
 7.76247117e+04  2.29248194e-07 
 7.94328235e+04  2.27060320e-07 
 8.12830516e+04  2.24893790e-07 
 8.31763771e+04  2.22748402e-07 
 8.51138038e+04  2.20623952e-07 
 8.70963590e+04  2.18520240e-07 
 8.91250938e+04  2.16437069e-07 
 9.12010839e+04  2.14374242e-07 
 9.33254301e+04  2.12331564e-07 
 9.54992586e+04  2.10308844e-07 
 9.77237221e+04  2.08305889e-07 
 1.00000000e+05  2.06322513e-07 
 1.02329299e+05  2.04358528e-07 
 1.04712855e+05  2.02413748e-07 
 1.07151931e+05  2.00487991e-07 
 1.09647820e+05  1.98581075e-07 
 1.12201845e+05  1.96692820e-07 
 1.14815362e+05  1.94823049e-07 
 1.17489755e+05  1.92971585e-07 
 1.20226443e+05  1.91138254e-07 
 1.23026877e+05  1.89322883e-07 
 1.25892541e+05  1.87525301e-07 
 1.28824955e+05  1.85745339e-07 
 1.31825674e+05  1.83982828e-07 
 1.34896288e+05  1.82237604e-07 
 1.38038426e+05  1.80509501e-07 
 1.41253754e+05  1.78798356e-07 
 1.44543977e+05  1.77104009e-07 
 1.47910839e+05  1.75426300e-07 
 1.51356125e+05  1.73765070e-07 
 1.54881662e+05  1.72120163e-07 
 1.58489319e+05  1.70491424e-07 
 1.62181010e+05  1.68878699e-07 
 1.65958691e+05  1.67281838e-07 
 1.69824365e+05  1.65700688e-07 
 1.73780083e+05  1.64135101e-07 
 1.77827941e+05  1.62584930e-07 
 1.81970086e+05  1.61050028e-07 
 1.86208714e+05  1.59530251e-07 
 1.90546072e+05  1.58025455e-07 
 1.94984460e+05  1.56535499e-07 
 1.99526231e+05  1.55060243e-07 
 2.04173794e+05  1.53599546e-07 
 2.08929613e+05  1.52153272e-07 
 2.13796209e+05  1.50721284e-07 
 2.18776162e+05  1.49303447e-07 
 2.23872114e+05  1.47899628e-07 
 2.29086765e+05  1.46509693e-07 
 2.34422882e+05  1.45133513e-07 
 2.39883292e+05  1.43770957e-07 
 2.45470892e+05  1.42421897e-07 
 2.51188643e+05  1.41086205e-07 
 2.57039578e+05  1.39763756e-07 
 2.63026799e+05  1.38454425e-07 
 2.69153480e+05  1.37158089e-07 
 2.75422870e+05  1.35874624e-07 
 2.81838293e+05  1.34603911e-07 
 2.88403150e+05  1.33345828e-07 
 2.95120923e+05  1.32100258e-07 
 3.01995172e+05  1.30867083e-07 
 3.09029543e+05  1.29646187e-07 
 3.16227766e+05  1.28437454e-07 
 3.23593657e+05  1.27240770e-07 
 3.31131121e+05  1.26056022e-07 
 3.38844156e+05  1.24883099e-07 
 3.46736850e+05  1.23721889e-07 
 3.54813389e+05  1.22572284e-07 
 3.63078055e+05  1.21434174e-07 
 3.71535229e+05  1.20307452e-07 
 3.80189396e+05  1.19192011e-07 
 3.89045145e+05  1.18087747e-07 
 3.98107171e+05  1.16994555e-07 
 4.07380278e+05  1.15912331e-07 
 4.16869383e+05  1.14840973e-07 
 4.26579519e+05  1.13780380e-07 
 4.36515832e+05  1.12730451e-07 
 4.46683592e+05  1.11691088e-07 
 4.57088190e+05  1.10662192e-07 
 4.67735141e+05  1.09643666e-07 
 4.78630092e+05  1.08635413e-07 
 4.89778819e+05  1.07637338e-07 
 5.01187234e+05  1.06649346e-07 
 5.12861384e+05  1.05671344e-07 
 5.24807460e+05  1.04703239e-07 
 5.37031796e+05  1.03744940e-07 
 5.49540874e+05  1.02796356e-07 
 5.62341325e+05  1.01857396e-07 
 5.75439937e+05  1.00927972e-07 
 5.88843655e+05  1.00007995e-07 
 6.02559586e+05  9.90973789e-08 
 6.16595002e+05  9.81960366e-08 
 6.30957344e+05  9.73038826e-08 
 6.45654229e+05  9.64208322e-08 
 6.60693448e+05  9.55468015e-08 
 6.76082975e+05  9.46817075e-08 
 6.91830971e+05  9.38254679e-08 
 7.07945784e+05  9.29780013e-08 
 7.24435960e+05  9.21392271e-08 
 7.41310241e+05  9.13090654e-08 
 7.58577575e+05  9.04874371e-08 
 7.76247117e+05  8.96742641e-08 
 7.94328235e+05  8.88694687e-08 
 8.12830516e+05  8.80729744e-08 
 8.31763771e+05  8.72847050e-08 
 8.51138038e+05  8.65045853e-08 
 8.70963590e+05  8.57325408e-08 
 8.91250938e+05  8.49684978e-08 
 9.12010839e+05  8.42123832e-08 
 9.33254301e+05  8.34641246e-08 
 9.54992586e+05  8.27236505e-08 
 9.77237221e+05  8.19908899e-08 
 1.00000000e+06  8.12657725e-08 
 1.02329299e+06  8.05482288e-08 
 1.04712855e+06  7.98381899e-08 
 1.07151931e+06  7.91355877e-08 
 1.09647820e+06  7.84403545e-08 
 1.12201845e+06  7.77524236e-08 
 1.14815362e+06  7.70717286e-08 
 1.17489755e+06  7.63982039e-08 
 1.20226443e+06  7.57317846e-08 
 1.23026877e+06  7.50724064e-08 
 1.25892541e+06  7.44200056e-08 
 1.28824955e+06  7.37745190e-08 
 1.31825674e+06  7.31358841e-08 
 1.34896288e+06  7.25040391e-08 
 1.38038426e+06  7.18789227e-08 
 1.41253754e+06  7.12604741e-08 
 1.44543977e+06  7.06486332e-08 
 1.47910839e+06  7.00433405e-08 
 1.51356125e+06  6.94445369e-08 
 1.54881662e+06  6.88521641e-08 
 1.58489319e+06  6.82661641e-08 
 1.62181010e+06  6.76864796e-08 
 1.65958691e+06  6.71130539e-08 
 1.69824365e+06  6.65458306e-08 
 1.73780083e+06  6.59847541e-08 
 1.77827941e+06  6.54297691e-08 
 1.81970086e+06  6.48808209e-08 
 1.86208714e+06  6.43378554e-08 
 1.90546072e+06  6.38008188e-08 
 1.94984460e+06  6.32696581e-08 
 1.99526231e+06  6.27443204e-08 
 2.04173794e+06  6.22247537e-08 
 2.08929613e+06  6.17109061e-08 
 2.13796209e+06  6.12027264e-08 
 2.18776162e+06  6.07001639e-08 
 2.23872114e+06  6.02031681e-08 
 2.29086765e+06  5.97116893e-08 
 2.34422882e+06  5.92256780e-08 
 2.39883292e+06  5.87450852e-08 
 2.45470892e+06  5.82698623e-08 
 2.51188643e+06  5.77999613e-08 
 2.57039578e+06  5.73353346e-08 
 2.63026799e+06  5.68759347e-08 
 2.69153480e+06  5.64217149e-08 
 2.75422870e+06  5.59726287e-08 
 2.81838293e+06  5.55286301e-08 
 2.88403150e+06  5.50896735e-08 
 2.95120923e+06  5.46557137e-08 
 3.01995172e+06  5.42267057e-08 
 3.09029543e+06  5.38026050e-08 
 3.16227766e+06  5.33833677e-08 
 3.23593657e+06  5.29689500e-08 
 3.31131121e+06  5.25593085e-08 
 3.38844156e+06  5.21544003e-08 
 3.46736850e+06  5.17541826e-08 
 3.54813389e+06  5.13586133e-08 
 3.63078055e+06  5.09676503e-08 
 3.71535229e+06  5.05812522e-08 
 3.80189396e+06  5.01993776e-08 
 3.89045145e+06  4.98219855e-08 
 3.98107171e+06  4.94490355e-08 
 4.07380278e+06  4.90804872e-08 
 4.16869383e+06  4.87163007e-08 
 4.26579519e+06  4.83564364e-08 
 4.36515832e+06  4.80008548e-08 
 4.46683592e+06  4.76495170e-08 
 4.57088190e+06  4.73023842e-08 
 4.67735141e+06  4.69594181e-08 
 4.78630092e+06  4.66205804e-08 
 4.89778819e+06  4.62858333e-08 
 5.01187234e+06  4.59551392e-08 
 5.12861384e+06  4.56284609e-08 
 5.24807460e+06  4.53057613e-08 
 5.37031796e+06  4.49870037e-08 
 5.49540874e+06  4.46721515e-08 
 5.62341325e+06  4.43611687e-08 
 5.75439937e+06  4.40540191e-08 
 5.88843655e+06  4.37506671e-08 
 6.02559586e+06  4.34510773e-08 
 6.16595002e+06  4.31552145e-08 
 6.30957344e+06  4.28630436e-08 
 6.45654229e+06  4.25745300e-08 
 6.60693448e+06  4.22896392e-08 
 6.76082975e+06  4.20083370e-08 
 6.91830971e+06  4.17305893e-08 
 7.07945784e+06  4.14563623e-08 
 7.24435960e+06  4.11856225e-08 
 7.41310241e+06  4.09183365e-08 
 7.58577575e+06  4.06544713e-08 
 7.76247117e+06  4.03939939e-08 
 7.94328235e+06  4.01368717e-08 
 8.12830516e+06  3.98830721e-08 
 8.31763771e+06  3.96325628e-08 
 8.51138038e+06  3.93853120e-08 
 8.70963590e+06  3.91412876e-08 
 8.91250938e+06  3.89004580e-08 
 9.12010839e+06  3.86627917e-08 
 9.33254301e+06  3.84282576e-08 
 9.54992586e+06  3.81968244e-08 
 9.77237221e+06  3.79684615e-08 
 1.00000000e+07  3.77431380e-08 
 1.02329299e+07  3.75208235e-08 
 1.04712855e+07  3.73014877e-08 
 1.07151931e+07  3.70851004e-08 
 1.09647820e+07  3.68716318e-08 
 1.12201845e+07  3.66610520e-08 
 1.14815362e+07  3.64533316e-08 
 1.17489755e+07  3.62484411e-08 
 1.20226443e+07  3.60463513e-08 
 1.23026877e+07  3.58470332e-08 
 1.25892541e+07  3.56504579e-08 
 1.28824955e+07  3.54565967e-08 
 1.31825674e+07  3.52654213e-08 
 1.34896288e+07  3.50769031e-08 
 1.38038426e+07  3.48910141e-08 
 1.41253754e+07  3.47077263e-08 
 1.44543977e+07  3.45270118e-08 
 1.47910839e+07  3.43488431e-08 
 1.51356125e+07  3.41731927e-08 
 1.54881662e+07  3.40000332e-08 
 1.58489319e+07  3.38293377e-08 
 1.62181010e+07  3.36610790e-08 
 1.65958691e+07  3.34952304e-08 
 1.69824365e+07  3.33317653e-08 
 1.73780083e+07  3.31706573e-08 
 1.77827941e+07  3.30118801e-08 
 1.81970086e+07  3.28554076e-08 
 1.86208714e+07  3.27012138e-08 
 1.90546072e+07  3.25492731e-08 
 1.94984460e+07  3.23995597e-08 
 1.99526231e+07  3.22520484e-08 
 2.04173794e+07  3.21067139e-08 
 2.08929613e+07  3.19635310e-08 
 2.13796209e+07  3.18224749e-08 
 2.18776162e+07  3.16835210e-08 
 2.23872114e+07  3.15466445e-08 
 2.29086765e+07  3.14118212e-08 
 2.34422882e+07  3.12790269e-08 
 2.39883292e+07  3.11482375e-08 
 2.45470892e+07  3.10194291e-08 
 2.51188643e+07  3.08925783e-08 
 2.57039578e+07  3.07676614e-08 
 2.63026799e+07  3.06446551e-08 
 2.69153480e+07  3.05235363e-08 
 2.75422870e+07  3.04042822e-08 
 2.81838293e+07  3.02868698e-08 
 2.88403150e+07  3.01712767e-08 
 2.95120923e+07  3.00574805e-08 
 3.01995172e+07  2.99454590e-08 
 3.09029543e+07  2.98351901e-08 
 3.16227766e+07  2.97266520e-08 
 3.23593657e+07  2.96198232e-08 
 3.31131121e+07  2.95146821e-08 
 3.38844156e+07  2.94112075e-08 
 3.46736850e+07  2.93093783e-08 
 3.54813389e+07  2.92091738e-08 
 3.63078055e+07  2.91105732e-08 
 3.71535229e+07  2.90135561e-08 
 3.80189396e+07  2.89181022e-08 
 3.89045145e+07  2.88241915e-08 
 3.98107171e+07  2.87318040e-08 
 4.07380278e+07  2.86409202e-08 
 4.16869383e+07  2.85515206e-08 
 4.26579519e+07  2.84635860e-08 
 4.36515832e+07  2.83770973e-08 
 4.46683592e+07  2.82920357e-08 
 4.57088190e+07  2.82083826e-08 
 4.67735141e+07  2.81261195e-08 
 4.78630092e+07  2.80452285e-08 
 4.89778819e+07  2.79656913e-08 
 5.01187234e+07  2.78874904e-08 
 5.12861384e+07  2.78106083e-08 
 5.24807460e+07  2.77350275e-08 
 5.37031796e+07  2.76607311e-08 
 5.49540874e+07  2.75877021e-08 
 5.62341325e+07  2.75159241e-08 
 5.75439937e+07  2.74453806e-08 
 5.88843655e+07  2.73760554e-08 
 6.02559586e+07  2.73079327e-08 
 6.16595002e+07  2.72409967e-08 
 6.30957344e+07  2.71752321e-08 
 6.45654229e+07  2.71106237e-08 
 6.60693448e+07  2.70471564e-08 
 6.76082975e+07  2.69848156e-08 
 6.91830971e+07  2.69235870e-08 
 7.07945784e+07  2.68634561e-08 
 7.24435960e+07  2.68044093e-08 
 7.41310241e+07  2.67464327e-08 
 7.58577575e+07  2.66895129e-08 
 7.76247117e+07  2.66336369e-08 
 7.94328235e+07  2.65787917e-08 
 8.12830516e+07  2.65249647e-08 
 8.31763771e+07  2.64721436e-08 
 8.51138038e+07  2.64203165e-08 
 8.70963590e+07  2.63694714e-08 
 8.91250938e+07  2.63195969e-08 
 9.12010839e+07  2.62706819e-08 
 9.33254301e+07  2.62227155e-08 
 9.54992586e+07  2.61756871e-08 
 9.77237221e+07  2.61295865e-08 
 1.00000000e+08  2.60844036e-08 
 1.02329299e+08  2.60401289e-08 
 1.04712855e+08  2.59967530e-08 
 1.07151931e+08  2.59542669e-08 
 1.09647820e+08  2.59126621e-08 
 1.12201845e+08  2.58719301e-08 
 1.14815362e+08  2.58320631e-08 
 1.17489755e+08  2.57930535e-08 
 1.20226443e+08  2.57548939e-08 
 1.23026877e+08  2.57175776e-08 
 1.25892541e+08  2.56810980e-08 
 1.28824955e+08  2.56454490e-08 
 1.31825674e+08  2.56106250e-08 
 1.34896288e+08  2.55766206e-08 
 1.38038426e+08  2.55434309e-08 
 1.41253754e+08  2.55110516e-08 
 1.44543977e+08  2.54794784e-08 
 1.47910839e+08  2.54487080e-08 
 1.51356125e+08  2.54187370e-08 
 1.54881662e+08  2.53895629e-08 
 1.58489319e+08  2.53611835e-08 
 1.62181010e+08  2.53335971e-08 
 1.65958691e+08  2.53068024e-08 
 1.69824365e+08  2.52807988e-08 
 1.73780083e+08  2.52555862e-08 
 1.77827941e+08  2.52311649e-08 
 1.81970086e+08  2.52075360e-08 
 1.86208714e+08  2.51847009e-08 
 1.90546072e+08  2.51626617e-08 
 1.94984460e+08  2.51414213e-08 
 1.99526231e+08  2.51209829e-08 
 2.04173794e+08  2.51013505e-08 
 2.08929613e+08  2.50825288e-08 
 2.13796209e+08  2.50645232e-08 
 2.18776162e+08  2.50473396e-08 
 2.23872114e+08  2.50309849e-08 
 2.29086765e+08  2.50154664e-08 
 2.34422882e+08  2.50007924e-08 
 2.39883292e+08  2.49869720e-08 
 2.45470892e+08  2.49740150e-08 
 2.51188643e+08  2.49619319e-08 
 2.57039578e+08  2.49507343e-08 
 2.63026799e+08  2.49404345e-08 
 2.69153480e+08  2.49310457e-08 
 2.75422870e+08  2.49225822e-08 
 2.81838293e+08  2.49150588e-08 
 2.88403150e+08  2.49084918e-08 
 2.95120923e+08  2.49028981e-08 
 3.01995172e+08  2.48982956e-08 
 3.09029543e+08  2.48947035e-08 
 3.16227766e+08  2.48921419e-08 
 3.23593657e+08  2.48906318e-08 
 3.31131121e+08  2.48901956e-08 
 3.38844156e+08  2.48908566e-08 
 3.46736850e+08  2.48926392e-08 
 3.54813389e+08  2.48955693e-08 
 3.63078055e+08  2.48996734e-08 
 3.71535229e+08  2.49049798e-08 
 3.80189396e+08  2.49115175e-08 
 3.89045145e+08  2.49193170e-08 
 3.98107171e+08  2.49284099e-08 
 4.07380278e+08  2.49388291e-08 
 4.16869383e+08  2.49506087e-08 
 4.26579519e+08  2.49637841e-08 
 4.36515832e+08  2.49783918e-08 
 4.46683592e+08  2.49944697e-08 
 4.57088190e+08  2.50120567e-08 
 4.67735141e+08  2.50311932e-08 
 4.78630092e+08  2.50519206e-08 
 4.89778819e+08  2.50742815e-08 
 5.01187234e+08  2.50983197e-08 
 5.12861384e+08  2.51240799e-08 
 5.24807460e+08  2.51516082e-08 
 5.37031796e+08  2.51809513e-08 
 5.49540874e+08  2.52121571e-08 
 5.62341325e+08  2.52452744e-08 
 5.75439937e+08  2.52803527e-08 
 5.88843655e+08  2.53174422e-08 
 6.02559586e+08  2.53565937e-08 
 6.16595002e+08  2.53978587e-08 
 6.30957344e+08  2.54412888e-08 
 6.45654229e+08  2.54869361e-08 
 6.60693448e+08  2.55348526e-08 
 6.76082975e+08  2.55850905e-08 
 6.91830971e+08  2.56377017e-08 
 7.07945784e+08  2.56927375e-08 
 7.24435960e+08  2.57502489e-08 
 7.41310241e+08  2.58102860e-08 
 7.58577575e+08  2.58728979e-08 
 7.76247117e+08  2.59381323e-08 
 7.94328235e+08  2.60060356e-08 
 8.12830516e+08  2.60766522e-08 
 8.31763771e+08  2.61500247e-08 
 8.51138038e+08  2.62261932e-08 
 8.70963590e+08  2.63051952e-08 
 8.91250938e+08  2.63870650e-08 
 9.12010839e+08  2.64718340e-08 
 9.33254301e+08  2.65595298e-08 
 9.54992586e+08  2.66501759e-08 
 9.77237221e+08  2.67437916e-08 
 1.00000000e+09  2.68403916e-08 
