 1.00000000e+00  2.65603678e-05 
 1.02329299e+00  2.63015239e-05 
 1.04712855e+00  2.60452136e-05 
 1.07151931e+00  2.57914119e-05 
 1.09647820e+00  2.55400940e-05 
 1.12201845e+00  2.52912356e-05 
 1.14815362e+00  2.50448124e-05 
 1.17489755e+00  2.48008005e-05 
 1.20226443e+00  2.45591761e-05 
 1.23026877e+00  2.43199158e-05 
 1.25892541e+00  2.40829963e-05 
 1.28824955e+00  2.38483945e-05 
 1.31825674e+00  2.36160877e-05 
 1.34896288e+00  2.33860533e-05 
 1.38038426e+00  2.31582690e-05 
 1.41253754e+00  2.29327125e-05 
 1.44543977e+00  2.27093621e-05 
 1.47910839e+00  2.24881960e-05 
 1.51356125e+00  2.22691927e-05 
 1.54881662e+00  2.20523309e-05 
 1.58489319e+00  2.18375897e-05 
 1.62181010e+00  2.16249482e-05 
 1.65958691e+00  2.14143856e-05 
 1.69824365e+00  2.12058817e-05 
 1.73780083e+00  2.09994161e-05 
 1.77827941e+00  2.07949689e-05 
 1.81970086e+00  2.05925201e-05 
 1.86208714e+00  2.03920502e-05 
 1.90546072e+00  2.01935397e-05 
 1.94984460e+00  1.99969693e-05 
 1.99526231e+00  1.98023201e-05 
 2.04173794e+00  1.96095730e-05 
 2.08929613e+00  1.94187095e-05 
 2.13796209e+00  1.92297110e-05 
 2.18776162e+00  1.90425592e-05 
 2.23872114e+00  1.88572360e-05 
 2.29086765e+00  1.86737235e-05 
 2.34422882e+00  1.84920037e-05 
 2.39883292e+00  1.83120592e-05 
 2.45470892e+00  1.81338725e-05 
 2.51188643e+00  1.79574263e-05 
 2.57039578e+00  1.77827036e-05 
 2.63026799e+00  1.76096874e-05 
 2.69153480e+00  1.74383610e-05 
 2.75422870e+00  1.72687078e-05 
 2.81838293e+00  1.71007114e-05 
 2.88403150e+00  1.69343555e-05 
 2.95120923e+00  1.67696240e-05 
 3.01995172e+00  1.66065010e-05 
 3.09029543e+00  1.64449707e-05 
 3.16227766e+00  1.62850174e-05 
 3.23593657e+00  1.61266257e-05 
 3.31131121e+00  1.59697803e-05 
 3.38844156e+00  1.58144660e-05 
 3.46736850e+00  1.56606678e-05 
 3.54813389e+00  1.55083708e-05 
 3.63078055e+00  1.53575602e-05 
 3.71535229e+00  1.52082216e-05 
 3.80189396e+00  1.50603405e-05 
 3.89045145e+00  1.49139025e-05 
 3.98107171e+00  1.47688936e-05 
 4.07380278e+00  1.46252997e-05 
 4.16869383e+00  1.44831069e-05 
 4.26579519e+00  1.43423015e-05 
 4.36515832e+00  1.42028700e-05 
 4.46683592e+00  1.40647988e-05 
 4.57088190e+00  1.39280745e-05 
 4.67735141e+00  1.37926841e-05 
 4.78630092e+00  1.36586145e-05 
 4.89778819e+00  1.35258526e-05 
 5.01187234e+00  1.33943856e-05 
 5.12861384e+00  1.32642010e-05 
 5.24807460e+00  1.31352861e-05 
 5.37031796e+00  1.30076284e-05 
 5.49540874e+00  1.28812157e-05 
 5.62341325e+00  1.27560358e-05 
 5.75439937e+00  1.26320765e-05 
 5.88843655e+00  1.25093260e-05 
 6.02559586e+00  1.23877724e-05 
 6.16595002e+00  1.22674039e-05 
 6.30957344e+00  1.21482090e-05 
 6.45654229e+00  1.20301761e-05 
 6.60693448e+00  1.19132940e-05 
 6.76082975e+00  1.17975512e-05 
 6.91830971e+00  1.16829367e-05 
 7.07945784e+00  1.15694394e-05 
 7.24435960e+00  1.14570484e-05 
 7.41310241e+00  1.13457529e-05 
 7.58577575e+00  1.12355420e-05 
 7.76247117e+00  1.11264053e-05 
 7.94328235e+00  1.10183321e-05 
 8.12830516e+00  1.09113122e-05 
 8.31763771e+00  1.08053351e-05 
 8.51138038e+00  1.07003906e-05 
 8.70963590e+00  1.05964687e-05 
 8.91250938e+00  1.04935594e-05 
 9.12010839e+00  1.03916527e-05 
 9.33254301e+00  1.02907389e-05 
 9.54992586e+00  1.01908081e-05 
 9.77237221e+00  1.00918509e-05 
 1.00000000e+01  9.99385767e-06 
 1.02329299e+01  9.89681897e-06 
 1.04712855e+01  9.80072548e-06 
 1.07151931e+01  9.70556795e-06 
 1.09647820e+01  9.61133724e-06 
 1.12201845e+01  9.51802428e-06 
 1.14815362e+01  9.42562008e-06 
 1.17489755e+01  9.33411577e-06 
 1.20226443e+01  9.24350255e-06 
 1.23026877e+01  9.15377170e-06 
 1.25892541e+01  9.06491459e-06 
 1.28824955e+01  8.97692268e-06 
 1.31825674e+01  8.88978752e-06 
 1.34896288e+01  8.80350073e-06 
 1.38038426e+01  8.71805401e-06 
 1.41253754e+01  8.63343915e-06 
 1.44543977e+01  8.54964803e-06 
 1.47910839e+01  8.46667258e-06 
 1.51356125e+01  8.38450485e-06 
 1.54881662e+01  8.30313693e-06 
 1.58489319e+01  8.22256101e-06 
 1.62181010e+01  8.14276935e-06 
 1.65958691e+01  8.06375428e-06 
 1.69824365e+01  7.98550822e-06 
 1.73780083e+01  7.90802366e-06 
 1.77827941e+01  7.83129315e-06 
 1.81970086e+01  7.75530934e-06 
 1.86208714e+01  7.68006491e-06 
 1.90546072e+01  7.60555266e-06 
 1.94984460e+01  7.53176542e-06 
 1.99526231e+01  7.45869613e-06 
 2.04173794e+01  7.38633776e-06 
 2.08929613e+01  7.31468337e-06 
 2.13796209e+01  7.24372609e-06 
 2.18776162e+01  7.17345911e-06 
 2.23872114e+01  7.10387569e-06 
 2.29086765e+01  7.03496915e-06 
 2.34422882e+01  6.96673289e-06 
 2.39883292e+01  6.89916036e-06 
 2.45470892e+01  6.83224509e-06 
 2.51188643e+01  6.76598064e-06 
 2.57039578e+01  6.70036068e-06 
 2.63026799e+01  6.63537891e-06 
 2.69153480e+01  6.57102910e-06 
 2.75422870e+01  6.50730508e-06 
 2.81838293e+01  6.44420074e-06 
 2.88403150e+01  6.38171004e-06 
 2.95120923e+01  6.31982699e-06 
 3.01995172e+01  6.25854566e-06 
 3.09029543e+01  6.19786017e-06 
 3.16227766e+01  6.13776471e-06 
 3.23593657e+01  6.07825353e-06 
 3.31131121e+01  6.01932092e-06 
 3.38844156e+01  5.96096124e-06 
 3.46736850e+01  5.90316890e-06 
 3.54813389e+01  5.84593837e-06 
 3.63078055e+01  5.78926415e-06 
 3.71535229e+01  5.73314084e-06 
 3.80189396e+01  5.67756305e-06 
 3.89045145e+01  5.62252546e-06 
 3.98107171e+01  5.56802281e-06 
 4.07380278e+01  5.51404987e-06 
 4.16869383e+01  5.46060148e-06 
 4.26579519e+01  5.40767253e-06 
 4.36515832e+01  5.35525795e-06 
 4.46683592e+01  5.30335273e-06 
 4.57088190e+01  5.25195189e-06 
 4.67735141e+01  5.20105052e-06 
 4.78630092e+01  5.15064375e-06 
 4.89778819e+01  5.10072676e-06 
 5.01187234e+01  5.05129477e-06 
 5.12861384e+01  5.00234306e-06 
 5.24807460e+01  4.95386694e-06 
 5.37031796e+01  4.90586178e-06 
 5.49540874e+01  4.85832299e-06 
 5.62341325e+01  4.81124601e-06 
 5.75439937e+01  4.76462636e-06 
 5.88843655e+01  4.71845957e-06 
 6.02559586e+01  4.67274123e-06 
 6.16595002e+01  4.62746697e-06 
 6.30957344e+01  4.58263247e-06 
 6.45654229e+01  4.53823343e-06 
 6.60693448e+01  4.49426561e-06 
 6.76082975e+01  4.45072482e-06 
 6.91830971e+01  4.40760689e-06 
 7.07945784e+01  4.36490770e-06 
 7.24435960e+01  4.32262318e-06 
 7.41310241e+01  4.28074927e-06 
 7.58577575e+01  4.23928200e-06 
 7.76247117e+01  4.19821738e-06 
 7.94328235e+01  4.15755150e-06 
 8.12830516e+01  4.11728048e-06 
 8.31763771e+01  4.07740048e-06 
 8.51138038e+01  4.03790767e-06 
 8.70963590e+01  3.99879830e-06 
 8.91250938e+01  3.96006862e-06 
 9.12010839e+01  3.92171494e-06 
 9.33254301e+01  3.88373361e-06 
 9.54992586e+01  3.84612098e-06 
 9.77237221e+01  3.80887348e-06 
 1.00000000e+02  3.77198755e-06 
 1.02329299e+02  3.73545966e-06 
 1.04712855e+02  3.69928634e-06 
 1.07151931e+02  3.66346413e-06 
 1.09647820e+02  3.62798961e-06 
 1.12201845e+02  3.59285939e-06 
 1.14815362e+02  3.55807014e-06 
 1.17489755e+02  3.52361852e-06 
 1.20226443e+02  3.48950125e-06 
 1.23026877e+02  3.45571508e-06 
 1.25892541e+02  3.42225678e-06 
 1.28824955e+02  3.38912317e-06 
 1.31825674e+02  3.35631107e-06 
 1.34896288e+02  3.32381738e-06 
 1.38038426e+02  3.29163898e-06 
 1.41253754e+02  3.25977281e-06 
 1.44543977e+02  3.22821583e-06 
 1.47910839e+02  3.19696503e-06 
 1.51356125e+02  3.16601744e-06 
 1.54881662e+02  3.13537010e-06 
 1.58489319e+02  3.10502009e-06 
 1.62181010e+02  3.07496452e-06 
 1.65958691e+02  3.04520052e-06 
 1.69824365e+02  3.01572527e-06 
 1.73780083e+02  2.98653594e-06 
 1.77827941e+02  2.95762976e-06 
 1.81970086e+02  2.92900398e-06 
 1.86208714e+02  2.90065587e-06 
 1.90546072e+02  2.87258272e-06 
 1.94984460e+02  2.84478187e-06 
 1.99526231e+02  2.81725066e-06 
 2.04173794e+02  2.78998648e-06 
 2.08929613e+02  2.76298672e-06 
 2.13796209e+02  2.73624881e-06 
 2.18776162e+02  2.70977022e-06 
 2.23872114e+02  2.68354841e-06 
 2.29086765e+02  2.65758090e-06 
 2.34422882e+02  2.63186520e-06 
 2.39883292e+02  2.60639887e-06 
 2.45470892e+02  2.58117949e-06 
 2.51188643e+02  2.55620465e-06 
 2.57039578e+02  2.53147199e-06 
 2.63026799e+02  2.50697913e-06 
 2.69153480e+02  2.48272376e-06 
 2.75422870e+02  2.45870357e-06 
 2.81838293e+02  2.43491626e-06 
 2.88403150e+02  2.41135958e-06 
 2.95120923e+02  2.38803128e-06 
 3.01995172e+02  2.36492915e-06 
 3.09029543e+02  2.34205098e-06 
 3.16227766e+02  2.31939460e-06 
 3.23593657e+02  2.29695786e-06 
 3.31131121e+02  2.27473862e-06 
 3.38844156e+02  2.25273477e-06 
 3.46736850e+02  2.23094421e-06 
 3.54813389e+02  2.20936487e-06 
 3.63078055e+02  2.18799470e-06 
 3.71535229e+02  2.16683167e-06 
 3.80189396e+02  2.14587377e-06 
 3.89045145e+02  2.12511899e-06 
 3.98107171e+02  2.10456538e-06 
 4.07380278e+02  2.08421097e-06 
 4.16869383e+02  2.06405383e-06 
 4.26579519e+02  2.04409205e-06 
 4.36515832e+02  2.02432372e-06 
 4.46683592e+02  2.00474697e-06 
 4.57088190e+02  1.98535994e-06 
 4.67735141e+02  1.96616078e-06 
 4.78630092e+02  1.94714767e-06 
 4.89778819e+02  1.92831880e-06 
 5.01187234e+02  1.90967239e-06 
 5.12861384e+02  1.89120666e-06 
 5.24807460e+02  1.87291986e-06 
 5.37031796e+02  1.85481024e-06 
 5.49540874e+02  1.83687610e-06 
 5.62341325e+02  1.81911572e-06 
 5.75439937e+02  1.80152743e-06 
 5.88843655e+02  1.78410954e-06 
 6.02559586e+02  1.76686040e-06 
 6.16595002e+02  1.74977838e-06 
 6.30957344e+02  1.73286185e-06 
 6.45654229e+02  1.71610921e-06 
 6.60693448e+02  1.69951887e-06 
 6.76082975e+02  1.68308925e-06 
 6.91830971e+02  1.66681878e-06 
 7.07945784e+02  1.65070594e-06 
 7.24435960e+02  1.63474918e-06 
 7.41310241e+02  1.61894699e-06 
 7.58577575e+02  1.60329787e-06 
 7.76247117e+02  1.58780034e-06 
 7.94328235e+02  1.57245292e-06 
 8.12830516e+02  1.55725416e-06 
 8.31763771e+02  1.54220261e-06 
 8.51138038e+02  1.52729685e-06 
 8.70963590e+02  1.51253547e-06 
 8.91250938e+02  1.49791706e-06 
 9.12010839e+02  1.48344023e-06 
 9.33254301e+02  1.46910361e-06 
 9.54992586e+02  1.45490584e-06 
 9.77237221e+02  1.44084557e-06 
 1.00000000e+03  1.42692148e-06 
 1.02329299e+03  1.41313223e-06 
 1.04712855e+03  1.39947652e-06 
 1.07151931e+03  1.38595306e-06 
 1.09647820e+03  1.37256056e-06 
 1.12201845e+03  1.35929776e-06 
 1.14815362e+03  1.34616338e-06 
 1.17489755e+03  1.33315620e-06 
 1.20226443e+03  1.32027497e-06 
 1.23026877e+03  1.30751848e-06 
 1.25892541e+03  1.29488550e-06 
 1.28824955e+03  1.28237486e-06 
 1.31825674e+03  1.26998535e-06 
 1.34896288e+03  1.25771581e-06 
 1.38038426e+03  1.24556507e-06 
 1.41253754e+03  1.23353198e-06 
 1.44543977e+03  1.22161541e-06 
 1.47910839e+03  1.20981421e-06 
 1.51356125e+03  1.19812727e-06 
 1.54881662e+03  1.18655348e-06 
 1.58489319e+03  1.17509175e-06 
 1.62181010e+03  1.16374100e-06 
 1.65958691e+03  1.15250013e-06 
 1.69824365e+03  1.14136810e-06 
 1.73780083e+03  1.13034384e-06 
 1.77827941e+03  1.11942631e-06 
 1.81970086e+03  1.10861447e-06 
 1.86208714e+03  1.09790731e-06 
 1.90546072e+03  1.08730380e-06 
 1.94984460e+03  1.07680294e-06 
 1.99526231e+03  1.06640374e-06 
 2.04173794e+03  1.05610521e-06 
 2.08929613e+03  1.04590638e-06 
 2.13796209e+03  1.03580628e-06 
 2.18776162e+03  1.02580395e-06 
 2.23872114e+03  1.01589845e-06 
 2.29086765e+03  1.00608884e-06 
 2.34422882e+03  9.96374186e-07 
 2.39883292e+03  9.86753571e-07 
 2.45470892e+03  9.77226084e-07 
 2.51188643e+03  9.67790823e-07 
 2.57039578e+03  9.58446894e-07 
 2.63026799e+03  9.49193413e-07 
 2.69153480e+03  9.40029503e-07 
 2.75422870e+03  9.30954298e-07 
 2.81838293e+03  9.21966937e-07 
 2.88403150e+03  9.13066571e-07 
 2.95120923e+03  9.04252356e-07 
 3.01995172e+03  8.95523457e-07 
 3.09029543e+03  8.86879050e-07 
 3.16227766e+03  8.78318316e-07 
 3.23593657e+03  8.69840443e-07 
 3.31131121e+03  8.61444631e-07 
 3.38844156e+03  8.53130084e-07 
 3.46736850e+03  8.44896016e-07 
 3.54813389e+03  8.36741647e-07 
 3.63078055e+03  8.28666206e-07 
 3.71535229e+03  8.20668929e-07 
 3.80189396e+03  8.12749058e-07 
 3.89045145e+03  8.04905845e-07 
 3.98107171e+03  7.97138547e-07 
 4.07380278e+03  7.89446430e-07 
 4.16869383e+03  7.81828766e-07 
 4.26579519e+03  7.74284835e-07 
 4.36515832e+03  7.66813921e-07 
 4.46683592e+03  7.59415320e-07 
 4.57088190e+03  7.52088331e-07 
 4.67735141e+03  7.44832261e-07 
 4.78630092e+03  7.37646424e-07 
 4.89778819e+03  7.30530140e-07 
 5.01187234e+03  7.23482736e-07 
 5.12861384e+03  7.16503546e-07 
 5.24807460e+03  7.09591910e-07 
 5.37031796e+03  7.02747173e-07 
 5.49540874e+03  6.95968690e-07 
 5.62341325e+03  6.89255818e-07 
 5.75439937e+03  6.82607924e-07 
 5.88843655e+03  6.76024378e-07 
 6.02559586e+03  6.69504558e-07 
 6.16595002e+03  6.63047849e-07 
 6.30957344e+03  6.56653638e-07 
 6.45654229e+03  6.50321323e-07 
 6.60693448e+03  6.44050304e-07 
 6.76082975e+03  6.37839989e-07 
 6.91830971e+03  6.31689790e-07 
 7.07945784e+03  6.25599126e-07 
 7.24435960e+03  6.19567422e-07 
 7.41310241e+03  6.13594107e-07 
 7.58577575e+03  6.07678618e-07 
 7.76247117e+03  6.01820394e-07 
 7.94328235e+03  5.96018883e-07 
 8.12830516e+03  5.90273536e-07 
 8.31763771e+03  5.84583809e-07 
 8.51138038e+03  5.78949167e-07 
 8.70963590e+03  5.73369075e-07 
 8.91250938e+03  5.67843008e-07 
 9.12010839e+03  5.62370442e-07 
 9.33254301e+03  5.56950861e-07 
 9.54992586e+03  5.51583752e-07 
 9.77237221e+03  5.46268610e-07 
 1.00000000e+04  5.41004930e-07 
 1.02329299e+04  5.35792218e-07 
 1.04712855e+04  5.30629979e-07 
 1.07151931e+04  5.25517726e-07 
 1.09647820e+04  5.20454977e-07 
 1.12201845e+04  5.15441253e-07 
 1.14815362e+04  5.10476081e-07 
 1.17489755e+04  5.05558992e-07 
 1.20226443e+04  5.00689521e-07 
 1.23026877e+04  4.95867209e-07 
 1.25892541e+04  4.91091599e-07 
 1.28824955e+04  4.86362242e-07 
 1.31825674e+04  4.81678691e-07 
 1.34896288e+04  4.77040503e-07 
 1.38038426e+04  4.72447240e-07 
 1.41253754e+04  4.67898469e-07 
 1.44543977e+04  4.63393760e-07 
 1.47910839e+04  4.58932688e-07 
 1.51356125e+04  4.54514832e-07 
 1.54881662e+04  4.50139774e-07 
 1.58489319e+04  4.45807102e-07 
 1.62181010e+04  4.41516407e-07 
 1.65958691e+04  4.37267283e-07 
 1.69824365e+04  4.33059330e-07 
 1.73780083e+04  4.28892150e-07 
 1.77827941e+04  4.24765350e-07 
 1.81970086e+04  4.20678541e-07 
 1.86208714e+04  4.16631336e-07 
 1.90546072e+04  4.12623354e-07 
 1.94984460e+04  4.08654217e-07 
 1.99526231e+04  4.04723549e-07 
 2.04173794e+04  4.00830980e-07 
 2.08929613e+04  3.96976143e-07 
 2.13796209e+04  3.93158674e-07 
 2.18776162e+04  3.89378213e-07 
 2.23872114e+04  3.85634402e-07 
 2.29086765e+04  3.81926889e-07 
 2.34422882e+04  3.78255324e-07 
 2.39883292e+04  3.74619361e-07 
 2.45470892e+04  3.71018655e-07 
 2.51188643e+04  3.67452869e-07 
 2.57039578e+04  3.63921664e-07 
 2.63026799e+04  3.60424709e-07 
 2.69153480e+04  3.56961673e-07 
 2.75422870e+04  3.53532230e-07 
 2.81838293e+04  3.50136055e-07 
 2.88403150e+04  3.46772830e-07 
 2.95120923e+04  3.43442235e-07 
 3.01995172e+04  3.40143958e-07 
 3.09029543e+04  3.36877687e-07 
 3.16227766e+04  3.33643115e-07 
 3.23593657e+04  3.30439935e-07 
 3.31131121e+04  3.27267846e-07 
 3.38844156e+04  3.24126549e-07 
 3.46736850e+04  3.21015747e-07 
 3.54813389e+04  3.17935148e-07 
 3.63078055e+04  3.14884460e-07 
 3.71535229e+04  3.11863396e-07 
 3.80189396e+04  3.08871672e-07 
 3.89045145e+04  3.05909004e-07 
 3.98107171e+04  3.02975114e-07 
 4.07380278e+04  3.00069724e-07 
 4.16869383e+04  2.97192562e-07 
 4.26579519e+04  2.94343355e-07 
 4.36515832e+04  2.91521836e-07 
 4.46683592e+04  2.88727737e-07 
 4.57088190e+04  2.85960796e-07 
 4.67735141e+04  2.83220752e-07 
 4.78630092e+04  2.80507346e-07 
 4.89778819e+04  2.77820323e-07 
 5.01187234e+04  2.75159430e-07 
 5.12861384e+04  2.72524414e-07 
 5.24807460e+04  2.69915029e-07 
 5.37031796e+04  2.67331028e-07 
 5.49540874e+04  2.64772167e-07 
 5.62341325e+04  2.62238206e-07 
 5.75439937e+04  2.59728905e-07 
 5.88843655e+04  2.57244028e-07 
 6.02559586e+04  2.54783341e-07 
 6.16595002e+04  2.52346611e-07 
 6.30957344e+04  2.49933610e-07 
 6.45654229e+04  2.47544109e-07 
 6.60693448e+04  2.45177884e-07 
 6.76082975e+04  2.42834711e-07 
 6.91830971e+04  2.40514370e-07 
 7.07945784e+04  2.38216642e-07 
 7.24435960e+04  2.35941310e-07 
 7.41310241e+04  2.33688160e-07 
 7.58577575e+04  2.31456980e-07 
 7.76247117e+04  2.29247559e-07 
 7.94328235e+04  2.27059689e-07 
 8.12830516e+04  2.24893165e-07 
 8.31763771e+04  2.22747781e-07 
 8.51138038e+04  2.20623335e-07 
 8.70963590e+04  2.18519628e-07 
 8.91250938e+04  2.16436462e-07 
 9.12010839e+04  2.14373639e-07 
 9.33254301e+04  2.12330965e-07 
 9.54992586e+04  2.10308249e-07 
 9.77237221e+04  2.08305299e-07 
 1.00000000e+05  2.06321927e-07 
 1.02329299e+05  2.04357946e-07 
 1.04712855e+05  2.02413170e-07 
 1.07151931e+05  2.00487417e-07 
 1.09647820e+05  1.98580505e-07 
 1.12201845e+05  1.96692254e-07 
 1.14815362e+05  1.94822487e-07 
 1.17489755e+05  1.92971027e-07 
 1.20226443e+05  1.91137699e-07 
 1.23026877e+05  1.89322332e-07 
 1.25892541e+05  1.87524754e-07 
 1.28824955e+05  1.85744795e-07 
 1.31825674e+05  1.83982288e-07 
 1.34896288e+05  1.82237068e-07 
 1.38038426e+05  1.80508968e-07 
 1.41253754e+05  1.78797827e-07 
 1.44543977e+05  1.77103483e-07 
 1.47910839e+05  1.75425777e-07 
 1.51356125e+05  1.73764550e-07 
 1.54881662e+05  1.72119647e-07 
 1.58489319e+05  1.70490911e-07 
 1.62181010e+05  1.68878190e-07 
 1.65958691e+05  1.67281331e-07 
 1.69824365e+05  1.65700184e-07 
 1.73780083e+05  1.64134601e-07 
 1.77827941e+05  1.62584432e-07 
 1.81970086e+05  1.61049534e-07 
 1.86208714e+05  1.59529759e-07 
 1.90546072e+05  1.58024967e-07 
 1.94984460e+05  1.56535014e-07 
 1.99526231e+05  1.55059760e-07 
 2.04173794e+05  1.53599066e-07 
 2.08929613e+05  1.52152795e-07 
 2.13796209e+05  1.50720809e-07 
 2.18776162e+05  1.49302975e-07 
 2.23872114e+05  1.47899159e-07 
 2.29086765e+05  1.46509227e-07 
 2.34422882e+05  1.45133049e-07 
 2.39883292e+05  1.43770496e-07 
 2.45470892e+05  1.42421438e-07 
 2.51188643e+05  1.41085749e-07 
 2.57039578e+05  1.39763303e-07 
 2.63026799e+05  1.38453975e-07 
 2.69153480e+05  1.37157640e-07 
 2.75422870e+05  1.35874178e-07 
 2.81838293e+05  1.34603467e-07 
 2.88403150e+05  1.33345387e-07 
 2.95120923e+05  1.32099820e-07 
 3.01995172e+05  1.30866647e-07 
 3.09029543e+05  1.29645753e-07 
 3.16227766e+05  1.28437023e-07 
 3.23593657e+05  1.27240341e-07 
 3.31131121e+05  1.26055596e-07 
 3.38844156e+05  1.24882675e-07 
 3.46736850e+05  1.23721468e-07 
 3.54813389e+05  1.22571865e-07 
 3.63078055e+05  1.21433757e-07 
 3.71535229e+05  1.20307038e-07 
 3.80189396e+05  1.19191600e-07 
 3.89045145e+05  1.18087338e-07 
 3.98107171e+05  1.16994148e-07 
 4.07380278e+05  1.15911926e-07 
 4.16869383e+05  1.14840570e-07 
 4.26579519e+05  1.13779980e-07 
 4.36515832e+05  1.12730054e-07 
 4.46683592e+05  1.11690694e-07 
 4.57088190e+05  1.10661800e-07 
 4.67735141e+05  1.09643276e-07 
 4.78630092e+05  1.08635026e-07 
 4.89778819e+05  1.07636953e-07 
 5.01187234e+05  1.06648964e-07 
 5.12861384e+05  1.05670965e-07 
 5.24807460e+05  1.04702863e-07 
 5.37031796e+05  1.03744567e-07 
 5.49540874e+05  1.02795985e-07 
 5.62341325e+05  1.01857028e-07 
 5.75439937e+05  1.00927607e-07 
 5.88843655e+05  1.00007633e-07 
 6.02559586e+05  9.90970199e-08 
 6.16595002e+05  9.81956807e-08 
 6.30957344e+05  9.73035298e-08 
 6.45654229e+05  9.64204827e-08 
 6.60693448e+05  9.55464553e-08 
 6.76082975e+05  9.46813647e-08 
 6.91830971e+05  9.38251286e-08 
 7.07945784e+05  9.29776655e-08 
 7.24435960e+05  9.21388949e-08 
 7.41310241e+05  9.13087370e-08 
 7.58577575e+05  9.04871126e-08 
 7.76247117e+05  8.96739435e-08 
 7.94328235e+05  8.88691523e-08 
 8.12830516e+05  8.80726621e-08 
 8.31763771e+05  8.72843969e-08 
 8.51138038e+05  8.65042817e-08 
 8.70963590e+05  8.57322418e-08 
 8.91250938e+05  8.49682036e-08 
 9.12010839e+05  8.42120939e-08 
 9.33254301e+05  8.34638404e-08 
 9.54992586e+05  8.27233715e-08 
 9.77237221e+05  8.19906162e-08 
 1.00000000e+06  8.12655045e-08 
 1.02329299e+06  8.05479666e-08 
 1.04712855e+06  7.98379337e-08 
 1.07151931e+06  7.91353377e-08 
 1.09647820e+06  7.84401109e-08 
 1.12201845e+06  7.77521866e-08 
 1.14815362e+06  7.70714984e-08 
 1.17489755e+06  7.63979808e-08 
 1.20226443e+06  7.57315689e-08 
 1.23026877e+06  7.50721983e-08 
 1.25892541e+06  7.44198054e-08 
 1.28824955e+06  7.37743270e-08 
 1.31825674e+06  7.31357007e-08 
 1.34896288e+06  7.25038645e-08 
 1.38038426e+06  7.18787573e-08 
 1.41253754e+06  7.12603182e-08 
 1.44543977e+06  7.06484870e-08 
 1.47910839e+06  7.00432045e-08 
 1.51356125e+06  6.94444116e-08 
 1.54881662e+06  6.88520498e-08 
 1.58489319e+06  6.82660612e-08 
 1.62181010e+06  6.76863886e-08 
 1.65958691e+06  6.71129751e-08 
 1.69824365e+06  6.65457646e-08 
 1.73780083e+06  6.59847013e-08 
 1.77827941e+06  6.54297301e-08 
 1.81970086e+06  6.48807962e-08 
 1.86208714e+06  6.43378455e-08 
 1.90546072e+06  6.38008243e-08 
 1.94984460e+06  6.32696796e-08 
 1.99526231e+06  6.27443586e-08 
 2.04173794e+06  6.22248089e-08 
 2.08929613e+06  6.17109793e-08 
 2.13796209e+06  6.12028182e-08 
 2.18776162e+06  6.07002750e-08 
 2.23872114e+06  6.02032991e-08 
 2.29086765e+06  5.97118411e-08 
 2.34422882e+06  5.92258514e-08 
 2.39883292e+06  5.87452809e-08 
 2.45470892e+06  5.82700813e-08 
 2.51188643e+06  5.78002044e-08 
 2.57039578e+06  5.73356027e-08 
 2.63026799e+06  5.68762288e-08 
 2.69153480e+06  5.64220360e-08 
 2.75422870e+06  5.59729778e-08 
 2.81838293e+06  5.55290084e-08 
 2.88403150e+06  5.50900819e-08 
 2.95120923e+06  5.46561534e-08 
 3.01995172e+06  5.42271779e-08 
 3.09029543e+06  5.38031111e-08 
 3.16227766e+06  5.33839088e-08 
 3.23593657e+06  5.29695275e-08 
 3.31131121e+06  5.25599238e-08 
 3.38844156e+06  5.21550547e-08 
 3.46736850e+06  5.17548777e-08 
 3.54813389e+06  5.13593506e-08 
 3.63078055e+06  5.09684314e-08 
 3.71535229e+06  5.05820787e-08 
 3.80189396e+06  5.02002514e-08 
 3.89045145e+06  4.98229083e-08 
 3.98107171e+06  4.94500090e-08 
 4.07380278e+06  4.90815135e-08 
 4.16869383e+06  4.87173817e-08 
 4.26579519e+06  4.83575741e-08 
 4.36515832e+06  4.80020514e-08 
 4.46683592e+06  4.76507748e-08 
 4.57088190e+06  4.73037054e-08 
 4.67735141e+06  4.69608050e-08 
 4.78630092e+06  4.66220355e-08 
 4.89778819e+06  4.62873593e-08 
 5.01187234e+06  4.59567387e-08 
 5.12861384e+06  4.56301366e-08 
 5.24807460e+06  4.53075160e-08 
 5.37031796e+06  4.49888405e-08 
 5.49540874e+06  4.46740734e-08 
 5.62341325e+06  4.43631788e-08 
 5.75439937e+06  4.40561208e-08 
 5.88843655e+06  4.37528638e-08 
 6.02559586e+06  4.34533726e-08 
 6.16595002e+06  4.31576119e-08 
 6.30957344e+06  4.28655471e-08 
 6.45654229e+06  4.25771435e-08 
 6.60693448e+06  4.22923667e-08 
 6.76082975e+06  4.20111828e-08 
 6.91830971e+06  4.17335578e-08 
 7.07945784e+06  4.14594582e-08 
 7.24435960e+06  4.11888504e-08 
 7.41310241e+06  4.09217014e-08 
 7.58577575e+06  4.06579782e-08 
 7.76247117e+06  4.03976481e-08 
 7.94328235e+06  4.01406787e-08 
 8.12830516e+06  3.98870376e-08 
 8.31763771e+06  3.96366927e-08 
 8.51138038e+06  3.93896123e-08 
 8.70963590e+06  3.91457648e-08 
 8.91250938e+06  3.89051186e-08 
 9.12010839e+06  3.86676426e-08 
 9.33254301e+06  3.84333058e-08 
 9.54992586e+06  3.82020773e-08 
 9.77237221e+06  3.79739266e-08 
 1.00000000e+07  3.77488233e-08 
 1.02329299e+07  3.75267371e-08 
 1.04712855e+07  3.73076381e-08 
 1.07151931e+07  3.70914966e-08 
 1.09647820e+07  3.68782828e-08 
 1.12201845e+07  3.66679673e-08 
 1.14815362e+07  3.64605210e-08 
 1.17489755e+07  3.62559149e-08 
 1.20226443e+07  3.60541201e-08 
 1.23026877e+07  3.58551079e-08 
 1.25892541e+07  3.56588500e-08 
 1.28824955e+07  3.54653181e-08 
 1.31825674e+07  3.52744842e-08 
 1.34896288e+07  3.50863203e-08 
 1.38038426e+07  3.49007989e-08 
 1.41253754e+07  3.47178923e-08 
 1.44543977e+07  3.45375735e-08 
 1.47910839e+07  3.43598152e-08 
 1.51356125e+07  3.41845905e-08 
 1.54881662e+07  3.40118728e-08 
 1.58489319e+07  3.38416355e-08 
 1.62181010e+07  3.36738523e-08 
 1.65958691e+07  3.35084972e-08 
 1.69824365e+07  3.33455440e-08 
 1.73780083e+07  3.31849672e-08 
 1.77827941e+07  3.30267413e-08 
 1.81970086e+07  3.28708408e-08 
 1.86208714e+07  3.27172407e-08 
 1.90546072e+07  3.25659160e-08 
 1.94984460e+07  3.24168420e-08 
 1.99526231e+07  3.22699942e-08 
 2.04173794e+07  3.21253484e-08 
 2.08929613e+07  3.19828803e-08 
 2.13796209e+07  3.18425662e-08 
 2.18776162e+07  3.17043823e-08 
 2.23872114e+07  3.15683053e-08 
 2.29086765e+07  3.14343118e-08 
 2.34422882e+07  3.13023790e-08 
 2.39883292e+07  3.11724840e-08 
 2.45470892e+07  3.10446042e-08 
 2.51188643e+07  3.09187174e-08 
 2.57039578e+07  3.07948015e-08 
 2.63026799e+07  3.06728346e-08 
 2.69153480e+07  3.05527951e-08 
 2.75422870e+07  3.04346617e-08 
 2.81838293e+07  3.03184132e-08 
 2.88403150e+07  3.02040288e-08 
 2.95120923e+07  3.00914879e-08 
 3.01995172e+07  2.99807701e-08 
 3.09029543e+07  2.98718554e-08 
 3.16227766e+07  2.97647239e-08 
 3.23593657e+07  2.96593562e-08 
 3.31131121e+07  2.95557329e-08 
 3.38844156e+07  2.94538352e-08 
 3.46736850e+07  2.93536443e-08 
 3.54813389e+07  2.92551418e-08 
 3.63078055e+07  2.91583096e-08 
 3.71535229e+07  2.90631299e-08 
 3.80189396e+07  2.89695854e-08 
 3.89045145e+07  2.88776587e-08 
 3.98107171e+07  2.87873332e-08 
 4.07380278e+07  2.86985922e-08 
 4.16869383e+07  2.86114197e-08 
 4.26579519e+07  2.85257997e-08 
 4.36515832e+07  2.84417169e-08 
 4.46683592e+07  2.83591561e-08 
 4.57088190e+07  2.82781027e-08 
 4.67735141e+07  2.81985421e-08 
 4.78630092e+07  2.81204604e-08 
 4.89778819e+07  2.80438441e-08 
 5.01187234e+07  2.79686799e-08 
 5.12861384e+07  2.78949551e-08 
 5.24807460e+07  2.78226573e-08 
 5.37031796e+07  2.77517746e-08 
 5.49540874e+07  2.76822955e-08 
 5.62341325e+07  2.76142088e-08 
 5.75439937e+07  2.75475042e-08 
 5.88843655e+07  2.74821715e-08 
 6.02559586e+07  2.74182009e-08 
 6.16595002e+07  2.73555835e-08 
 6.30957344e+07  2.72943106e-08 
 6.45654229e+07  2.72343741e-08 
 6.60693448e+07  2.71757665e-08 
 6.76082975e+07  2.71184807e-08 
 6.91830971e+07  2.70625104e-08 
 7.07945784e+07  2.70078496e-08 
 7.24435960e+07  2.69544930e-08 
 7.41310241e+07  2.69024361e-08 
 7.58577575e+07  2.68516748e-08 
 7.76247117e+07  2.68022056e-08 
 7.94328235e+07  2.67540260e-08 
 8.12830516e+07  2.67071338e-08 
 8.31763771e+07  2.66615276e-08 
 8.51138038e+07  2.66172068e-08 
 8.70963590e+07  2.65741715e-08 
 8.91250938e+07  2.65324224e-08 
 9.12010839e+07  2.64919613e-08 
 9.33254301e+07  2.64527905e-08 
 9.54992586e+07  2.64149131e-08 
 9.77237221e+07  2.63783333e-08 
 1.00000000e+08  2.63430559e-08 
 1.02329299e+08  2.63090866e-08 
 1.04712855e+08  2.62764321e-08 
 1.07151931e+08  2.62451000e-08 
 1.09647820e+08  2.62150988e-08 
 1.12201845e+08  2.61864379e-08 
 1.14815362e+08  2.61591277e-08 
 1.17489755e+08  2.61331798e-08 
 1.20226443e+08  2.61086066e-08 
 1.23026877e+08  2.60854215e-08 
 1.25892541e+08  2.60636393e-08 
 1.28824955e+08  2.60432755e-08 
 1.31825674e+08  2.60243469e-08 
 1.34896288e+08  2.60068714e-08 
 1.38038426e+08  2.59908682e-08 
 1.41253754e+08  2.59763573e-08 
 1.44543977e+08  2.59633603e-08 
 1.47910839e+08  2.59518995e-08 
 1.51356125e+08  2.59419989e-08 
 1.54881662e+08  2.59336834e-08 
 1.58489319e+08  2.59269793e-08 
 1.62181010e+08  2.59219140e-08 
 1.65958691e+08  2.59185161e-08 
 1.69824365e+08  2.59168156e-08 
 1.73780083e+08  2.59168437e-08 
 1.77827941e+08  2.59186326e-08 
 1.81970086e+08  2.59222159e-08 
 1.86208714e+08  2.59276285e-08 
 1.90546072e+08  2.59349061e-08 
 1.94984460e+08  2.59440860e-08 
 1.99526231e+08  2.59552062e-08 
 2.04173794e+08  2.59683060e-08 
 2.08929613e+08  2.59834256e-08 
 2.13796209e+08  2.60006065e-08 
 2.18776162e+08  2.60198905e-08 
 2.23872114e+08  2.60413208e-08 
 2.29086765e+08  2.60649411e-08 
 2.34422882e+08  2.60907958e-08 
 2.39883292e+08  2.61189297e-08 
 2.45470892e+08  2.61493886e-08 
 2.51188643e+08  2.61822179e-08 
 2.57039578e+08  2.62174637e-08 
 2.63026799e+08  2.62551719e-08 
 2.69153480e+08  2.62953885e-08 
 2.75422870e+08  2.63381589e-08 
 2.81838293e+08  2.63835284e-08 
 2.88403150e+08  2.64315415e-08 
 2.95120923e+08  2.64822414e-08 
 3.01995172e+08  2.65356706e-08 
 3.09029543e+08  2.65918702e-08 
 3.16227766e+08  2.66508795e-08 
 3.23593657e+08  2.67127357e-08 
 3.31131121e+08  2.67774741e-08 
 3.38844156e+08  2.68451276e-08 
 3.46736850e+08  2.69157257e-08 
 3.54813389e+08  2.69892950e-08 
 3.63078055e+08  2.70658586e-08 
 3.71535229e+08  2.71454355e-08 
 3.80189396e+08  2.72280404e-08 
 3.89045145e+08  2.73136836e-08 
 3.98107171e+08  2.74023702e-08 
 4.07380278e+08  2.74940996e-08 
 4.16869383e+08  2.75888653e-08 
 4.26579519e+08  2.76866552e-08 
 4.36515832e+08  2.77874499e-08 
 4.46683592e+08  2.78912231e-08 
 4.57088190e+08  2.79979408e-08 
 4.67735141e+08  2.81075614e-08 
 4.78630092e+08  2.82200349e-08 
 4.89778819e+08  2.83353038e-08 
 5.01187234e+08  2.84533000e-08 
 5.12861384e+08  2.85739466e-08 
 5.24807460e+08  2.86971583e-08 
 5.37031796e+08  2.88228398e-08 
 5.49540874e+08  2.89508852e-08 
 5.62341325e+08  2.90811784e-08 
 5.75439937e+08  2.92135940e-08 
 5.88843655e+08  2.93479962e-08 
 6.02559586e+08  2.94842384e-08 
 6.16595002e+08  2.96221642e-08 
 6.30957344e+08  2.97616081e-08 
 6.45654229e+08  2.99023925e-08 
 6.60693448e+08  3.00443332e-08 
 6.76082975e+08  3.01872345e-08 
 6.91830971e+08  3.03308918e-08 
 7.07945784e+08  3.04750942e-08 
 7.24435960e+08  3.06196200e-08 
 7.41310241e+08  3.07642438e-08 
 7.58577575e+08  3.09087299e-08 
 7.76247117e+08  3.10528405e-08 
 7.94328235e+08  3.11963297e-08 
 8.12830516e+08  3.13389496e-08 
 8.31763771e+08  3.14804489e-08 
 8.51138038e+08  3.16205752e-08 
 8.70963590e+08  3.17590726e-08 
 8.91250938e+08  3.18956867e-08 
 9.12010839e+08  3.20301641e-08 
 9.33254301e+08  3.21622548e-08 
 9.54992586e+08  3.22917121e-08 
 9.77237221e+08  3.24182923e-08 
 1.00000000e+09  3.25417595e-08 
