 1.00000000e+00 -4.33620201e-04 
 1.25892541e+00 -5.45895490e-04 
 1.58489319e+00 -6.87241704e-04 
 1.99526231e+00 -8.65186045e-04 
 2.51188643e+00 -1.08920470e-03 
 3.16227766e+00 -1.37122747e-03 
 3.98107171e+00 -1.72627311e-03 
 5.01187234e+00 -2.17324909e-03 
 6.30957344e+00 -2.73595850e-03 
 7.94328235e+00 -3.44436768e-03 
 1.00000000e+01 -4.33620200e-03 
 1.25892541e+01 -5.45895488e-03 
 1.58489319e+01 -6.87241701e-03 
 1.99526231e+01 -8.65186039e-03 
 2.51188643e+01 -1.08920469e-02 
 3.16227766e+01 -1.37122745e-02 
 3.98107171e+01 -1.72627306e-02 
 5.01187234e+01 -2.17324898e-02 
 6.30957344e+01 -2.73595830e-02 
 7.94328235e+01 -3.44436727e-02 
 1.00000000e+02 -4.33620118e-02 
 1.25892541e+02 -5.45895325e-02 
 1.58489319e+02 -6.87241375e-02 
 1.99526231e+02 -8.65185388e-02 
 2.51188643e+02 -1.08920339e-01 
 3.16227766e+02 -1.37122486e-01 
 3.98107171e+02 -1.72626789e-01 
 5.01187234e+02 -2.17323867e-01 
 6.30957344e+02 -2.73593771e-01 
 7.94328235e+02 -3.44432620e-01 
 1.00000000e+03 -4.33611924e-01 
 1.25892541e+03 -5.45878976e-01 
 1.58489319e+03 -6.87208756e-01 
 1.99526231e+03 -8.65120309e-01 
 2.51188643e+03 -1.08907355e+00 
 3.16227766e+03 -1.37096582e+00 
 3.98107171e+03 -1.72575116e+00 
 5.01187234e+03 -2.17220798e+00 
 6.30957344e+03 -2.73388227e+00 
 7.94328235e+03 -3.44022837e+00 
 1.00000000e+04 -4.32795341e+00 
 1.25892541e+04 -5.44252963e+00 
 1.58489319e+04 -6.83974754e+00 
 1.99526231e+04 -8.58699951e+00 
 2.51188643e+04 -1.07636393e+01 
 3.16227766e+04 -1.34591769e+01 
 3.98107171e+04 -1.67672103e+01 
 5.01187234e+04 -2.07721086e+01 
 6.30957344e+04 -2.55255315e+01 
 7.94328235e+04 -3.10130695e+01 
 1.00000000e+05 -3.71199316e+01 
 1.25892541e+05 -4.36162859e+01 
 1.58489319e+05 -5.01847195e+01 
 1.99526231e+05 -5.64903253e+01 
 2.51188643e+05 -6.22602492e+01 
 3.16227766e+05 -6.73310884e+01 
 3.98107171e+05 -7.16498953e+01 
 5.01187234e+05 -7.52450951e+01 
 6.30957344e+05 -7.81909503e+01 
 7.94328235e+05 -8.05795340e+01 
 1.00000000e+06 -8.25034202e+01 
 1.25892541e+06 -8.40469770e+01 
 1.58489319e+06 -8.52830979e+01 
 1.99526231e+06 -8.62728675e+01 
 2.51188643e+06 -8.70665918e+01 
 3.16227766e+06 -8.77053271e+01 
 3.98107171e+06 -8.82224782e+01 
 5.01187234e+06 -8.86452783e+01 
 6.30957344e+06 -8.89960888e+01 
 7.94328235e+06 -8.92935139e+01 
 1.00000000e+07 -8.95533525e+01 
 1.25892541e+07 -8.97894201e+01 
 1.58489319e+07 -9.00142736e+01 
 1.99526231e+07 -9.02398725e+01 
 2.51188643e+07 -9.04782090e+01 
 3.16227766e+07 -9.07419352e+01 
 3.98107171e+07 -9.10450177e+01 
 5.01187234e+07 -9.14034422e+01 
 6.30957344e+07 -9.18359890e+01 
 7.94328235e+07 -9.23650823e+01 
 1.00000000e+08 -9.30176861e+01 
 1.25892541e+08 -9.38261548e+01 
 1.58489319e+08 -9.48288143e+01 
 1.99526231e+08 -9.60698104e+01 
 2.51188643e+08 -9.75973379e+01 
 3.16227766e+08 -9.94587307e+01 
 3.98107171e+08 -1.01690179e+02 
 5.01187234e+08 -1.04298719e+02 
 6.30957344e+08 -1.07236347e+02 
 7.94328235e+08 -1.10373218e+02 
 1.00000000e+09 -1.13488916e+02 
