 1.00000000e+00 -4.34431252e-04 
 1.25892541e+00 -5.46916543e-04 
 1.58489319e+00 -6.88527134e-04 
 1.99526231e+00 -8.66804305e-04 
 2.51188643e+00 -1.09124197e-03 
 3.16227766e+00 -1.37379224e-03 
 3.98107171e+00 -1.72950196e-03 
 5.01187234e+00 -2.17731397e-03 
 6.30957344e+00 -2.74107589e-03 
 7.94328235e+00 -3.45081009e-03 
 1.00000000e+01 -4.34431251e-03 
 1.25892541e+01 -5.46916541e-03 
 1.58489319e+01 -6.88527130e-03 
 1.99526231e+01 -8.66804299e-03 
 2.51188643e+01 -1.09124195e-02 
 3.16227766e+01 -1.37379222e-02 
 3.98107171e+01 -1.72950191e-02 
 5.01187234e+01 -2.17731387e-02 
 6.30957344e+01 -2.74107568e-02 
 7.94328235e+01 -3.45080968e-02 
 1.00000000e+02 -4.34431169e-02 
 1.25892541e+02 -5.46916377e-02 
 1.58489319e+02 -6.88526803e-02 
 1.99526231e+02 -8.66803644e-02 
 2.51188643e+02 -1.09124065e-01 
 3.16227766e+02 -1.37378961e-01 
 3.98107171e+02 -1.72949671e-01 
 5.01187234e+02 -2.17730350e-01 
 6.30957344e+02 -2.74105499e-01 
 7.94328235e+02 -3.45076839e-01 
 1.00000000e+03 -4.34422931e-01 
 1.25892541e+03 -5.46899941e-01 
 1.58489319e+03 -6.88494009e-01 
 1.99526231e+03 -8.66738217e-01 
 2.51188643e+03 -1.09111011e+00 
 3.16227766e+03 -1.37352919e+00 
 3.98107171e+03 -1.72897722e+00 
 5.01187234e+03 -2.17626730e+00 
 6.30957344e+03 -2.73898857e+00 
 7.94328235e+03 -3.44664867e+00 
 1.00000000e+04 -4.33601990e+00 
 1.25892541e+04 -5.45265261e+00 
 1.58489319e+04 -6.85242808e+00 
 1.99526231e+04 -8.60283827e+00 
 2.51188643e+04 -1.07833347e+01 
 3.16227766e+04 -1.34835004e+01 
 3.98107171e+04 -1.67969381e+01 
 5.01187234e+04 -2.08078854e+01 
 6.30957344e+04 -2.55676515e+01 
 7.94328235e+04 -3.10612006e+01 
 1.00000000e+05 -3.71729016e+01 
 1.25892541e+05 -4.36721204e+01 
 1.58489319e+05 -5.02410536e+01 
 1.99526231e+05 -5.65450547e+01 
 2.51188643e+05 -6.23120796e+01 
 3.16227766e+05 -6.73797370e+01 
 3.98107171e+05 -7.16959775e+01 
 5.01187234e+05 -7.52898832e+01 
 6.30957344e+05 -7.82361630e+01 
 7.94328235e+05 -8.06272186e+01 
 1.00000000e+06 -8.25559258e+01 
 1.25892541e+06 -8.41070015e+01 
 1.58489319e+06 -8.53537874e+01 
 1.99526231e+06 -8.63579606e+01 
 2.51188643e+06 -8.71706067e+01 
 3.16227766e+06 -8.78337954e+01 
 3.98107171e+06 -8.83822359e+01 
 5.01187234e+06 -8.88448273e+01 
 6.30957344e+06 -8.92460468e+01 
 7.94328235e+06 -8.96071751e+01 
 1.00000000e+07 -8.99473875e+01 
 1.25892541e+07 -9.02847471e+01 
 1.58489319e+07 -9.06371397e+01 
 1.99526231e+07 -9.10231871e+01 
 2.51188643e+07 -9.14631672e+01 
 3.16227766e+07 -9.19799563e+01 
 3.98107171e+07 -9.25999760e+01 
 5.01187234e+07 -9.33540680e+01 
 6.30957344e+07 -9.42780975e+01 
 7.94328235e+07 -9.54128603e+01 
 1.00000000e+08 -9.68024724e+01 
 1.25892541e+08 -9.84898011e+01 
 1.58489319e+08 -1.00506742e+02 
 1.99526231e+08 -1.02856793e+02 
 2.51188643e+08 -1.05488988e+02 
 3.16227766e+08 -1.08268377e+02 
 3.98107171e+08 -1.10960054e+02 
 5.01187234e+08 -1.13253892e+02 
 6.30957344e+08 -1.14847906e+02 
 7.94328235e+08 -1.15569889e+02 
 1.00000000e+09 -1.15475810e+02 
